Index        TIME          {V(30)+2.0}      {V(40)+2.0}      {V(50)+2.0}      {V(60)+2.0}
0       0.00000000e+00   5.81336373e+00   7.00000000e+00   7.00000000e+00   2.02114514e+00   
1       2.50000000e-11   5.81336373e+00   7.00000000e+00   7.00000000e+00   2.02114514e+00   
2       7.50000000e-11   5.81336373e+00   7.00000000e+00   7.00000000e+00   2.02114514e+00   
3       1.75000000e-10   5.81336373e+00   7.00000000e+00   7.00000000e+00   2.02114514e+00   
4       3.75000000e-10   5.81336373e+00   7.00000000e+00   7.00000000e+00   2.02114514e+00   
5       7.75000000e-10   5.81336373e+00   7.00000000e+00   7.00000000e+00   2.02114514e+00   
6       1.27500000e-09   5.81336373e+00   7.00000000e+00   7.00000000e+00   2.02114514e+00   
7       1.77500000e-09   5.81336373e+00   7.00000000e+00   7.00000000e+00   2.02114514e+00   
8       2.27500000e-09   5.81336373e+00   7.00000000e+00   7.00000000e+00   2.02114514e+00   
9       2.77500000e-09   5.81336373e+00   7.00000000e+00   7.00000000e+00   2.02114514e+00   
10      3.27500000e-09   5.81336373e+00   7.00000000e+00   7.00000000e+00   2.02114514e+00   
11      3.77500000e-09   5.81336373e+00   7.00000000e+00   7.00000000e+00   2.02114514e+00   
12      4.27500000e-09   5.81336373e+00   7.00000000e+00   7.00000000e+00   2.02114514e+00   
13      4.77500000e-09   5.81336373e+00   7.00000000e+00   7.00000000e+00   2.02114514e+00   
14      5.00000000e-09   5.81336373e+00   7.00000000e+00   7.00000000e+00   2.02114514e+00   
15      5.01000000e-09   5.82118075e+00   7.00688356e+00   7.00627356e+00   2.02195835e+00   
16      5.01125000e-09   5.82217597e+00   7.00776151e+00   7.00707384e+00   2.02206500e+00   
17      5.01375000e-09   5.82416995e+00   7.00951330e+00   7.00867273e+00   2.02228311e+00   
18      5.01625000e-09   5.82616188e+00   7.01125231e+00   7.01026154e+00   2.02250279e+00   
19      5.02125000e-09   5.83013672e+00   7.01467557e+00   7.01339459e+00   2.02294508e+00   
20      5.03125000e-09   5.83805221e+00   7.02131050e+00   7.01948694e+00   2.02383607e+00   
21      5.04125000e-09   5.84593436e+00   7.02774228e+00   7.02541141e+00   2.02473014e+00   
22      5.06125000e-09   5.86157619e+00   7.03985815e+00   7.03663822e+00   2.02651011e+00   
23      5.08125000e-09   5.87710252e+00   7.05128591e+00   7.04728694e+00   2.02826741e+00   
24      5.08625000e-09   5.88097633e+00   7.05410069e+00   7.04991328e+00   2.02870520e+00   
25      5.08753744e-09   5.88197327e+00   7.05482269e+00   7.05058717e+00   2.02881783e+00   
26      5.08882488e-09   5.88296974e+00   7.05554195e+00   7.05125877e+00   2.02893034e+00   
27      5.08988770e-09   5.88379204e+00   7.05613388e+00   7.05181163e+00   2.02902315e+00   
28      5.09095053e-09   5.88461402e+00   7.05672397e+00   7.05236294e+00   2.02911589e+00   
29      5.09201335e-09   5.88543569e+00   7.05731222e+00   7.05291271e+00   2.02920854e+00   
30      5.09413900e-09   5.88707830e+00   7.05848448e+00   7.05400866e+00   2.02939367e+00   
31      5.09626464e-09   5.88871973e+00   7.05964990e+00   7.05509884e+00   2.02957848e+00   
32      5.09839029e-09   5.89035996e+00   7.06080827e+00   7.05618306e+00   2.02976295e+00   
33      5.10264158e-09   5.89363679e+00   7.06310387e+00   7.05833363e+00   2.03013081e+00   
34      5.10689287e-09   5.89690884e+00   7.06537162e+00   7.06046062e+00   2.03049716e+00   
35      5.11539545e-09   5.90343898e+00   7.06982604e+00   7.06464577e+00   2.03122482e+00   
36      5.12389804e-09   5.90995091e+00   7.07417504e+00   7.06874122e+00   2.03194537e+00   
37      5.12602368e-09   5.91157556e+00   7.07524282e+00   7.06974852e+00   2.03212413e+00   
38      5.12712788e-09   5.91241921e+00   7.07579580e+00   7.07027032e+00   2.03221686e+00   
39      5.12823208e-09   5.91326256e+00   7.07634710e+00   7.07079069e+00   2.03230945e+00   
40      5.12933627e-09   5.91410563e+00   7.07689672e+00   7.07130962e+00   2.03240190e+00   
41      5.13154466e-09   5.91579106e+00   7.07799208e+00   7.07234414e+00   2.03258649e+00   
42      5.13375306e-09   5.91747540e+00   7.07908117e+00   7.07337330e+00   2.03277057e+00   
43      5.13816984e-09   5.92084068e+00   7.08123992e+00   7.07541495e+00   2.03313703e+00   
44      5.14258663e-09   5.92420148e+00   7.08337307e+00   7.07743463e+00   2.03350122e+00   
45      5.15142019e-09   5.93091001e+00   7.08756465e+00   7.08140968e+00   2.03422251e+00   
46      5.16025376e-09   5.93760147e+00   7.09165915e+00   7.08530098e+00   2.03493413e+00   
47      5.16908733e-09   5.94427642e+00   7.09566005e+00   7.08911133e+00   2.03563579e+00   
48      5.18675447e-09   5.95757965e+00   7.10339919e+00   7.09650354e+00   2.03700831e+00   
49      5.19117125e-09   5.96089410e+00   7.10526902e+00   7.09829514e+00   2.03734369e+00   
50      5.20000482e-09   5.96750926e+00   7.10892951e+00   7.10180898e+00   2.03800374e+00   
51      5.20162057e-09   5.96871865e+00   7.10959645e+00   7.10244938e+00   2.03812412e+00   
52      5.20243186e-09   5.96932578e+00   7.10993067e+00   7.10277036e+00   2.03818448e+00   
53      5.20324315e-09   5.96993278e+00   7.11026424e+00   7.10309076e+00   2.03824475e+00   
54      5.20405444e-09   5.97053967e+00   7.11059716e+00   7.10341059e+00   2.03830493e+00   
55      5.20486573e-09   5.97114647e+00   7.11092965e+00   7.10373003e+00   2.03836505e+00   
56      5.20567702e-09   5.97175312e+00   7.11126127e+00   7.10404872e+00   2.03842505e+00   
57      5.20648830e-09   5.97235965e+00   7.11159224e+00   7.10436684e+00   2.03848496e+00   
58      5.20729959e-09   5.97296607e+00   7.11192258e+00   7.10468440e+00   2.03854478e+00   
59      5.20892217e-09   5.97417862e+00   7.11258175e+00   7.10531820e+00   2.03866422e+00   
60      5.21054475e-09   5.97539074e+00   7.11323852e+00   7.10594989e+00   2.03878332e+00   
61      5.21216733e-09   5.97660240e+00   7.11389281e+00   7.10657939e+00   2.03890207e+00   
62      5.21541249e-09   5.97902437e+00   7.11519390e+00   7.10783179e+00   2.03913851e+00   
63      5.21865765e-09   5.98144454e+00   7.11648511e+00   7.10907548e+00   2.03937353e+00   
64      5.22190280e-09   5.98386293e+00   7.11776655e+00   7.11031056e+00   2.03960712e+00   
65      5.22514796e-09   5.98627956e+00   7.11903836e+00   7.11153713e+00   2.03983931e+00   
66      5.22731140e-09   5.98788968e+00   7.11988094e+00   7.11235017e+00   2.03999331e+00   
67      5.22947484e-09   5.98949904e+00   7.12071934e+00   7.11315950e+00   2.04014668e+00   
68      5.23163828e-09   5.99110763e+00   7.12155358e+00   7.11396516e+00   2.04029942e+00   
69      5.23812859e-09   5.99592895e+00   7.12403210e+00   7.11636066e+00   2.04075392e+00   
70      5.25110922e-09   6.00555210e+00   7.12888394e+00   7.12105812e+00   2.04164622e+00   
71      5.26408985e-09   6.01515008e+00   7.13360081e+00   7.12563529e+00   2.04251655e+00   
72      5.27707048e-09   6.02472398e+00   7.13818984e+00   7.13009808e+00   2.04336532e+00   
73      5.30303174e-09   6.04380481e+00   7.14700299e+00   7.13869485e+00   2.04499871e+00   
74      5.32565639e-09   6.06036160e+00   7.15429247e+00   7.14583273e+00   2.04635219e+00   
75      5.34828103e-09   6.07684487e+00   7.16122663e+00   7.15264661e+00   2.04764043e+00   
76      5.37090568e-09   6.09324433e+00   7.16781293e+00   7.15914132e+00   2.04886362e+00   
77      5.38619239e-09   6.10425533e+00   7.17199273e+00   7.16328064e+00   2.04963841e+00   
78      5.40147909e-09   6.11521864e+00   7.17602316e+00   7.16728108e+00   2.05038407e+00   
79      5.41676580e-09   6.12613077e+00   7.17990629e+00   7.17114417e+00   2.05110096e+00   
80      5.44733922e-09   6.14782266e+00   7.18734319e+00   7.17856144e+00   2.05247061e+00   
81      5.47485529e-09   6.16709550e+00   7.19341113e+00   7.18464984e+00   2.05357824e+00   
82      5.50237136e-09   6.18620059e+00   7.19911603e+00   7.19039394e+00   2.05461029e+00   
83      5.52988744e-09   6.20515276e+00   7.20448577e+00   7.19581872e+00   2.05556938e+00   
84      5.58491959e-09   6.24267702e+00   7.21452183e+00   7.20599466e+00   2.05732619e+00   
85      5.63995173e-09   6.27908489e+00   7.22297616e+00   7.21466231e+00   2.05870826e+00   
86      5.69498388e-09   6.31452583e+00   7.23051128e+00   7.22245889e+00   2.05985570e+00   
87      5.75001603e-09   6.34881082e+00   7.23720604e+00   7.22947673e+00   2.06078413e+00   
88      5.86008032e-09   6.41383654e+00   7.24881032e+00   7.24195850e+00   2.06216922e+00   
89      5.94633593e-09   6.45819029e+00   7.25483165e+00   7.24922472e+00   2.06248343e+00   
90      6.03259154e-09   6.49648375e+00   7.25874422e+00   7.25503021e+00   2.06229783e+00   
91      6.11884715e-09   6.52694622e+00   7.26022513e+00   7.25933017e+00   2.06157249e+00   
92      6.29135837e-09   6.55464926e+00   7.25662168e+00   7.26485492e+00   2.05866323e+00   
93      6.35921614e-09   6.54366471e+00   7.25114622e+00   7.26512648e+00   2.05661383e+00   
94      6.39438952e-09   6.53318676e+00   7.24796461e+00   7.26530543e+00   2.05544568e+00   
95      6.42956290e-09   6.52040559e+00   7.24441720e+00   7.26549369e+00   2.05416477e+00   
96      6.45951489e-09   6.50540540e+00   7.24127032e+00   7.26581384e+00   2.05300843e+00   
97      6.48946688e-09   6.48221822e+00   7.23808576e+00   7.26638685e+00   2.05178471e+00   
98      6.50838629e-09   6.46218864e+00   7.23620105e+00   7.26696880e+00   2.05099468e+00   
99      6.52730569e-09   6.43751289e+00   7.23423428e+00   7.26758840e+00   2.05015472e+00   
100     6.53937053e-09   6.42026411e+00   7.23287533e+00   7.26794085e+00   2.04958822e+00   
101     6.54479767e-09   6.41245380e+00   7.23223291e+00   7.26808119e+00   2.04932566e+00   
102     6.55022482e-09   6.40459356e+00   7.23155790e+00   7.26820206e+00   2.04905486e+00   
103     6.55565196e-09   6.39668267e+00   7.23084920e+00   7.26830268e+00   2.04877549e+00   
104     6.56650625e-09   6.38064811e+00   7.22929062e+00   7.26841845e+00   2.04818052e+00   
105     6.57736054e-09   6.36440625e+00   7.22758215e+00   7.26844266e+00   2.04754764e+00   
106     6.58821483e-09   6.34795591e+00   7.22571483e+00   7.26836901e+00   2.04687538e+00   
107     6.59676335e-09   6.33487283e+00   7.22414058e+00   7.26824678e+00   2.04632085e+00   
108     6.60531187e-09   6.32165948e+00   7.22245814e+00   7.26805711e+00   2.04574067e+00   
109     6.61386039e-09   6.30831490e+00   7.22066284e+00   7.26779678e+00   2.04513435e+00   
110     6.63095743e-09   6.28131301e+00   7.21606597e+00   7.26709091e+00   2.04385297e+00   
111     6.64805447e-09   6.25346440e+00   7.20855179e+00   7.26564773e+00   2.04234801e+00   
112     6.65944019e-09   6.23464144e+00   7.20151617e+00   7.26389277e+00   2.04119031e+00   
113     6.66631932e-09   6.22316555e+00   7.19634969e+00   7.26230622e+00   2.04040112e+00   
114     6.66913252e-09   6.21845442e+00   7.19402630e+00   7.26153903e+00   2.04005939e+00   
115     6.67194573e-09   6.21372634e+00   7.19155680e+00   7.26068989e+00   2.03970213e+00   
116     6.67475893e-09   6.20898035e+00   7.18894131e+00   7.25976037e+00   2.03932978e+00   
117     6.68038534e-09   6.19944471e+00   7.18326309e+00   7.25766228e+00   2.03854330e+00   
118     6.68544911e-09   6.19077732e+00   7.17754714e+00   7.25545277e+00   2.03776851e+00   
119     6.69051288e-09   6.18204702e+00   7.17124792e+00   7.25294916e+00   2.03693878e+00   
120     6.69557665e-09   6.17325335e+00   7.16429600e+00   7.25012727e+00   2.03604908e+00   
121     6.70570419e-09   6.15548033e+00   7.14817990e+00   7.24347233e+00   2.03409045e+00   
122     6.71341467e-09   6.14168402e+00   7.13414011e+00   7.23733199e+00   2.03237929e+00   
123     6.72112515e-09   6.12772293e+00   7.11959261e+00   7.23021564e+00   2.03049534e+00   
124     6.72689229e-09   6.11719202e+00   7.10858560e+00   7.22418921e+00   2.02897139e+00   
125     6.73265942e-09   6.10657390e+00   7.09746075e+00   7.21747942e+00   2.02733579e+00   
126     6.73842655e-09   6.09586802e+00   7.08621636e+00   7.21001556e+00   2.02558219e+00   
127     6.74345078e-09   6.08647388e+00   7.07632949e+00   7.20307012e+00   2.02398151e+00   
128     6.74847502e-09   6.07701278e+00   7.06635754e+00   7.19599795e+00   2.02234815e+00   
129     6.75299683e-09   6.06844330e+00   7.05731397e+00   7.18958470e+00   2.02086135e+00   
130     6.76204045e-09   6.05109221e+00   7.03897038e+00   7.17658672e+00   2.01783158e+00   
131     6.76904362e-09   6.03752398e+00   7.02459497e+00   7.16640598e+00   2.01545379e+00   
132     6.77604679e-09   6.02382522e+00   7.01005325e+00   7.15611330e+00   2.01304693e+00   
133     6.78304997e-09   6.00999573e+00   6.99534424e+00   7.14570813e+00   2.01061317e+00   
134     6.79705631e-09   5.98202283e+00   6.96550586e+00   7.12461283e+00   2.00568813e+00   
135     6.81106266e-09   5.95332445e+00   6.93476775e+00   7.10292136e+00   2.00064404e+00   
136     6.81924267e-09   5.93637786e+00   6.91656165e+00   7.09008064e+00   1.99767273e+00   
137     6.82742268e-09   5.91925026e+00   6.89811819e+00   7.07708114e+00   1.99467865e+00   
138     6.83560269e-09   5.90194103e+00   6.87943609e+00   7.06392220e+00   1.99166389e+00   
139     6.85196271e-09   5.86661034e+00   6.84116387e+00   7.03700560e+00   1.98556637e+00   
140     6.86832273e-09   5.83054468e+00   6.80191652e+00   7.00943992e+00   1.97941122e+00   
141     6.90104278e-09   5.75548001e+00   6.71814207e+00   6.95183514e+00   1.96692215e+00   
142     6.93376282e-09   5.67731558e+00   6.62657389e+00   6.89150238e+00   1.95426339e+00   
143     6.96648286e-09   5.59598523e+00   6.52590664e+00   6.82838548e+00   1.94144631e+00   
144     7.00000000e-09   5.51035182e+00   6.41602716e+00   6.76094586e+00   1.92815613e+00   
145     7.03351714e-09   5.42297824e+00   6.30402301e+00   6.69058573e+00   1.91499137e+00   
146     7.03456455e-09   5.42024350e+00   6.30051594e+00   6.68833634e+00   1.91457675e+00   
147     7.03665937e-09   5.41477156e+00   6.29353920e+00   6.68383752e+00   1.91374660e+00   
148     7.03875419e-09   5.40929742e+00   6.28657056e+00   6.67932846e+00   1.91291690e+00   
149     7.04294383e-09   5.39834056e+00   6.27264332e+00   6.67027909e+00   1.91126159e+00   
150     7.05132311e-09   5.37639455e+00   6.24481098e+00   6.65205038e+00   1.90796981e+00   
151     7.06808168e-09   5.33239629e+00   6.18923342e+00   6.61505343e+00   1.90147379e+00   
152     7.10159882e-09   5.24408994e+00   6.07755806e+00   6.53872489e+00   1.88895713e+00   
153     7.13511596e-09   5.15551647e+00   5.96472940e+00   6.45988754e+00   1.87713271e+00   
154     7.20215023e-09   4.97814523e+00   5.73603271e+00   6.30178242e+00   1.85828405e+00   
155     7.24744507e-09   4.85819403e+00   5.57994316e+00   6.19612003e+00   1.84844239e+00   
156     7.29273992e-09   4.73927510e+00   5.42293546e+00   6.09099710e+00   1.84177614e+00   
157     7.33803477e-09   4.62261763e+00   5.26533746e+00   5.98575756e+00   1.83862128e+00   
158     7.42862446e-09   4.39649349e+00   4.95024354e+00   5.77489123e+00   1.84220151e+00   
159     7.47822124e-09   4.27839344e+00   4.78313252e+00   5.66026570e+00   1.85326952e+00   
160     7.52781801e-09   4.16423142e+00   4.62490148e+00   5.54628328e+00   1.87007918e+00   
161     7.56851393e-09   4.07334374e+00   4.50124062e+00   5.45323656e+00   1.88796791e+00   
162     7.60920984e-09   3.98523669e+00   4.38340909e+00   5.36078740e+00   1.91010792e+00   
163     7.64583617e-09   3.90823360e+00   4.28211267e+00   5.27810287e+00   1.93362062e+00   
164     7.67879986e-09   3.84079803e+00   4.19473644e+00   5.20414322e+00   1.95779288e+00   
165     7.70846718e-09   3.78162017e+00   4.11911203e+00   5.13797271e+00   1.98207081e+00   
166     7.72458348e-09   3.74993491e+00   4.07896312e+00   5.10213538e+00   1.99606211e+00   
167     7.72920015e-09   3.74089839e+00   4.06754584e+00   5.09187627e+00   2.00014331e+00   
168     7.73150849e-09   3.73638976e+00   4.06185674e+00   5.08674905e+00   2.00220122e+00   
169     7.73381683e-09   3.73189046e+00   4.05618595e+00   5.08162454e+00   2.00427562e+00   
170     7.73843350e-09   3.72292842e+00   4.04491430e+00   5.07138695e+00   2.00848856e+00   
171     7.74199236e-09   3.71604205e+00   4.03626850e+00   5.06350122e+00   2.01177611e+00   
172     7.74911006e-09   3.70235569e+00   4.01914065e+00   5.04775696e+00   2.01850418e+00   
173     7.75622776e-09   3.68875663e+00   4.00217957e+00   5.03203837e+00   2.02539064e+00   
174     7.77046316e-09   3.66189914e+00   3.96889161e+00   5.00071021e+00   2.03977900e+00   
175     7.78327502e-09   3.63800705e+00   3.93945637e+00   4.97259822e+00   2.05325563e+00   
176     7.79608689e-09   3.61439255e+00   3.91053535e+00   4.94464634e+00   2.06727269e+00   
177     7.80889875e-09   3.59105435e+00   3.88212183e+00   4.91697108e+00   2.08185177e+00   
178     7.83452248e-09   3.54503199e+00   3.82649891e+00   4.86247918e+00   2.11244644e+00   
179     7.86014620e-09   3.50052163e+00   3.77350612e+00   4.80950316e+00   2.14616968e+00   
180     7.88576993e-09   3.45707030e+00   3.72231286e+00   4.75779509e+00   2.18232823e+00   
181     7.91139365e-09   3.41466450e+00   3.67285046e+00   4.70735030e+00   2.22103016e+00   
182     7.92420552e-09   3.39372689e+00   3.64856210e+00   4.68249246e+00   2.24113194e+00   
183     7.93061145e-09   3.38332426e+00   3.63652745e+00   4.67015206e+00   2.25137497e+00   
184     7.93317714e-09   3.37916847e+00   3.63172511e+00   4.66522408e+00   2.25550784e+00   
185     7.93574283e-09   3.37502316e+00   3.62693976e+00   4.66030843e+00   2.25966551e+00   
186     7.93783228e-09   3.37165422e+00   3.62305386e+00   4.65631342e+00   2.26306826e+00   
187     7.93992174e-09   3.36829220e+00   3.61917905e+00   4.65232642e+00   2.26648773e+00   
188     7.94201119e-09   3.36493707e+00   3.61531528e+00   4.64834742e+00   2.26992391e+00   
189     7.94619010e-09   3.35824297e+00   3.60761375e+00   4.64040899e+00   2.27683702e+00   
190     7.95454792e-09   3.34493611e+00   3.59233976e+00   4.62462689e+00   2.29086574e+00   
191     7.96290574e-09   3.33173613e+00   3.57723409e+00   4.60896897e+00   2.30516490e+00   
192     7.97962138e-09   3.30565907e+00   3.54752258e+00   4.57802735e+00   2.33460914e+00   
193     7.99633702e-09   3.28000800e+00   3.51846107e+00   4.54757455e+00   2.36521148e+00   
194     8.02976829e-09   3.22995281e+00   3.46217774e+00   4.48807894e+00   2.43011677e+00   
195     8.06319957e-09   3.18152003e+00   3.40821873e+00   4.43032203e+00   2.50031353e+00   
196     8.09663085e-09   3.13465004e+00   3.35640391e+00   4.37405257e+00   2.57641901e+00   
197     8.13006212e-09   3.08927685e+00   3.30654797e+00   4.31885992e+00   2.65933337e+00   
198     8.16885804e-09   3.03839697e+00   3.25088176e+00   4.25512857e+00   2.76610158e+00   
199     8.20377437e-09   2.99488763e+00   3.20338747e+00   4.19679631e+00   2.87855134e+00   
200     8.23869070e-09   2.95266230e+00   3.15723230e+00   4.13512546e+00   3.00696301e+00   
201     8.26677330e-09   2.91945692e+00   3.12099912e+00   4.08482899e+00   3.11914861e+00   
202     8.29485590e-09   2.88695394e+00   3.08568683e+00   4.03590354e+00   3.23748537e+00   
203     8.32293849e-09   2.85506063e+00   3.05127467e+00   3.98831660e+00   3.36159794e+00   
204     8.35313386e-09   2.82132746e+00   3.01528120e+00   3.93867343e+00   3.50127419e+00   
205     8.37993051e-09   2.79158019e+00   2.98408823e+00   3.89582550e+00   3.62988953e+00   
206     8.40672716e-09   2.76169054e+00   2.95360545e+00   3.85415863e+00   3.76286079e+00   
207     8.42852420e-09   2.73744132e+00   2.92924349e+00   3.82105323e+00   3.87377437e+00   
208     8.44107080e-09   2.72369743e+00   2.91534522e+00   3.80226811e+00   3.93850521e+00   
209     8.45361739e-09   2.71018289e+00   2.90158446e+00   3.78374010e+00   4.00406929e+00   
210     8.46616399e-09   2.69732731e+00   2.88796124e+00   3.76546685e+00   4.07006872e+00   
211     8.49125719e-09   2.67476322e+00   2.86129284e+00   3.72954484e+00   4.20104132e+00   
212     8.51635039e-09   2.65620001e+00   2.83700219e+00   3.69494236e+00   4.33036640e+00   
213     8.54144358e-09   2.64045849e+00   2.81539005e+00   3.66120873e+00   4.45602160e+00   
214     8.56653678e-09   2.62687391e+00   2.79592996e+00   3.62827366e+00   4.57838155e+00   
215     8.61672317e-09   2.60416327e+00   2.76129546e+00   3.56426109e+00   4.81369969e+00   
216     8.65193298e-09   2.59070329e+00   2.73951420e+00   3.52386052e+00   4.96859061e+00   
217     8.68714278e-09   2.57814935e+00   2.71882985e+00   3.48825843e+00   5.11274407e+00   
218     8.72235259e-09   2.56613863e+00   2.69891155e+00   3.45591455e+00   5.24724767e+00   
219     8.79277219e-09   2.54299642e+00   2.66059801e+00   3.39658408e+00   5.49331376e+00   
220     8.84761633e-09   2.52493741e+00   2.63190323e+00   3.35344860e+00   5.65932896e+00   
221     8.89658929e-09   2.50944747e+00   2.60740679e+00   3.31658977e+00   5.79864469e+00   
222     8.94556225e-09   2.49434706e+00   2.58383504e+00   3.28088634e+00   5.92949502e+00   
223     8.99453521e-09   2.47906780e+00   2.56079818e+00   3.24582467e+00   6.04937642e+00   
224     9.06121157e-09   2.45735801e+00   2.53003363e+00   3.19863690e+00   6.19089841e+00   
225     9.11891160e-09   2.43745518e+00   2.50359404e+00   3.15793210e+00   6.29438695e+00   
226     9.17661164e-09   2.41683609e+00   2.47759344e+00   3.11754476e+00   6.38199255e+00   
227     9.23431167e-09   2.39604461e+00   2.45235677e+00   3.07780719e+00   6.45733415e+00   
228     9.34971174e-09   2.35505422e+00   2.40418418e+00   3.00056788e+00   6.58578809e+00   
229     9.42660198e-09   2.32894659e+00   2.37494659e+00   2.95187429e+00   6.64970988e+00   
230     9.49580320e-09   2.30631886e+00   2.35006730e+00   2.90959070e+00   6.69881397e+00   
231     9.56500442e-09   2.28465359e+00   2.32659425e+00   2.86887031e+00   6.74072445e+00   
232     9.62728552e-09   2.26598694e+00   2.30658587e+00   2.83350407e+00   6.77337255e+00   
233     9.68956662e-09   2.24818651e+00   2.28766248e+00   2.79941313e+00   6.80163996e+00   
234     9.74561961e-09   2.23288441e+00   2.27148749e+00   2.76976156e+00   6.82396098e+00   
235     9.80167259e-09   2.21830686e+00   2.25613966e+00   2.74112392e+00   6.84355412e+00   
236     9.85212028e-09   2.20577477e+00   2.24297699e+00   2.71616268e+00   6.85922442e+00   
237     9.90256797e-09   2.19382826e+00   2.23044298e+00   2.69199707e+00   6.87315710e+00   
238     9.94797089e-09   2.18354725e+00   2.21965697e+00   2.67088331e+00   6.88443259e+00   
239     9.99337381e-09   2.17372734e+00   2.20934713e+00   2.65039016e+00   6.89457608e+00   
240     1.00387767e-08   2.16435822e+00   2.19949617e+00   2.63050418e+00   6.90370432e+00   
241     1.01295826e-08   2.14664451e+00   2.18082488e+00   2.59213732e+00   6.91988577e+00   
242     1.01925218e-08   2.13565444e+00   2.16915708e+00   2.56728133e+00   6.92870804e+00   
243     1.02554610e-08   2.12541497e+00   2.15821990e+00   2.54345855e+00   6.93637398e+00   
244     1.03184003e-08   2.11588604e+00   2.14797116e+00   2.52063305e+00   6.94303948e+00   
245     1.04442787e-08   2.09837608e+00   2.12897289e+00   2.47725773e+00   6.95443319e+00   
246     1.05486619e-08   2.08634386e+00   2.11561399e+00   2.44494457e+00   6.96110969e+00   
247     1.06426067e-08   2.07667349e+00   2.10471324e+00   2.41767328e+00   6.96610389e+00   
248     1.07365515e-08   2.06804919e+00   2.09483252e+00   2.39209569e+00   6.97027949e+00   
249     1.08304963e-08   2.06036724e+00   2.08587905e+00   2.36810605e+00   6.97379218e+00   
250     1.10183860e-08   2.04681748e+00   2.06982847e+00   2.32353068e+00   6.97892078e+00   
251     1.11407577e-08   2.03994496e+00   2.06138058e+00   2.29820019e+00   6.98046309e+00   
252     1.12508923e-08   2.03452213e+00   2.05458740e+00   2.27701825e+00   6.98119528e+00   
253     1.13610269e-08   2.02979654e+00   2.04853451e+00   2.25735212e+00   6.98154775e+00   
254     1.14711614e-08   2.02569489e+00   2.04314907e+00   2.23909959e+00   6.98168513e+00   
255     1.16914306e-08   2.01871520e+00   2.03372000e+00   2.20561661e+00   6.98163288e+00   
256     1.18106712e-08   2.01595484e+00   2.02972386e+00   2.18999501e+00   6.98169724e+00   
257     1.19179877e-08   2.01381156e+00   2.02652065e+00   2.17691876e+00   6.98179866e+00   
258     1.20253043e-08   2.01196629e+00   2.02366949e+00   2.16475712e+00   6.98196268e+00   
259     1.21326208e-08   2.01037959e+00   2.02113218e+00   2.15344546e+00   6.98219390e+00   
260     1.23472539e-08   2.00770049e+00   2.01668456e+00   2.13263294e+00   6.98277310e+00   
261     1.24648820e-08   2.00663996e+00   2.01476912e+00   2.12275957e+00   6.98326247e+00   
262     1.25707472e-08   2.00581925e+00   2.01323181e+00   2.11448144e+00   6.98374913e+00   
263     1.26766124e-08   2.00511347e+00   2.01186073e+00   2.10676903e+00   6.98427426e+00   
264     1.27824777e-08   2.00450623e+00   2.01063762e+00   2.09958305e+00   6.98482983e+00   
265     1.29942081e-08   2.00347854e+00   2.00848730e+00   2.08633303e+00   6.98598171e+00   
266     1.31165159e-08   2.00304812e+00   2.00750966e+00   2.07970980e+00   6.98669210e+00   
267     1.32265930e-08   2.00271475e+00   2.00672667e+00   2.07416772e+00   6.98733431e+00   
268     1.33366700e-08   2.00242705e+00   2.00602949e+00   2.06901460e+00   6.98797309e+00   
269     1.34467470e-08   2.00217808e+00   2.00540836e+00   2.06422274e+00   6.98860367e+00   
270     1.36669010e-08   2.00175297e+00   2.00431776e+00   2.05540623e+00   6.98983342e+00   
271     1.38001137e-08   2.00156261e+00   2.00380191e+00   2.05082711e+00   6.99054057e+00   
272     1.39200051e-08   2.00141357e+00   2.00339106e+00   2.04701690e+00   6.99115287e+00   
273     1.40398965e-08   2.00128317e+00   2.00302713e+00   2.04349395e+00   6.99173868e+00   
274     1.41597879e-08   2.00116847e+00   2.00270448e+00   2.04023659e+00   6.99229686e+00   
275     1.43995707e-08   2.00096872e+00   2.00214093e+00   2.03428623e+00   6.99334821e+00   
276     1.45467804e-08   2.00087360e+00   2.00187360e+00   2.03119613e+00   6.99392222e+00   
277     1.46792691e-08   2.00079740e+00   2.00166197e+00   2.02864489e+00   6.99440531e+00   
278     1.48117579e-08   2.00072915e+00   2.00147559e+00   2.02630394e+00   6.99485546e+00   
279     1.49442466e-08   2.00066772e+00   2.00131127e+00   2.02415563e+00   6.99527389e+00   
280     1.52092240e-08   2.00055815e+00   2.00102594e+00   2.02026119e+00   6.99604176e+00   
281     1.53691439e-08   2.00050427e+00   2.00089416e+00   2.01829992e+00   6.99643500e+00   
282     1.55130718e-08   2.00046030e+00   2.00079019e+00   2.01669082e+00   6.99675945e+00   
283     1.56569997e-08   2.00042029e+00   2.00069893e+00   2.01522374e+00   6.99705626e+00   
284     1.58009275e-08   2.00038381e+00   2.00061874e+00   2.01388604e+00   6.99732740e+00   
285     1.60887833e-08   2.00031807e+00   2.00047999e+00   2.01147833e+00   6.99781594e+00   
286     1.62599835e-08   2.00028569e+00   2.00041719e+00   2.01029910e+00   6.99805459e+00   
287     1.64311838e-08   2.00025653e+00   2.00036298e+00   2.00924126e+00   6.99826804e+00   
288     1.66023840e-08   2.00023025e+00   2.00031611e+00   2.00829224e+00   6.99845873e+00   
289     1.69447845e-08   2.00018358e+00   2.00023644e+00   2.00661458e+00   6.99879396e+00   
290     1.71277252e-08   2.00016335e+00   2.00020474e+00   2.00589403e+00   6.99893596e+00   
291     1.73106660e-08   2.00014528e+00   2.00017745e+00   2.00525203e+00   6.99906151e+00   
292     1.74936068e-08   2.00012913e+00   2.00015393e+00   2.00467998e+00   6.99917244e+00   
293     1.78594883e-08   2.00010077e+00   2.00011409e+00   2.00367631e+00   6.99936517e+00   
294     1.80540454e-08   2.00008879e+00   2.00009843e+00   2.00325340e+00   6.99944470e+00   
295     1.82486024e-08   2.00007821e+00   2.00008498e+00   2.00287915e+00   6.99951433e+00   
296     1.84431595e-08   2.00006886e+00   2.00007343e+00   2.00254793e+00   6.99957527e+00   
297     1.88322737e-08   2.00005264e+00   2.00005394e+00   2.00197114e+00   6.99968011e+00   
298     1.90377994e-08   2.00004600e+00   2.00004638e+00   2.00173311e+00   6.99972229e+00   
299     1.92433251e-08   2.00004019e+00   2.00003991e+00   2.00152382e+00   6.99975892e+00   
300     1.94488508e-08   2.00003511e+00   2.00003437e+00   2.00133978e+00   6.99979073e+00   
301     1.98599022e-08   2.00002640e+00   2.00002506e+00   2.00102156e+00   6.99984498e+00   
302     2.00745800e-08   2.00002294e+00   2.00002152e+00   2.00089335e+00   6.99986622e+00   
303     2.02892578e-08   2.00001995e+00   2.00001849e+00   2.00078123e+00   6.99988456e+00   
304     2.05039356e-08   2.00001735e+00   2.00001591e+00   2.00068317e+00   6.99990038e+00   
305     2.09332911e-08   2.00001294e+00   2.00001157e+00   2.00051460e+00   6.99992719e+00   
306     2.11567266e-08   2.00001123e+00   2.00000994e+00   2.00044770e+00   6.99993751e+00   
307     2.13801621e-08   2.00000976e+00   2.00000855e+00   2.00038949e+00   6.99994637e+00   
308     2.16035975e-08   2.00000849e+00   2.00000736e+00   2.00033885e+00   6.99995398e+00   
309     2.20504685e-08   2.00000636e+00   2.00000538e+00   2.00025228e+00   6.99996678e+00   
310     2.22858198e-08   2.00000553e+00   2.00000463e+00   2.00021795e+00   6.99997170e+00   
311     2.25211712e-08   2.00000483e+00   2.00000400e+00   2.00018830e+00   6.99997589e+00   
312     2.27565225e-08   2.00000423e+00   2.00000346e+00   2.00016268e+00   6.99997946e+00   
313     2.32272252e-08   2.00000323e+00   2.00000257e+00   2.00011921e+00   6.99998542e+00   
314     2.34822548e-08   2.00000284e+00   2.00000223e+00   2.00010183e+00   6.99998773e+00   
315     2.37372844e-08   2.00000251e+00   2.00000195e+00   2.00008698e+00   6.99998967e+00   
316     2.39923140e-08   2.00000223e+00   2.00000171e+00   2.00007430e+00   6.99999131e+00   
317     2.45023732e-08   2.00000178e+00   2.00000131e+00   2.00005304e+00   6.99999400e+00   
318     2.47926799e-08   2.00000160e+00   2.00000116e+00   2.00004441e+00   6.99999506e+00   
319     2.50829866e-08   2.00000145e+00   2.00000104e+00   2.00003719e+00   6.99999593e+00   
320     2.53732933e-08   2.00000133e+00   2.00000093e+00   2.00003113e+00   6.99999664e+00   
321     2.59539067e-08   2.00000114e+00   2.00000077e+00   2.00002121e+00   6.99999780e+00   
322     2.63154734e-08   2.00000106e+00   2.00000070e+00   2.00001708e+00   6.99999826e+00   
323     2.66770401e-08   2.00000100e+00   2.00000065e+00   2.00001375e+00   6.99999862e+00   
324     2.70000000e-08   2.00000096e+00   2.00000062e+00   2.00001131e+00   6.99999889e+00   
325     2.70100000e-08   1.99785173e+00   1.99672394e+00   1.99688397e+00   6.99922366e+00   
326     2.70125000e-08   1.99729711e+00   1.99586753e+00   1.99606541e+00   6.99901876e+00   
327     2.70150000e-08   1.99673414e+00   1.99499679e+00   1.99523239e+00   6.99881091e+00   
328     2.70175000e-08   1.99616393e+00   1.99411571e+00   1.99438911e+00   6.99860181e+00   
329     2.70225000e-08   1.99499762e+00   1.99231728e+00   1.99266650e+00   6.99818067e+00   
330     2.70275000e-08   1.99380814e+00   1.99048548e+00   1.99091088e+00   6.99775755e+00   
331     2.70325000e-08   1.99259790e+00   1.98862264e+00   1.98912442e+00   6.99733312e+00   
332     2.70425000e-08   1.99013607e+00   1.98483181e+00   1.98548695e+00   6.99648336e+00   
333     2.70525000e-08   1.98759040e+00   1.98089873e+00   1.98170355e+00   6.99563561e+00   
334     2.70625000e-08   1.98500501e+00   1.97688641e+00   1.97783759e+00   6.99479489e+00   
335     2.70725000e-08   1.98239034e+00   1.97280692e+00   1.97389974e+00   6.99396412e+00   
336     2.70925000e-08   1.97712069e+00   1.96452684e+00   1.96589111e+00   6.99233400e+00   
337     2.71098234e-08   1.97251764e+00   1.95717139e+00   1.95872913e+00   6.99098994e+00   
338     2.71271469e-08   1.96793212e+00   1.94975421e+00   1.95147417e+00   6.98970324e+00   
339     2.71444703e-08   1.96338170e+00   1.94230450e+00   1.94415186e+00   6.98847773e+00   
340     2.71791172e-08   1.95440309e+00   1.92740816e+00   1.92943336e+00   6.98617842e+00   
341     2.72075518e-08   1.94727669e+00   1.91525483e+00   1.91724839e+00   6.98454830e+00   
342     2.72315641e-08   1.94139846e+00   1.90509184e+00   1.90698511e+00   6.98329438e+00   
343     2.72555764e-08   1.93566206e+00   1.89504785e+00   1.89676569e+00   6.98215820e+00   
344     2.72795887e-08   1.93006701e+00   1.88513724e+00   1.88660783e+00   6.98113447e+00   
345     2.73036010e-08   1.92461055e+00   1.87536968e+00   1.87652529e+00   6.98021730e+00   
346     2.73516256e-08   1.91404715e+00   1.85627460e+00   1.85667418e+00   6.97863266e+00   
347     2.73996502e-08   1.90460463e+00   1.83881685e+00   1.83804801e+00   6.97769185e+00   
348     2.74407108e-08   1.89740235e+00   1.82532261e+00   1.82336934e+00   6.97728754e+00   
349     2.74817714e-08   1.89124057e+00   1.81356944e+00   1.81023182e+00   6.97730196e+00   
350     2.75228320e-08   1.88627352e+00   1.80382847e+00   1.79890068e+00   6.97774396e+00   
351     2.76049532e-08   1.87976762e+00   1.79016464e+00   1.78155966e+00   6.97970577e+00   
352     2.76788623e-08   1.87900338e+00   1.78645489e+00   1.77378413e+00   6.98290891e+00   
353     2.77527713e-08   1.88398956e+00   1.79239936e+00   1.77488699e+00   6.98750442e+00   
354     2.78266804e-08   1.89551577e+00   1.80930392e+00   1.78616950e+00   6.99348517e+00   
355     2.79005895e-08   1.91440232e+00   1.83857832e+00   1.80907603e+00   7.00087234e+00   
356     2.79498622e-08   1.93154976e+00   1.86584029e+00   1.83171728e+00   7.00663929e+00   
357     2.79991349e-08   1.95266945e+00   1.89991031e+00   1.86089345e+00   7.01312258e+00   
358     2.80484077e-08   1.97804181e+00   1.94131252e+00   1.89715201e+00   7.02035870e+00   
359     2.80804693e-08   1.99720880e+00   1.97295341e+00   1.92545498e+00   7.02558539e+00   
360     2.81125310e-08   2.01852957e+00   2.00840143e+00   1.95756207e+00   7.03121950e+00   
361     2.81445926e-08   2.04211385e+00   2.04787045e+00   1.99371142e+00   7.03728413e+00   
362     2.81493956e-08   2.04586975e+00   2.05418744e+00   1.99955404e+00   7.03824195e+00   
363     2.81541986e-08   2.04968215e+00   2.06060626e+00   2.00550225e+00   7.03921150e+00   
364     2.81590016e-08   2.05355153e+00   2.06712787e+00   2.01155722e+00   7.04019291e+00   
365     2.81686076e-08   2.06147968e+00   2.08052790e+00   2.02401579e+00   7.04219798e+00   
366     2.81782137e-08   2.06965848e+00   2.09439631e+00   2.03693955e+00   7.04425841e+00   
367     2.81878197e-08   2.07809499e+00   2.10874936e+00   2.05034233e+00   7.04637646e+00   
368     2.82070317e-08   2.09577384e+00   2.13900985e+00   2.07855562e+00   7.05078941e+00   
369     2.82262438e-08   2.11457559e+00   2.17146291e+00   2.10871023e+00   7.05545160e+00   
370     2.82454558e-08   2.13456000e+00   2.20626481e+00   2.14085421e+00   7.06037743e+00   
371     2.82611802e-08   2.15187740e+00   2.23677209e+00   2.16893141e+00   7.06465525e+00   
372     2.82769046e-08   2.17009112e+00   2.26917633e+00   2.19860398e+00   7.06915926e+00   
373     2.82926289e-08   2.18924161e+00   2.30359605e+00   2.22994862e+00   7.07390526e+00   
374     2.83083533e-08   2.20949384e+00   2.34070225e+00   2.26347940e+00   7.07900237e+00   
375     2.83240777e-08   2.23086663e+00   2.38051738e+00   2.29919700e+00   7.08445018e+00   
376     2.83398021e-08   2.25342480e+00   2.42326808e+00   2.33726371e+00   7.09028273e+00   
377     2.83555265e-08   2.27751024e+00   2.46989699e+00   2.37884303e+00   7.09669786e+00   
378     2.83712509e-08   2.30314818e+00   2.52052844e+00   2.42395423e+00   7.10370625e+00   
379     2.83869752e-08   2.33046283e+00   2.57554250e+00   2.47297415e+00   7.11137703e+00   
380     2.84066019e-08   2.36836835e+00   2.65157286e+00   2.54163566e+00   7.12203081e+00   
381     2.84262285e-08   2.40991343e+00   2.73211542e+00   2.61470785e+00   7.13330083e+00   
382     2.84402858e-08   2.44137839e+00   2.79203474e+00   2.66919876e+00   7.14163315e+00   
383     2.84543431e-08   2.47391968e+00   2.85321085e+00   2.72592645e+00   7.15007154e+00   
384     2.84664861e-08   2.50280371e+00   2.90664977e+00   2.77668399e+00   7.15740536e+00   
385     2.84724509e-08   2.51718521e+00   2.93308805e+00   2.80206145e+00   7.16102388e+00   
386     2.84759361e-08   2.52565449e+00   2.94862422e+00   2.81703572e+00   7.16314522e+00   
387     2.84794213e-08   2.53418891e+00   2.96426060e+00   2.83214695e+00   7.16527375e+00   
388     2.84829066e-08   2.54278872e+00   2.97999833e+00   2.84739360e+00   7.16740932e+00   
389     2.84898770e-08   2.56014420e+00   3.01171089e+00   2.87821461e+00   7.17169756e+00   
390     2.84968474e-08   2.57774895e+00   3.04383091e+00   2.90954798e+00   7.17601324e+00   
391     2.85107883e-08   2.61374449e+00   3.10940287e+00   2.97380064e+00   7.18472609e+00   
392     2.85247292e-08   2.65079156e+00   3.17679749e+00   3.04015607e+00   7.19354434e+00   
393     2.85526110e-08   2.72806068e+00   3.31725184e+00   3.17912782e+00   7.21145546e+00   
394     2.85665518e-08   2.76877008e+00   3.39123132e+00   3.25262377e+00   7.22056101e+00   
395     2.85804927e-08   2.81054325e+00   3.46714023e+00   3.32817132e+00   7.22973354e+00   
396     2.85861102e-08   2.82756319e+00   3.49806525e+00   3.35897721e+00   7.23344670e+00   
397     2.85889189e-08   2.83611899e+00   3.51361136e+00   3.37446899e+00   7.23530719e+00   
398     2.85914966e-08   2.84400788e+00   3.52794646e+00   3.38875748e+00   7.23701708e+00   
399     2.85934506e-08   2.84995154e+00   3.53884976e+00   3.39962847e+00   7.23830970e+00   
400     2.85954045e-08   2.85581595e+00   3.54978781e+00   3.41053820e+00   7.23959446e+00   
401     2.85971631e-08   2.86104187e+00   3.55966011e+00   3.42038836e+00   7.24074493e+00   
402     2.85989217e-08   2.86623029e+00   3.56956070e+00   3.43026986e+00   7.24189081e+00   
403     2.86006802e-08   2.87138794e+00   3.57948982e+00   3.44018278e+00   7.24303283e+00   
404     2.86041974e-08   2.88162248e+00   3.59941615e+00   3.46008405e+00   7.24530776e+00   
405     2.86073214e-08   2.89065407e+00   3.61720717e+00   3.47786116e+00   7.24732002e+00   
406     2.86099992e-08   2.89836521e+00   3.63252909e+00   3.49317697e+00   7.24903999e+00   
407     2.86126770e-08   2.90605736e+00   3.64791899e+00   3.50856572e+00   7.25075634e+00   
408     2.86180326e-08   2.92141229e+00   3.67890487e+00   3.53956302e+00   7.25418076e+00   
409     2.86217770e-08   2.93216916e+00   3.70079460e+00   3.56147280e+00   7.25656902e+00   
410     2.86255213e-08   2.94292877e+00   3.72281921e+00   3.58352484e+00   7.25895392e+00   
411     2.86292657e-08   2.95370061e+00   3.74497927e+00   3.60571960e+00   7.26133624e+00   
412     2.86367543e-08   2.97526943e+00   3.78962355e+00   3.65045116e+00   7.26609669e+00   
413     2.86442430e-08   2.99704540e+00   3.83501871e+00   3.69596443e+00   7.27084872e+00   
414     2.86517317e-08   3.01895756e+00   3.88095628e+00   3.74204142e+00   7.27559717e+00   
415     2.86592204e-08   3.04102769e+00   3.92743685e+00   3.78868109e+00   7.28034391e+00   
416     2.86623515e-08   3.05027896e+00   3.94697162e+00   3.80828587e+00   7.28232965e+00   
417     2.86654827e-08   3.05956203e+00   3.96660175e+00   3.82798927e+00   7.28431565e+00   
418     2.86686138e-08   3.06887737e+00   3.98632669e+00   3.84779029e+00   7.28630176e+00   
419     2.86748762e-08   3.08764661e+00   4.02614699e+00   3.88777269e+00   7.29027224e+00   
420     2.86805122e-08   3.10465002e+00   4.06229254e+00   3.92407120e+00   7.29384667e+00   
421     2.86861483e-08   3.12176752e+00   4.09868978e+00   3.96067989e+00   7.29741712e+00   
422     2.86974205e-08   3.15639860e+00   4.17062133e+00   4.03503150e+00   7.30435226e+00   
423     2.87086926e-08   3.19134328e+00   4.24013352e+00   4.10902549e+00   7.31080894e+00   
424     2.87199648e-08   3.22659700e+00   4.30756347e+00   4.18082857e+00   7.31666620e+00   
425     2.87425091e-08   3.29782512e+00   4.43688565e+00   4.31731807e+00   7.32683004e+00   
426     2.87650535e-08   3.37129890e+00   4.56124068e+00   4.44779557e+00   7.33510006e+00   
427     2.87853434e-08   3.43872508e+00   4.66886913e+00   4.56015467e+00   7.34136824e+00   
428     2.88056333e-08   3.50750251e+00   4.77292036e+00   4.66845378e+00   7.34669162e+00   
429     2.88259232e-08   3.57477569e+00   4.87357353e+00   4.77303817e+00   7.35094467e+00   
430     2.88462130e-08   3.63537558e+00   4.97085498e+00   4.87407440e+00   7.35375910e+00   
431     2.88867928e-08   3.73808671e+00   5.15623852e+00   5.06642599e+00   7.35584202e+00   
432     2.89062493e-08   3.78347827e+00   5.24047727e+00   5.15387227e+00   7.35543110e+00   
433     2.89257057e-08   3.82879329e+00   5.32198097e+00   5.23843501e+00   7.35452092e+00   
434     2.89428507e-08   3.86853775e+00   5.39162425e+00   5.31065330e+00   7.35334789e+00   
435     2.89599956e-08   3.90807414e+00   5.45916745e+00   5.38066318e+00   7.35183996e+00   
436     2.89771406e-08   3.94734055e+00   5.52463535e+00   5.44849079e+00   7.35002909e+00   
437     2.90000000e-08   3.99913734e+00   5.60946960e+00   5.53625258e+00   7.34735741e+00   
438     2.90228594e-08   4.06436835e+00   5.70462739e+00   5.63362049e+00   7.34823288e+00   
439     2.90257168e-08   4.07251171e+00   5.71651645e+00   5.64572806e+00   7.34838052e+00   
440     2.90314317e-08   4.08870691e+00   5.74000489e+00   5.66961281e+00   7.34863735e+00   
441     2.90428614e-08   4.12071397e+00   5.78606487e+00   5.71618318e+00   7.34898737e+00   
442     2.90542911e-08   4.15232792e+00   5.83137221e+00   5.76176578e+00   7.34921805e+00   
443     2.90771505e-08   4.21388009e+00   5.91661981e+00   5.84878946e+00   7.34855756e+00   
444     2.90977240e-08   4.26780169e+00   5.98845601e+00   5.92313475e+00   7.34681561e+00   
445     2.91182975e-08   4.32022561e+00   6.05564380e+00   5.99267342e+00   7.34380607e+00   
446     2.91388710e-08   4.37115157e+00   6.11842917e+00   6.05769343e+00   7.33957493e+00   
447     2.91800179e-08   4.46921623e+00   6.23447572e+00   6.17744944e+00   7.32711787e+00   
448     2.92068083e-08   4.52862872e+00   6.30010702e+00   6.24494925e+00   7.31308372e+00   
449     2.92217086e-08   4.56058687e+00   6.33510341e+00   6.28089084e+00   7.30264459e+00   
450     2.92366090e-08   4.59156073e+00   6.36870061e+00   6.31539022e+00   7.29006728e+00   
451     2.92446942e-08   4.60803535e+00   6.38659704e+00   6.33375294e+00   7.28233472e+00   
452     2.92480517e-08   4.61481344e+00   6.39398365e+00   6.34132768e+00   7.27892600e+00   
453     2.92514093e-08   4.62153869e+00   6.40130963e+00   6.34884017e+00   7.27539047e+00   
454     2.92547669e-08   4.62821243e+00   6.40857873e+00   6.35629332e+00   7.27172925e+00   
455     2.92614820e-08   4.64143151e+00   6.42296683e+00   6.37108390e+00   7.26406028e+00   
456     2.92749123e-08   4.66733022e+00   6.45054428e+00   6.39999556e+00   7.24772902e+00   
457     2.92883426e-08   4.69239946e+00   6.47588089e+00   6.42699839e+00   7.23080776e+00   
458     2.93017729e-08   4.71695294e+00   6.49969117e+00   6.45235708e+00   7.21379481e+00   
459     2.93152032e-08   4.74099620e+00   6.52209630e+00   6.47621440e+00   7.19669522e+00   
460     2.93420638e-08   4.78787772e+00   6.56369778e+00   6.52049473e+00   7.16223525e+00   
461     2.93689244e-08   4.83206655e+00   6.59972106e+00   6.55868075e+00   7.12754647e+00   
462     2.93930990e-08   4.87031598e+00   6.62951021e+00   6.59011967e+00   7.09608835e+00   
463     2.94172735e-08   4.90709492e+00   6.65706387e+00   6.61927436e+00   7.06440083e+00   
464     2.94414481e-08   4.94244606e+00   6.68253887e+00   6.64630593e+00   7.03246989e+00   
465     2.94897971e-08   5.00990489e+00   6.72904113e+00   6.69579933e+00   6.96770667e+00   
466     2.95333113e-08   5.06456474e+00   6.76301088e+00   6.73228661e+00   6.90845407e+00   
467     2.95724741e-08   5.11071752e+00   6.78995561e+00   6.76137693e+00   6.85408945e+00   
468     2.96116368e-08   5.15410187e+00   6.81369817e+00   6.78714977e+00   6.79852219e+00   
469     2.96507996e-08   5.19498777e+00   6.83461260e+00   6.80998113e+00   6.74076428e+00   
470     2.97291251e-08   5.27376606e+00   6.87080690e+00   6.84972159e+00   6.61246107e+00   
471     2.97809352e-08   5.32388221e+00   6.88876951e+00   6.86973613e+00   6.51226403e+00   
472     2.98327454e-08   5.37311658e+00   6.90396990e+00   6.88682249e+00   6.40192906e+00   
473     2.98845556e-08   5.41735221e+00   6.91679330e+00   6.90140469e+00   6.29072071e+00   
474     2.99363658e-08   5.45710937e+00   6.92761829e+00   6.91385044e+00   6.17975547e+00   
475     2.99881760e-08   5.49282661e+00   6.93676341e+00   6.92447532e+00   6.06814828e+00   
476     3.00917963e-08   5.55595275e+00   6.95191968e+00   6.94226289e+00   5.84047393e+00   
477     3.01841746e-08   5.59827773e+00   6.96055146e+00   6.95266712e+00   5.63219489e+00   
478     3.02611925e-08   5.62844478e+00   6.96625954e+00   6.95961607e+00   5.45563390e+00   
479     3.03382103e-08   5.65424327e+00   6.97080633e+00   6.96519886e+00   5.27677247e+00   
480     3.04068042e-08   5.67420959e+00   6.97411884e+00   6.96929181e+00   5.11586239e+00   
481     3.04685386e-08   5.69003552e+00   6.97661222e+00   6.97238638e+00   4.96996185e+00   
482     3.05240996e-08   5.70272139e+00   6.97846868e+00   6.97382142e+00   4.84055563e+00   
483     3.05741045e-08   5.71297536e+00   6.97975888e+00   6.97333008e+00   4.72877600e+00   
484     3.06172612e-08   5.72101319e+00   6.98057741e+00   6.97188119e+00   4.63616685e+00   
485     3.06540242e-08   5.72730255e+00   6.98106403e+00   6.97016656e+00   4.56001085e+00   
486     3.06657349e-08   5.72924983e+00   6.98119581e+00   6.96953964e+00   4.53610978e+00   
487     3.06703330e-08   5.73000584e+00   6.98124400e+00   6.96928497e+00   4.52677566e+00   
488     3.06749312e-08   5.73075338e+00   6.98128878e+00   6.96902702e+00   4.51748367e+00   
489     3.06841276e-08   5.73221506e+00   6.98136520e+00   6.96850393e+00   4.49905483e+00   
490     3.06933240e-08   5.73364376e+00   6.98142861e+00   6.96796930e+00   4.48079076e+00   
491     3.07025204e-08   5.73503992e+00   6.98147926e+00   6.96742512e+00   4.46269150e+00   
492     3.07209131e-08   5.73775754e+00   6.98155092e+00   6.96630723e+00   4.42690352e+00   
493     3.07393059e-08   5.74029934e+00   6.98155688e+00   6.96519019e+00   4.39198256e+00   
494     3.07576986e-08   5.74272218e+00   6.98151978e+00   6.96406448e+00   4.35770215e+00   
495     3.07760914e-08   5.74502977e+00   6.98144203e+00   6.96293945e+00   4.32405817e+00   
496     3.08128769e-08   5.74938616e+00   6.98119564e+00   6.96068421e+00   4.25832685e+00   
497     3.08496624e-08   5.75315517e+00   6.98076984e+00   6.95860508e+00   4.19589151e+00   
498     3.08864479e-08   5.75655062e+00   6.98024583e+00   6.95664063e+00   4.13576799e+00   
499     3.09232334e-08   5.75959994e+00   6.97964137e+00   6.95481374e+00   4.07788180e+00   
500     3.09968044e-08   5.76496550e+00   6.97828225e+00   6.95147927e+00   3.96733859e+00   
501     3.10630183e-08   5.76850618e+00   6.97691251e+00   6.94931186e+00   3.87687430e+00   
502     3.11011573e-08   5.77030028e+00   6.97611683e+00   6.94822239e+00   3.82671750e+00   
503     3.11198386e-08   5.77112272e+00   6.97572649e+00   6.94772697e+00   3.80260893e+00   
504     3.11258575e-08   5.77138190e+00   6.97560072e+00   6.94757108e+00   3.79488914e+00   
505     3.11318763e-08   5.77163543e+00   6.97547490e+00   6.94741948e+00   3.78721583e+00   
506     3.11378952e-08   5.77188340e+00   6.97534912e+00   6.94727216e+00   3.77958808e+00   
507     3.11499329e-08   5.77236661e+00   6.97509782e+00   6.94698704e+00   3.76443759e+00   
508     3.11740083e-08   5.77327116e+00   6.97459787e+00   6.94646564e+00   3.73465344e+00   
509     3.11980837e-08   5.77409779e+00   6.97410360e+00   6.94600704e+00   3.70552546e+00   
510     3.12462345e-08   5.77553977e+00   6.97314527e+00   6.94526527e+00   3.64909553e+00   
511     3.12943852e-08   5.77672679e+00   6.97223790e+00   6.94473562e+00   3.59484569e+00   
512     3.13425360e-08   5.77769410e+00   6.97139168e+00   6.94437590e+00   3.54232828e+00   
513     3.13906868e-08   5.77847342e+00   6.97060722e+00   6.94411338e+00   3.49075896e+00   
514     3.14356729e-08   5.77905572e+00   6.96993224e+00   6.94397373e+00   3.44374032e+00   
515     3.14806590e-08   5.77952000e+00   6.96932327e+00   6.94400035e+00   3.39866533e+00   
516     3.15256450e-08   5.77985010e+00   6.96882624e+00   6.94424406e+00   3.35620106e+00   
517     3.15661325e-08   5.78009823e+00   6.96844885e+00   6.94456331e+00   3.31926982e+00   
518     3.15928476e-08   5.78024367e+00   6.96823096e+00   6.94481532e+00   3.29545051e+00   
519     3.16195627e-08   5.78037371e+00   6.96804253e+00   6.94510414e+00   3.27215376e+00   
520     3.16462778e-08   5.78049107e+00   6.96788320e+00   6.94542677e+00   3.24936052e+00   
521     3.16997081e-08   5.78070347e+00   6.96763325e+00   6.94614595e+00   3.20492720e+00   
522     3.17531383e-08   5.78088823e+00   6.96748714e+00   6.94696905e+00   3.16226557e+00   
523     3.18065685e-08   5.78105757e+00   6.96744290e+00   6.94788216e+00   3.12133182e+00   
524     3.19134290e-08   5.78140559e+00   6.96762559e+00   6.94989853e+00   3.04421550e+00   
525     3.20202894e-08   5.78180473e+00   6.96812611e+00   6.95209771e+00   2.97295871e+00   
526     3.22340103e-08   5.78289106e+00   6.96976871e+00   6.95667447e+00   2.84541470e+00   
527     3.24263591e-08   5.78420796e+00   6.97176443e+00   6.96079596e+00   2.74581834e+00   
528     3.25467347e-08   5.78523160e+00   6.97316458e+00   6.96321083e+00   2.69189394e+00   
529     3.26671104e-08   5.78633810e+00   6.97458312e+00   6.96553218e+00   2.64219380e+00   
530     3.27874860e-08   5.78752604e+00   6.97604746e+00   6.96790631e+00   2.59826386e+00   
531     3.30282372e-08   5.79012597e+00   6.97914769e+00   6.97284846e+00   2.52472976e+00   
532     3.31136039e-08   5.79112156e+00   6.98024350e+00   6.97444617e+00   2.50273391e+00   
533     3.31989707e-08   5.79212870e+00   6.98130448e+00   6.97594534e+00   2.48216931e+00   
534     3.32843374e-08   5.79313255e+00   6.98232025e+00   6.97734180e+00   2.46284623e+00   
535     3.34550709e-08   5.79510392e+00   6.98424161e+00   6.97992889e+00   2.42699850e+00   
536     3.35336879e-08   5.79596925e+00   6.98502849e+00   6.98093398e+00   2.41182705e+00   
537     3.36123049e-08   5.79680030e+00   6.98576326e+00   6.98186520e+00   2.39735937e+00   
538     3.36909219e-08   5.79759423e+00   6.98644842e+00   6.98272736e+00   2.38352714e+00   
539     3.38481559e-08   5.79909476e+00   6.98771693e+00   6.98431824e+00   2.35731779e+00   
540     3.39201107e-08   5.79971771e+00   6.98822271e+00   6.98494041e+00   2.34608368e+00   
541     3.39920656e-08   5.80030762e+00   6.98869475e+00   6.98552116e+00   2.33524799e+00   
542     3.40640204e-08   5.80086536e+00   6.98913568e+00   6.98606378e+00   2.32478373e+00   
543     3.42079301e-08   5.80191122e+00   6.98995557e+00   6.98707660e+00   2.30473005e+00   
544     3.42585815e-08   5.80224656e+00   6.99021408e+00   6.98739495e+00   2.29801259e+00   
545     3.43092329e-08   5.80256817e+00   6.99046087e+00   6.98769958e+00   2.29145004e+00   
546     3.43598843e-08   5.80287659e+00   6.99069670e+00   6.98799132e+00   2.28503652e+00   
547     3.44611871e-08   5.80346484e+00   6.99114588e+00   6.98854936e+00   2.27256299e+00   
548     3.45310239e-08   5.80383360e+00   6.99142566e+00   6.98889743e+00   2.26435581e+00   
549     3.46008607e-08   5.80418211e+00   6.99169007e+00   6.98922796e+00   2.25639683e+00   
550     3.46706975e-08   5.80451171e+00   6.99194046e+00   6.98954236e+00   2.24867598e+00   
551     3.48103711e-08   5.80513146e+00   6.99241346e+00   6.99013981e+00   2.23378649e+00   
552     3.49500447e-08   5.80566334e+00   6.99282233e+00   6.99066056e+00   2.22006165e+00   
553     3.50897184e-08   5.80614651e+00   6.99319836e+00   6.99114383e+00   2.20713880e+00   
554     3.53690656e-08   5.80696284e+00   6.99384885e+00   6.99198919e+00   2.18412485e+00   
555     3.56204782e-08   5.80760359e+00   6.99437189e+00   6.99267437e+00   2.16555102e+00   
556     3.58718907e-08   5.80816833e+00   6.99484238e+00   6.99329366e+00   2.14891030e+00   
557     3.61233032e-08   5.80867077e+00   6.99526829e+00   6.99385591e+00   2.13403013e+00   
558     3.66261283e-08   5.80956112e+00   6.99603529e+00   6.99486965e+00   2.10793492e+00   
559     3.69724809e-08   5.81004247e+00   6.99645953e+00   6.99543033e+00   2.09415876e+00   
560     3.72841984e-08   5.81042829e+00   6.99680292e+00   6.99588310e+00   2.08347430e+00   
561     3.75959158e-08   5.81077129e+00   6.99711043e+00   6.99628741e+00   2.07428428e+00   
562     3.79076332e-08   5.81107553e+00   6.99738497e+00   6.99664738e+00   2.06639547e+00   
563     3.85310680e-08   5.81160500e+00   6.99786643e+00   6.99727685e+00   2.05315186e+00   
564     3.88901331e-08   5.81183804e+00   6.99808194e+00   6.99755722e+00   2.04769409e+00   
565     3.92491981e-08   5.81203848e+00   6.99826995e+00   6.99780134e+00   2.04314652e+00   
566     3.96082631e-08   5.81221022e+00   6.99843366e+00   6.99801362e+00   2.03936291e+00   
567     4.03263931e-08   5.81249782e+00   6.99871347e+00   6.99837602e+00   2.03321369e+00   
568     4.07440913e-08   5.81261589e+00   6.99883444e+00   6.99853247e+00   2.03083973e+00   
569     4.11617895e-08   5.81271363e+00   6.99893812e+00   6.99866655e+00   2.02892900e+00   
570     4.15794876e-08   5.81279446e+00   6.99902721e+00   6.99878177e+00   2.02739263e+00   
571     4.24148840e-08   5.81292522e+00   6.99917795e+00   6.99897678e+00   2.02498237e+00   
572     4.29958663e-08   5.81298293e+00   6.99925321e+00   6.99907420e+00   2.02400296e+00   
573     4.35768487e-08   5.81302798e+00   6.99931653e+00   6.99915620e+00   2.02327494e+00   
574     4.41578310e-08   5.81306339e+00   6.99937031e+00   6.99922584e+00   2.02273411e+00   
575     4.53197957e-08   5.81311829e+00   6.99946075e+00   6.99934286e+00   2.02195171e+00   
576     4.63655639e-08   5.81314559e+00   6.99951747e+00   6.99941606e+00   2.02165321e+00   
577     4.74113321e-08   5.81316599e+00   6.99956446e+00   6.99947650e+00   2.02146939e+00   
578     4.84571002e-08   5.81318186e+00   6.99960405e+00   6.99952721e+00   2.02135593e+00   
579     5.00000000e-08   5.81320112e+00   6.99965438e+00   6.99959135e+00   2.02124643e+00   
End of Xyce(TM) Simulation
