Index       TIME          {V(VOUT)+1.0}      {V(IN)+4.0}       {V(1)+4.0}          IG(MP1)           IG(MN1)           IS(MP1)           ID(MN1)           ID(MP1)     
0        0.00000000e+00    3.91212275e+00    3.99874536e+00    4.00000000e+00    8.85647178e-07    3.68988821e-07    2.90313602e-04   -5.70704573e-09   -2.91199250e-04
1        2.49376559e-08    3.91049858e+00    4.04572194e+00    4.04700445e+00    9.01759608e-07    3.80746986e-07    2.90905353e-04    7.63055929e-07   -2.91807112e-04
2        4.98753117e-08    3.90832767e+00    4.09272160e+00    4.09399736e+00    8.94744344e-07    3.81014044e-07    2.93038527e-04    3.11222598e-06   -2.93933272e-04
3        7.48129676e-08    3.90558493e+00    4.13967881e+00    4.14096719e+00    9.11950318e-07    3.76433648e-07    2.96715398e-04    7.07902278e-06   -2.97627348e-04
4        9.97506234e-08    3.90224017e+00    4.18661591e+00    4.18790242e+00    9.04049131e-07    3.82465348e-07    3.01925077e-04    1.26219310e-05   -3.02829126e-04
5        1.24688279e-07    3.89826394e+00    4.23349479e+00    4.23479151e+00    9.22314424e-07    3.74412481e-07    3.08662170e-04    1.97730252e-05   -3.09584485e-04
6        1.49625935e-07    3.89362261e+00    4.28032692e+00    4.28162297e+00    9.13581794e-07    3.82466806e-07    3.16913541e-04    2.84873424e-05   -3.17827123e-04
7        1.74563591e-07    3.88828197e+00    4.32707969e+00    4.32838528e+00    9.33045620e-07    3.72542500e-07    3.26669701e-04    3.87947456e-05   -3.27602746e-04
8        1.99501247e-07    3.88220366e+00    4.37376169e+00    4.37506697e+00    9.23459880e-07    3.81819281e-07    3.37914091e-04    5.06459569e-05   -3.38837551e-04
9        2.24438903e-07    3.87534772e+00    4.42034180e+00    4.42165658e+00    9.44329102e-07    3.70450444e-07    3.50633566e-04    6.40691567e-05   -3.51577895e-04
10       2.49376559e-07    3.86766957e+00    4.46682812e+00    4.46814267e+00    9.33822773e-07    3.80726509e-07    3.64807783e-04    7.90104487e-05   -3.65741606e-04
11       2.74314214e-07    3.85912207e+00    4.51318944e+00    4.51451383e+00    9.56373392e-07    3.68014907e-07    3.80419938e-04    9.54966495e-05   -3.81376311e-04
12       2.99251870e-07    3.84965243e+00    4.55943452e+00    4.56075867e+00    9.44880463e-07    3.79271616e-07    3.97445696e-04    1.13469034e-04   -3.98390577e-04
13       3.24189526e-07    3.83920424e+00    4.60553119e+00    4.60686584e+00    9.69475148e-07    3.65177268e-07    4.15864467e-04    1.32953372e-04   -4.16833942e-04
14       3.49127182e-07    3.82771375e+00    4.65148961e+00    4.65282403e+00    9.56909631e-07    3.77505020e-07    4.35647706e-04    1.53885893e-04   -4.36604616e-04
15       3.74064838e-07    3.81511216e+00    4.69727607e+00    4.69862194e+00    9.83970574e-07    3.61896920e-07    4.56770827e-04    1.76291713e-04   -4.57754798e-04
16       3.99002494e-07    3.80132078e+00    4.74290273e+00    4.74424833e+00    9.70131592e-07    3.75470505e-07    4.79200793e-04    2.00101746e-04   -4.80170925e-04
17       4.23940150e-07    3.78625432e+00    4.78833354e+00    4.78969201e+00    1.00034366e-06    3.58131076e-07    5.02908298e-04    2.25340809e-04   -5.03908642e-04
18       4.48877805e-07    3.76981275e+00    4.83358351e+00    4.83494181e+00    9.85086139e-07    3.73218225e-07    5.27855670e-04    2.51934257e-04   -5.28840757e-04
19       4.73815461e-07    3.75188733e+00    4.87861368e+00    4.87998663e+00    1.01912584e-06    3.53829470e-07    5.54008273e-04    2.79907250e-04   -5.55027400e-04
20       4.98753117e-07    3.73234786e+00    4.92344232e+00    4.92481541e+00    1.00228416e-06    3.70812451e-07    5.81322611e-04    3.09178872e-04   -5.82324895e-04
21       5.23690773e-07    3.71105070e+00    4.96802701e+00    4.96941714e+00    1.04121573e-06    3.48918194e-07    6.09757922e-04    3.39775618e-04   -6.10799139e-04
22       5.48628429e-07    3.68782019e+00    5.01239019e+00    5.01378088e+00    1.02233762e-06    3.68351495e-07    6.39263607e-04    3.71609500e-04   -6.40285945e-04
23       5.73566085e-07    3.66245993e+00    5.05648450e+00    5.05789572e+00    1.06794444e-06    3.43275009e-07    6.69790054e-04    4.04709213e-04   -6.70857999e-04
24       5.98503741e-07    3.63472093e+00    5.10033839e+00    5.10175085e+00    1.04645757e-06    3.65996735e-07    7.01278216e-04    4.38978912e-04   -7.02324674e-04
25       6.23441397e-07    3.60432063e+00    5.14389796e+00    5.14533548e+00    1.10082540e-06    3.36697268e-07    7.33665664e-04    4.74451140e-04   -7.34766490e-04
26       6.48379052e-07    3.57088683e+00    5.18719899e+00    5.18863893e+00    1.07592021e-06    3.64024989e-07    7.66879726e-04    5.11019855e-04   -7.67955647e-04
27       6.73316708e-07    3.53398378e+00    5.23017882e+00    5.23165057e+00    1.14295241e-06    3.28795070e-07    8.00837563e-04    5.48724233e-04   -8.01980516e-04
28       6.98254364e-07    3.49300924e+00    5.27288361e+00    5.27435982e+00    1.11322157e-06    3.62990475e-07    8.35443757e-04    5.87444688e-04   -8.36556979e-04
29       7.23192020e-07    3.44722232e+00    5.31523852e+00    5.31675621e+00    1.19894381e-06    3.18750365e-07    8.70578177e-04    6.27232253e-04   -8.71777121e-04
30       7.48129676e-07    3.39553210e+00    5.35730388e+00    5.35882934e+00    1.16130924e-06    3.64150979e-07    9.06097389e-04    6.67945943e-04   -9.07258699e-04
31       7.73067332e-07    3.33647968e+00    5.39898542e+00    5.40056886e+00    1.27896637e-06    3.04465279e-07    9.41795365e-04    7.09658335e-04   -9.43074332e-04
32       7.98004988e-07    3.26766864e+00    5.44036874e+00    5.44196453e+00    1.22461866e-06    3.71165103e-07    9.77409575e-04    7.52192660e-04   -9.78634194e-04
33       8.22942643e-07    3.18537289e+00    5.48132257e+00    5.48300619e+00    1.40484309e-06    2.78771138e-07    1.01246183e-03    7.95666271e-04   -1.01386667e-03
34       8.47880299e-07    3.08190721e+00    5.52198031e+00    5.52368376e+00    1.30348711e-06    3.99966390e-07    1.04620255e-03    8.39815860e-04   -1.04750604e-03
35       8.72817955e-07    2.93928162e+00    5.56214743e+00    5.56398726e+00    1.64310625e-06    1.96722695e-07    1.07649109e-03    8.84932762e-04   -1.07813420e-03
36       8.97755611e-07    2.63887809e+00    5.60225543e+00    5.60390680e+00    9.90501474e-07    6.60866823e-07    1.09166537e-03    9.30485303e-04   -1.09265587e-03
37       9.22693267e-07    2.21707771e+00    5.64192708e+00    5.64343256e+00    3.10420033e-07    1.19506307e-06    1.03126397e-03    9.11153005e-04   -1.03157439e-03
38       9.47630923e-07    2.03105899e+00    5.68098882e+00    5.68255485e+00    5.92858629e-07    9.73167991e-07    9.72768647e-04    8.70711380e-04   -9.73361509e-04
39       9.72568579e-07    1.89881484e+00    5.71985914e+00    5.72126407e+00    4.05918911e-07    9.99002075e-07    9.16257197e-04    8.27341252e-04   -9.16663119e-04
40       9.97506234e-07    1.79466120e+00    5.75816148e+00    5.75955070e+00    5.32657830e-07    8.56563388e-07    8.62225035e-04    7.83600627e-04   -8.62757696e-04
41       1.02244389e-06    1.70856303e+00    5.79611541e+00    5.79740535e+00    4.23182470e-07    8.66754140e-07    8.10303463e-04    7.40240046e-04   -8.10726649e-04
42       1.04738155e-06    1.63532807e+00    5.83354706e+00    5.83481873e+00    5.03198735e-07    7.68471839e-07    7.60675216e-04    6.97874710e-04   -7.61178418e-04
43       1.07231920e-06    1.57187329e+00    5.87058329e+00    5.87178165e+00    4.24561859e-07    7.73799603e-07    7.13114122e-04    6.56626076e-04   -7.13538687e-04
44       1.09725686e-06    1.51615437e+00    5.90710344e+00    5.90828504e+00    4.82237849e-07    6.99363915e-07    6.67718794e-04    6.16763295e-04   -6.68201036e-04
45       1.12219451e-06    1.46677276e+00    5.94319712e+00    5.94431993e+00    4.19999641e-07    7.02813236e-07    6.24319795e-04    5.78278088e-04   -6.24739798e-04
46       1.14713217e-06    1.42266991e+00    5.97877012e+00    5.97987748e+00    4.64575916e-07    6.42780774e-07    5.82973292e-04    5.41312224e-04   -5.83437872e-04
47       1.17206983e-06    1.38308054e+00    6.01389138e+00    6.01494895e+00    4.12440270e-07    6.45136565e-07    5.43540896e-04    5.05819725e-04   -5.43953340e-04
48       1.19700748e-06    1.34736515e+00    6.04848249e+00    6.04952575e+00    4.48384891e-07    5.94878272e-07    5.06052965e-04    4.71878893e-04   -5.06501354e-04
49       1.22194514e-06    1.31505491e+00    6.08259977e+00    6.08359937e+00    4.03062009e-07    5.96541398e-07    4.70389998e-04    4.39431487e-04   -4.70793064e-04
50       1.24688279e-06    1.28572268e+00    6.11617539e+00    6.11716146e+00    4.32873813e-07    5.53198205e-07    4.36564938e-04    4.08518292e-04   -4.36997815e-04
51       1.27182045e-06    1.25905954e+00    6.14925703e+00    6.15020377e+00    3.92428602e-07    5.54316564e-07    4.04471241e-04    3.79077991e-04   -4.04863673e-04
52       1.29675810e-06    1.23475916e+00    6.18178442e+00    6.18271820e+00    4.17646006e-07    5.16131261e-07    3.74109324e-04    3.51126697e-04   -3.74526974e-04
53       1.32169576e-06    1.21260740e+00    6.21379905e+00    6.21469675e+00    3.80846739e-07    5.16852351e-07    3.45382092e-04    3.24603616e-04   -3.45762943e-04
54       1.34663342e-06    1.19237243e+00    6.24524645e+00    6.24613158e+00    4.02486702e-07    4.82647588e-07    3.18280524e-04    2.99507407e-04   -3.18683014e-04
55       1.37157107e-06    1.17390024e+00    6.27616349e+00    6.27701498e+00    3.68502092e-07    4.82981760e-07    2.92714803e-04    2.75779340e-04   -2.93083309e-04
56       1.39650873e-06    1.15700816e+00    6.30650015e+00    6.30733935e+00    3.87270493e-07    4.51930440e-07    2.68668779e-04    2.53405243e-04   -2.69056054e-04
57       1.42144638e-06    1.14158247e+00    6.33628980e+00    6.33709726e+00    3.55514187e-07    4.51941434e-07    2.46058502e-04    2.32329129e-04   -2.46414020e-04
58       1.44638404e-06    1.12747436e+00    6.36548604e+00    6.36628139e+00    3.71923461e-07    4.23434736e-07    2.24862282e-04    2.12527022e-04   -2.25234210e-04
59       1.47132170e-06    1.11459830e+00    6.39411947e+00    6.39488459e+00    3.41966576e-07    4.23153323e-07    2.05001154e-04    1.93946037e-04   -2.05343124e-04
60       1.49625935e-06    1.10282979e+00    6.42214670e+00    6.42289984e+00    3.56400805e-07    3.96735676e-07    1.86449144e-04    1.76554573e-04   -1.86805549e-04
61       1.52119701e-06    1.09210375e+00    6.44959613e+00    6.45032024e+00    3.27920852e-07    3.96186985e-07    1.69131675e-04    1.60303029e-04   -1.69459600e-04
62       1.54613466e-06    1.08231373e+00    6.47642689e+00    6.47713908e+00    3.40676130e-07    3.71511768e-07    1.53019504e-04    1.45153813e-04   -1.53360184e-04
63       1.57107232e-06    1.07340989e+00    6.50266563e+00    6.50334976e+00    3.13425109e-07    3.70709093e-07    1.38042039e-04    1.31060718e-04   -1.38355468e-04
64       1.59600998e-06    1.06529954e+00    6.52827362e+00    6.52894586e+00    3.24734931e-07    3.47500653e-07    1.24167615e-04    1.17981439e-04   -1.24492354e-04
65       1.62094763e-06    1.05794459e+00    6.55327610e+00    6.55392108e+00    2.98518279e-07    3.46465016e-07    1.11329370e-04    1.05873249e-04   -1.11627893e-04
66       1.64588529e-06    1.05126305e+00    6.57763623e+00    6.57826930e+00    3.08570892e-07    3.24507650e-07    9.94939304e-05    9.46901573e-05   -9.98025054e-05
67       1.67082294e-06    1.04522605e+00    6.60137806e+00    6.60198455e+00    2.83233576e-07    3.23251801e-07    8.85980063e-05    8.43929969e-05   -8.88812439e-05
68       1.69576060e-06    1.03976015e+00    6.62446643e+00    6.62506098e+00    2.92183293e-07    3.02370108e-07    7.86071373e-05    7.49329375e-05   -7.88993247e-05
69       1.72069825e-06    1.03484388e+00    6.64692445e+00    6.64749295e+00    2.67600091e-07    3.00905495e-07    6.94615167e-05    6.62744567e-05   -6.97291209e-05
70       1.74563591e-06    1.03041074e+00    6.66871842e+00    6.66927495e+00    2.75575490e-07    2.80956162e-07    6.11261501e-05    5.83666040e-05   -6.14017297e-05
71       1.77057357e-06    1.02644531e+00    6.68987069e+00    6.69040162e+00    2.51644094e-07    2.79292484e-07    5.35446715e-05    5.11775872e-05   -5.37963197e-05
72       1.79551122e-06    1.02288684e+00    6.71034887e+00    6.71086778e+00    2.58753860e-07    2.60155759e-07    4.66820457e-05    4.46549522e-05   -4.69408037e-05
73       1.82044888e-06    1.01972495e+00    6.73017472e+00    6.73066841e+00    2.35389817e-07    2.58302176e-07    4.04853430e-05    3.87707303e-05   -4.07207369e-05
74       1.84538653e-06    1.01690370e+00    6.74931704e+00    6.74979865e+00    2.41727042e-07    2.39878910e-07    3.49199310e-05    3.34714998e-05   -3.51616621e-05
75       1.87032419e-06    1.01441700e+00    6.76779708e+00    6.76825379e+00    2.18860069e-07    2.37843367e-07    2.99363350e-05    2.87332123e-05   -3.01551993e-05
76       1.89526185e-06    1.01221302e+00    6.78558475e+00    6.78602930e+00    2.24505446e-07    2.20049261e-07    2.55007293e-05    2.45019492e-05   -2.57252389e-05
77       1.92019950e-06    1.01028935e+00    6.80270092e+00    6.80312083e+00    2.02076603e-07    2.17838780e-07    2.15671295e-05    2.07576820e-05   -2.17692103e-05
78       1.94513716e-06    1.00859770e+00    6.81911648e+00    6.81952418e+00    2.07100861e-07    2.00601973e-07    1.81028838e-05    1.74464110e-05   -1.83099888e-05
79       1.97007481e-06    1.00713891e+00    6.83485204e+00    6.83523532e+00    1.85060401e-07    1.98222864e-07    1.50655432e-05    1.45522281e-05   -1.52506077e-05
80       1.99501247e-06    1.00586776e+00    6.84987938e+00    6.85025039e+00    1.89526187e-07    1.81481463e-07    1.24239657e-05    1.20214204e-05   -1.26134960e-05
81       2.01995012e-06    1.00478799e+00    6.86421894e+00    6.86456571e+00    1.67831874e-07    1.78939231e-07    1.01392874e-05    9.84229929e-06   -1.03071234e-05
82       2.04488778e-06    1.00385710e+00    6.87784332e+00    6.87817776e+00    1.71795214e-07    1.62639771e-07    8.18218313e-06    7.96176538e-06   -8.35398250e-06
83       2.06982544e-06    1.00308147e+00    6.89077284e+00    6.89108319e+00    1.50411012e-07    1.59939351e-07    6.51742400e-06    6.37244546e-06   -6.66783917e-06
84       2.09476309e-06    1.00242100e+00    6.90298090e+00    6.90327886e+00    1.53922476e-07    1.44035050e-07    5.11778221e-06    5.02214262e-06   -5.27170885e-06
85       2.11970075e-06    1.00188447e+00    6.91448775e+00    6.91476174e+00    1.32817486e-07    1.41180715e-07    3.95171098e-06    3.90789037e-06   -4.08453262e-06
86       2.14463840e-06    1.00143399e+00    6.92526749e+00    6.92552904e+00    1.35923114e-07    1.25630425e-07    2.99433529e-06    2.97864859e-06   -3.13026256e-06
87       2.16957606e-06    1.00108058e+00    6.93534041e+00    6.93557810e+00    1.15070724e-07    1.22625839e-07    2.21783199e-06    2.23594259e-06   -2.33290687e-06
88       2.19451372e-06    1.00078832e+00    6.94468126e+00    6.94490646e+00    1.17812777e-07    1.07393097e-07    1.59991065e-06    1.63011119e-06   -1.71772758e-06
89       2.21945137e-06    1.00057036e+00    6.95331040e+00    6.95351183e+00    9.71899641e-08    1.04241312e-07    1.11650509e-06    1.16724912e-06   -1.21369921e-06
90       2.24438903e-06    1.00039259e+00    6.96120319e+00    6.96139209e+00    9.96075437e-08    8.92935577e-08    7.48118701e-07    7.99265569e-07   -8.47730404e-07
91       2.26932668e-06    1.00027020e+00    6.96838012e+00    6.96854532e+00    7.91942956e-08    8.59970222e-08    4.74465544e-07    5.36893723e-07   -5.53663999e-07
92       2.29426434e-06    1.00017075e+00    6.97481711e+00    6.97496974e+00    8.13238502e-08    7.13049518e-08    2.79030299e-07    3.33775312e-07   -3.60358309e-07
93       2.31920200e-06    1.00011139e+00    6.98053483e+00    6.98066380e+00    6.11026834e-08    6.78654835e-08    1.45318753e-07    2.05341475e-07   -2.06425596e-07
94       2.34413965e-06    1.00006126e+00    6.98550970e+00    6.98562608e+00    6.29784361e-08    5.34025031e-08    5.99632964e-08    1.07100101e-07   -1.22945892e-07
95       2.36907731e-06    1.00003943e+00    6.98976262e+00    6.98985538e+00    4.29339850e-08    4.98212695e-08    1.02596802e-08    5.92295772e-08   -5.31978251e-08
96       2.39401496e-06    1.00001648e+00    6.99327049e+00    6.99335064e+00    4.45882947e-08    3.55630313e-08   -1.38659491e-08    1.92097201e-08   -3.07265055e-08
97       2.41895262e-06    1.00001343e+00    6.99605448e+00    6.99611103e+00    2.47069593e-08    3.18405140e-08   -2.13441828e-08    1.20046111e-08   -3.36693643e-09
98       2.44389027e-06    1.00000222e+00    6.99809191e+00    6.99813584e+00    2.61706314e-08    1.77645124e-08   -1.88288418e-08   -2.85565825e-09   -7.34594947e-09
99       2.46882793e-06    1.00000577e+00    6.99940426e+00    6.99942460e+00    6.44027048e-09    1.39004600e-08   -1.15088109e-08    4.40587309e-09    5.06438056e-09
100      2.49376559e-06    9.99997358e-01    6.99996925e+00    6.99997698e+00    7.74282698e-09   -1.43240505e-11   -2.51075719e-09   -4.57925148e-09   -5.23622969e-09
101      2.51870324e-06    1.00000181e+00    6.99980872e+00    6.99979285e+00   -1.18475140e-08   -4.02095512e-09    6.66956368e-09    4.79447703e-09    5.17379038e-09
102      2.54364090e-06    9.99993682e-01    6.99890073e+00    6.99887225e+00   -1.06775939e-08   -1.77943741e-08    1.65212422e-08   -3.71583378e-09   -5.84780820e-09
103      2.56857855e-06    9.99999754e-01    6.99726750e+00    6.99721542e+00   -3.01379283e-08   -2.19454936e-08    2.91755800e-08    9.32792824e-09    9.58188438e-10
104      2.59351621e-06    9.99995809e-01    6.99488741e+00    6.99482274e+00   -2.90729915e-08   -3.55965271e-08    4.88081971e-08    9.80546302e-09   -1.97393655e-08
105      2.61845387e-06    1.00001064e+00    6.99178313e+00    6.99169482e+00   -4.84126176e-08   -3.98950016e-08    8.10931044e-08    4.19799892e-08   -3.26846467e-08
106      2.64339152e-06    1.00002122e+00    6.98793329e+00    6.98783242e+00   -4.74256361e-08   -5.34420335e-08    1.33946151e-07    7.38235961e-08   -8.65246749e-08
107      2.66832918e-06    1.00005842e+00    6.98336104e+00    6.98323649e+00   -6.66533491e-08   -5.78917967e-08    2.16480714e-07    1.54405794e-07   -1.49831525e-07
108      2.69326683e-06    1.00010041e+00    6.97804523e+00    6.97790816e+00   -6.57177296e-08   -7.13528829e-08    3.40390352e-07    2.53733336e-07   -2.74676782e-07
109      2.71820449e-06    1.00018023e+00    6.97200953e+00    6.97184873e+00   -8.48420269e-08   -7.59590697e-08    5.18104794e-07    4.25652304e-07   -4.33266926e-07
110      2.74314214e-06    1.00027722e+00    6.96523298e+00    6.96505970e+00   -8.39314255e-08   -8.93522048e-08    7.65117539e-07    6.42118431e-07   -6.81190273e-07
111      2.76807980e-06    1.00042670e+00    6.95773981e+00    6.95754272e+00   -1.02960709e-07   -9.41213139e-08    1.09703132e-06    9.61714326e-07   -9.94074770e-07
112      2.79301746e-06    1.00060921e+00    6.94950917e+00    6.94929966e+00   -1.02048844e-07   -1.07464705e-07    1.53314767e-06    1.35823046e-06   -1.43110299e-06
113      2.81795511e-06    1.00086247e+00    6.94056591e+00    6.94033252e+00   -1.20991628e-07   -1.12404794e-07    2.09207798e-06    1.89493637e-06   -1.97109051e-06
114      2.84289277e-06    1.00116825e+00    6.93088928e+00    6.93064351e+00   -1.20052088e-07   -1.25717148e-07    2.79692705e-06    2.54731361e-06   -2.67687912e-06
115      2.86783042e-06    1.00156686e+00    6.92050477e+00    6.92023501e+00   -1.38917210e-07   -1.30838080e-07    3.66912885e-06    3.38326054e-06   -3.53021580e-06
116      2.89276808e-06    1.00204131e+00    6.90939164e+00    6.90910958e+00   -1.37923247e-07   -1.44138921e-07    4.73557532e-06    4.37977565e-06   -4.59765623e-06
117      2.91770574e-06    1.00263472e+00    6.89757611e+00    6.89726994e+00   -1.56720105e-07   -1.49452651e-07    6.02031442e-06    5.60932062e-06   -5.86359847e-06
118      2.94264339e-06    1.00333140e+00    6.88503741e+00    6.88471900e+00   -1.55644411e-07   -1.62762671e-07    7.55399946e-06    7.05020474e-06   -7.39835920e-06
119      2.96758105e-06    1.00417750e+00    6.87180252e+00    6.87145985e+00   -1.74383216e-07   -1.68283612e-07    9.36306030e-06    8.77938176e-06   -9.18868124e-06
120      2.99251870e-06    1.00515876e+00    6.85785056e+00    6.85749574e+00   -1.73197665e-07   -1.81625076e-07    1.14818782e-05    1.07762317e-05   -1.13086847e-05
121      3.01745636e-06    1.00632466e+00    6.84320936e+00    6.84283010e+00   -1.91889730e-07   -1.87370531e-07    1.39390084e-05    1.31221251e-05   -1.37471228e-05
122      3.04239401e-06    1.00766246e+00    6.82785786e+00    6.82746652e+00   -1.90565086e-07   -2.00767673e-07    1.67725215e-05    1.57972361e-05   -1.65819605e-05
123      3.06733167e-06    1.00922532e+00    6.81182477e+00    6.81140879e+00   -2.09223158e-07   -2.06758446e-07    2.00128151e-05    1.88872746e-05   -1.98035961e-05
124      3.09226933e-06    1.01100220e+00    6.79508880e+00    6.79466083e+00   -2.07728730e-07   -2.20238216e-07    2.37016085e-05    2.23728929e-05   -2.34938839e-05
125      3.11720698e-06    1.01305041e+00    6.77767964e+00    6.77722677e+00   -2.26367392e-07   -2.26499231e-07    2.78708311e-05    2.63440634e-05   -2.76444679e-05
126      3.14214464e-06    1.01536080e+00    6.75957565e+00    6.75911089e+00   -2.24670609e-07   -2.40091791e-07    3.25658107e-05    3.07815557e-05   -3.23411443e-05
127      3.16708229e-06    1.01799536e+00    6.74080759e+00    6.74031763e+00   -2.43306751e-07   -2.46653057e-07    3.78196682e-05    3.57795316e-05   -3.75763656e-05
128      3.19201995e-06    1.02094713e+00    6.72135336e+00    6.72085160e+00   -2.41372654e-07   -2.60392717e-07    4.36813049e-05    4.13184672e-05   -4.34399364e-05
129      3.21695761e-06    1.02428346e+00    6.70124490e+00    6.70071758e+00   -2.60026065e-07   -2.67290410e-07    5.01846590e-05    4.74966474e-05   -4.99246370e-05
130      3.24189526e-06    1.02799996e+00    6.68045956e+00    6.67992053e+00   -2.57816665e-07   -2.81216267e-07    5.73821813e-05    5.42937856e-05   -5.71243688e-05
131      3.26683292e-06    1.03217016e+00    6.65903054e+00    6.65846554e+00   -2.76510754e-07   -2.88494052e-07    6.53082156e-05    6.18122346e-05   -6.50317089e-05
132      3.29177057e-06    1.03679276e+00    6.63693451e+00    6.63635788e+00   -2.73984207e-07   -3.02652554e-07    7.40187543e-05    7.00304065e-05   -7.37447742e-05
133      3.31670823e-06    1.04194856e+00    6.61420608e+00    6.61360297e+00   -2.92746962e-07   -3.10364209e-07    8.35480925e-05    7.90546829e-05   -8.32553496e-05
134      3.34164589e-06    1.04764004e+00    6.59082108e+00    6.59020641e+00   -2.89856527e-07   -3.24809361e-07    9.39557818e-05    8.88615518e-05   -9.36659294e-05
135      3.36658354e-06    1.05395661e+00    6.56681569e+00    6.56617395e+00   -3.08721705e-07   -3.33020642e-07    1.05275563e-04    9.95614059e-05   -1.04966845e-04
136      3.39152120e-06    1.06090545e+00    6.54216470e+00    6.54151147e+00   -3.05414357e-07   -3.47817212e-07    1.17570600e-04    1.11128080e-04   -1.17265189e-04
137      3.41645885e-06    1.06858643e+00    6.51690606e+00    6.51622503e+00   -3.24423090e-07   -3.56609987e-07    1.30873512e-04    1.23675989e-04   -1.30549093e-04
138      3.44139651e-06    1.07701272e+00    6.49101332e+00    6.49032084e+00   -3.20637703e-07   -3.71835550e-07    1.45251179e-04    1.37175451e-04   -1.44930545e-04
139      3.46633416e-06    1.08629700e+00    6.46452642e+00    6.46380527e+00   -3.39840666e-07   -3.81308007e-07    1.60734459e-04    1.51744949e-04   -1.60394623e-04
140      3.49127182e-06    1.09646022e+00    6.43741738e+00    6.43668482e+00   -3.35505301e-07   -3.97060657e-07    1.77394112e-04    1.67350236e-04   -1.77058611e-04
141      3.51620948e-06    1.10763116e+00    6.40972846e+00    6.40896614e+00   -3.54965733e-07   -4.07346788e-07    1.95258500e-04    1.84113956e-04   -1.94903538e-04
142      3.54114713e-06    1.11984115e+00    6.38142979e+00    6.38065605e+00   -3.49994399e-07   -4.23744913e-07    2.14402531e-04    2.01996005e-04   -2.14052541e-04
143      3.56608479e-06    1.13323957e+00    6.35256630e+00    6.35176150e+00   -3.69792133e-07   -4.35010856e-07    2.34851202e-04    2.21123332e-04   -2.34481414e-04
144      3.59102244e-06    1.14787189e+00    6.32310586e+00    6.32228957e+00   -3.64079570e-07   -4.52206574e-07    2.56683970e-04    2.41448330e-04   -2.56319894e-04
145      3.61596010e-06    1.16391462e+00    6.29309650e+00    6.29224751e+00   -3.84317165e-07   -4.64672308e-07    2.79921429e-04    2.63102455e-04   -2.79537116e-04
146      3.64089776e-06    1.18143311e+00    6.26250328e+00    6.26164269e+00   -3.77731568e-07   -4.82861137e-07    3.04648169e-04    2.86028435e-04   -3.04270441e-04
147      3.66583541e-06    1.20064063e+00    6.23137797e+00    6.23048262e+00   -3.98543442e-07   -4.96809009e-07    3.30879119e-04    3.10362496e-04   -3.30480579e-04
148      3.69077307e-06    1.22163137e+00    6.19968210e+00    6.19877495e+00   -3.90914953e-07   -5.16234329e-07    3.58704848e-04    3.36034741e-04   -3.58313937e-04
149      3.71571072e-06    1.24467019e+00    6.16747204e+00    6.16652747e+00   -4.12480346e-07   -5.32088775e-07    3.88132965e-04    3.63186419e-04   -3.87720489e-04
150      3.74064838e-06    1.26989489e+00    6.13470480e+00    6.13374810e+00   -4.03584425e-07   -5.53115777e-07    4.19261312e-04    3.91730776e-04   -4.18857731e-04
151      3.76558603e-06    1.29764625e+00    6.10144248e+00    6.10044488e+00   -4.26150338e-07   -5.71455405e-07    4.52088035e-04    4.21814300e-04   -4.51661889e-04
152      3.79052369e-06    1.32813116e+00    6.06763620e+00    6.06662598e+00   -4.15678738e-07   -5.94542124e-07    4.86720154e-04    4.53326904e-04   -4.86304479e-04
153      3.81546135e-06    1.36180836e+00    6.03335556e+00    6.03229972e+00   -4.39594785e-07   -6.16244334e-07    5.23143290e-04    4.86420087e-04   -5.22703698e-04
154      3.84039900e-06    1.39900160e+00    5.99854364e+00    5.99747452e+00   -4.27109600e-07   -6.42009939e-07    5.61476707e-04    5.20949853e-04   -5.61049601e-04
155      3.86533666e-06    1.44036710e+00    5.96328021e+00    5.96215892e+00   -4.52888246e-07   -6.68402181e-07    6.01688913e-04    5.57071179e-04   -6.01236028e-04
156      3.89027431e-06    1.48644276e+00    5.92749728e+00    5.92636160e+00   -4.37735202e-07   -6.97949651e-07    6.43916100e-04    5.94586651e-04   -6.43478368e-04
157      3.91521197e-06    1.53825216e+00    5.89128887e+00    5.89009135e+00   -4.66166514e-07   -7.31357794e-07    6.88102703e-04    6.33649358e-04   -6.87636540e-04
158      3.94014963e-06    1.59677736e+00    5.85457034e+00    5.85335707e+00   -4.47333351e-07   -7.65941859e-07    7.34410431e-04    6.73968033e-04   -7.33963101e-04
159      3.96508728e-06    1.66383276e+00    5.81745842e+00    5.81616778e+00   -4.79640824e-07   -8.11004670e-07    7.82745865e-04    7.15672864e-04   -7.82266227e-04
160      3.99002494e-06    1.74151397e+00    5.77984035e+00    5.77853261e+00   -4.55605564e-07   -8.52134945e-07    8.33314178e-04    7.58275101e-04   -8.32858576e-04
161      4.01496259e-06    1.83382169e+00    5.74187371e+00    5.74046079e+00   -4.93359203e-07   -9.19557430e-07    8.85954565e-04    8.01792103e-04   -8.85461209e-04
162      4.03990025e-06    1.94676617e+00    5.70338952e+00    5.70196169e+00   -4.63421162e-07   -9.64408355e-07    9.40960433e-04    8.45150894e-04   -9.40497014e-04
163      4.06483791e-06    2.09442532e+00    5.66463725e+00    5.66304474e+00   -5.00372497e-07   -1.09212936e-06    9.98020228e-04    8.87624174e-04   -9.97519858e-04
164      4.08977556e-06    2.31674056e+00    5.62524565e+00    5.62371951e+00   -5.31045840e-07   -9.95093925e-07    1.05775078e-03    9.23900948e-04   -1.05721973e-03
165      4.11471322e-06    2.79750655e+00    5.58567964e+00    5.58399564e+00   -1.24539036e-06   -4.38609672e-07    1.09437103e-03    9.11783075e-04   -1.09312564e-03
166      4.13965087e-06    2.99984598e+00    5.54574144e+00    5.54388289e+00   -1.56080493e-06   -2.97739894e-07    1.06819554e-03    8.66289928e-04   -1.06663474e-03
167      4.16458853e-06    3.12488492e+00    5.50506348e+00    5.50339111e+00   -1.33211229e-06   -3.40259106e-07    1.03573890e-03    8.21333352e-04   -1.03440679e-03
168      4.18952618e-06    3.21943238e+00    5.46420654e+00    5.46253024e+00   -1.34950410e-06   -3.26795806e-07    1.00084542e-03    7.77330653e-04   -9.99495913e-04
169      4.21446384e-06    3.29609963e+00    5.42288892e+00    5.42131031e+00   -1.24135282e-06   -3.37252828e-07    9.65310383e-04    7.34086821e-04   -9.64069031e-04
170      4.23940150e-06    3.36094990e+00    5.38131878e+00    5.37974144e+00   -1.24104244e-06   -3.36295412e-07    9.29318573e-04    6.91816776e-04   -9.28077531e-04
171      4.26433915e-06    3.41695394e+00    5.33934768e+00    5.33783383e+00   -1.17341649e-06   -3.40428294e-07    8.93557808e-04    6.50415454e-04   -8.92384393e-04
172      4.28927681e-06    3.46626249e+00    5.29711121e+00    5.29559778e+00   -1.17061084e-06   -3.42817680e-07    8.57968099e-04    6.10040248e-04   -8.56797489e-04
173      4.31421446e-06    3.51004912e+00    5.25451133e+00    5.25304365e+00   -1.12302182e-06   -3.44664332e-07    8.22970060e-04    5.70627630e-04   -8.21847039e-04
174      4.33915212e-06    3.54937698e+00    5.21165043e+00    5.21018189e+00   -1.12024045e-06   -3.48296804e-07    7.88467629e-04    5.32303345e-04   -7.87347389e-04
175      4.36408978e-06    3.58482852e+00    5.16845662e+00    5.16702302e+00   -1.08457629e-06   -3.49025707e-07    7.54768210e-04    4.95026480e-04   -7.53683634e-04
176      4.38902743e-06    3.61702950e+00    5.12501278e+00    5.12357765e+00   -1.08195298e-06   -3.53179673e-07    7.21774250e-04    4.58901804e-04   -7.20692297e-04
177      4.41396509e-06    3.64630793e+00    5.08126382e+00    5.07985642e+00   -1.05416154e-06   -3.53236809e-07    6.89732445e-04    4.23902780e-04   -6.88678284e-04
178      4.43890274e-06    3.67307500e+00    5.03727946e+00    5.03587009e+00   -1.05176478e-06   -3.57605510e-07    6.58550430e-04    3.90118663e-04   -6.57498666e-04
179      4.46384040e-06    3.69753122e+00    4.99301600e+00    4.99162944e+00   -1.02936347e-06   -3.57195313e-07    6.28436381e-04    3.57532141e-04   -6.27407018e-04
180      4.48877805e-06    3.71996722e+00    4.94853423e+00    4.94714535e+00   -1.02725714e-06   -3.61625149e-07    5.99304763e-04    3.26220714e-04   -5.98277506e-04
181      4.51371571e-06    3.74051351e+00    4.90379818e+00    4.90242872e+00   -1.00860781e-06   -3.60856225e-07    5.71336015e-04    2.96172782e-04   -5.70327408e-04
182      4.53865337e-06    3.75938620e+00    4.85886244e+00    4.85749054e+00   -1.00664534e-06   -3.65259055e-07    5.44451311e-04    2.67456507e-04   -5.43444666e-04
183      4.56359102e-06    3.77667374e+00    4.81369710e+00    4.81234184e+00   -9.91069016e-07   -3.64190814e-07    5.18810551e-04    2.40064132e-04   -5.17819483e-04
184      4.58852868e-06    3.79254460e+00    4.76835125e+00    4.76699371e+00   -9.89024958e-07   -3.68521001e-07    4.94339306e-04    2.14055361e-04   -4.93350282e-04
185      4.61346633e-06    3.80706000e+00    4.72280015e+00    4.72145727e+00   -9.75687009e-07   -3.67184771e-07    4.71181841e-04    1.89425113e-04   -4.70206155e-04
186      4.63840399e-06    3.82035524e+00    4.67708882e+00    4.67574372e+00   -9.73686349e-07   -3.71410850e-07    4.49267578e-04    1.66225848e-04   -4.48293892e-04
187      4.66334165e-06    3.83247433e+00    4.63119614e+00    4.62986426e+00   -9.62044829e-07   -3.69830804e-07    4.28727154e-04    1.44453750e-04   -4.27765110e-04
188      4.68827930e-06    3.84352851e+00    4.58516405e+00    4.58383017e+00   -9.59952003e-07   -3.73930098e-07    4.09493161e-04    1.24154859e-04   -4.08533210e-04
189      4.71321696e-06    3.85354984e+00    4.53897459e+00    4.53765275e+00   -9.49724835e-07   -3.72120991e-07    3.91684883e-04    1.05325928e-04   -3.90735158e-04
190      4.73815461e-06    3.86263209e+00    4.49266689e+00    4.49134333e+00   -9.47481022e-07   -3.76078716e-07    3.75236897e-04    8.80069666e-05   -3.74289416e-04
191      4.76309227e-06    3.87079885e+00    4.44622567e+00    4.44491328e+00   -9.38345794e-07   -3.74052034e-07    3.60258670e-04    7.21947101e-05   -3.59320325e-04
192      4.78802993e-06    3.87813047e+00    4.39968780e+00    4.39837400e+00   -9.35950212e-07   -3.77853783e-07    3.46686198e-04    5.79235820e-05   -3.45750248e-04
193      4.81296758e-06    3.88464462e+00    4.35304023e+00    4.35173692e+00   -9.27688682e-07   -3.75622596e-07    3.34620085e-04    4.51897613e-05   -3.33692396e-04
194      4.83790524e-06    3.89041118e+00    4.30631782e+00    4.30501348e+00   -9.25086214e-07   -3.79252158e-07    3.23997149e-04    3.40223993e-05   -3.23072063e-04
195      4.86284289e-06    3.89544342e+00    4.25950954e+00    4.25821516e+00   -9.17545674e-07   -3.76833091e-07    3.14910062e-04    2.44167504e-05   -3.13992516e-04
196      4.88778055e-06    3.89980299e+00    4.21264843e+00    4.21135345e+00   -9.14703239e-07   -3.80268679e-07    3.07295873e-04    1.63969247e-05   -3.06381170e-04
197      4.91271820e-06    3.90349990e+00    4.16572529e+00    4.16443985e+00   -9.07750882e-07   -3.77687181e-07    3.01240046e-04    9.95693794e-06   -3.00332295e-04
198      4.93765586e-06    3.90658911e+00    4.11877140e+00    4.11748588e+00   -9.04623217e-07   -3.80896356e-07    2.96679366e-04    5.11607420e-06   -2.95774743e-04
199      4.96259352e-06    3.90907815e+00    4.07177947e+00    4.07050307e+00   -8.98200803e-07   -3.78194898e-07    2.93692780e-04    1.86684283e-06   -2.92794579e-04
200      4.98753117e-06    3.91101665e+00    4.02477863e+00    4.02350295e+00   -8.94699029e-07   -3.80984724e-07    2.92216183e-04    2.23899235e-07   -2.91321484e-04
201      5.01246883e-06    3.91246241e+00    3.97775983e+00    3.97649705e+00   -8.90627509e-07   -3.72151139e-07    2.92151329e-04   -1.27240942e-09   -2.91260702e-04
202      5.03740648e-06    3.91380707e+00    3.93074231e+00    3.92949693e+00   -8.91863714e-07   -3.53512794e-07    2.92269158e-04    1.27877376e-09   -2.91377294e-04
203      5.06234414e-06    3.91510126e+00    3.88373973e+00    3.88251412e+00   -8.89257807e-07   -3.36358171e-07    2.92412948e-04   -1.26891591e-09   -2.91523691e-04
204      5.08728180e-06    3.91636403e+00    3.83678352e+00    3.83556015e+00   -8.89637141e-07   -3.33738455e-07    2.92522841e-04    1.27518372e-09   -2.91633204e-04
205      5.11221945e-06    3.91758048e+00    3.78984766e+00    3.78864655e+00   -8.87545165e-07   -3.13568742e-07    2.92658339e-04   -1.26524802e-09   -2.91770794e-04
206      5.13715711e-06    3.91876834e+00    3.74296742e+00    3.74178484e+00   -8.86845935e-07   -2.95734259e-07    2.92760678e-04    1.27147996e-09   -2.91873832e-04
207      5.16209476e-06    3.91991202e+00    3.69619025e+00    3.69498652e+00   -8.83259695e-07   -3.20473874e-07    2.92886445e-04   -1.26151937e-09   -2.92003185e-04
208      5.18703242e-06    3.92102877e+00    3.64949172e+00    3.64826308e+00   -8.83470480e-07   -3.45166534e-07    2.92983522e-04    1.26776036e-09   -2.92100052e-04
209      5.21197007e-06    3.92210640e+00    3.60285637e+00    3.60162600e+00   -8.79248720e-07   -3.51114793e-07    2.93101179e-04   -1.25781443e-09   -2.92221930e-04
210      5.23690773e-06    3.92315710e+00    3.55640684e+00    3.55508672e+00   -8.77869599e-07   -4.42246870e-07    2.93190904e-04    1.26409800e-09   -2.92313034e-04
211      5.26184539e-06    3.92417276e+00    3.50996631e+00    3.50865667e+00   -8.76098875e-07   -4.33535610e-07    2.93304035e-04   -1.25419651e-09   -2.92427936e-04
212      5.28678304e-06    3.92516428e+00    3.46371866e+00    3.46234725e+00   -8.71916259e-07   -4.99493940e-07    2.93385805e-04    1.26054788e-09   -2.92513889e-04
213      5.31172070e-06    3.92612134e+00    3.41756977e+00    3.41616983e+00   -8.71044148e-07   -5.28899346e-07    2.93493250e-04   -1.25071342e-09   -2.92622206e-04
214      5.33665835e-06    3.92705799e+00    3.37153889e+00    3.37013574e+00   -8.66915160e-07   -5.36239574e-07    2.93570305e-04    1.25715167e-09   -2.92703390e-04
215      5.36159601e-06    3.92796155e+00    3.32568426e+00    3.32425628e+00   -8.64613949e-07   -5.63366993e-07    2.93670296e-04   -1.24740149e-09   -2.92805682e-04
216      5.38653367e-06    3.92884619e+00    3.27995187e+00    3.27854273e+00   -8.61046609e-07   -5.48096887e-07    2.93743373e-04    1.25394112e-09   -2.92882326e-04
217      5.41147132e-06    3.92970011e+00    3.23441756e+00    3.23300629e+00   -8.57482555e-07   -5.53783647e-07    2.93836517e-04   -1.24428846e-09   -2.92979035e-04
218      5.43640898e-06    3.93053569e+00    3.18905793e+00    3.18765816e+00   -8.53557366e-07   -5.46218016e-07    2.93904935e-04    1.25094056e-09   -2.93051377e-04
219      5.46134663e-06    3.93134275e+00    3.14390647e+00    3.14250946e+00   -8.49657329e-07   -5.47348589e-07    2.93992488e-04   -1.24139564e-09   -2.93142831e-04
220      5.48628429e-06    3.93213252e+00    3.09895871e+00    3.09757128e+00   -8.45236113e-07   -5.42195429e-07    2.94056389e-04    1.24816870e-09   -2.93211153e-04
221      5.51122195e-06    3.93289565e+00    3.05423692e+00    3.05285465e+00   -8.41039875e-07   -5.41228519e-07    2.94138724e-04   -1.23873949e-09   -2.93297685e-04
222      5.53615960e-06    3.93364251e+00    3.00974381e+00    3.00837056e+00   -8.36115985e-07   -5.37133157e-07    2.94198351e-04    1.24564004e-09   -2.93362235e-04
223      5.56109726e-06    3.93436440e+00    2.96549644e+00    2.96412991e+00   -8.31627608e-07   -5.34902975e-07    2.94275780e-04   -1.23633273e-09   -2.93444153e-04
224      5.58603491e-06    3.93507100e+00    2.92150111e+00    2.92014358e+00   -8.26205372e-07   -5.31322069e-07    2.94331366e-04    1.24336582e-09   -2.93505161e-04
225      5.61097257e-06    3.93575414e+00    2.87777199e+00    2.87642235e+00   -8.21425194e-07   -5.28209014e-07    2.94404171e-04   -1.23418532e-09   -2.93582746e-04
226      5.63591022e-06    3.93642289e+00    2.83431737e+00    2.83297698e+00   -8.15514632e-07   -5.24874377e-07    2.94455935e-04    1.24135487e-09   -2.93640420e-04
227      5.66084788e-06    3.93706957e+00    2.79114963e+00    2.78981811e+00   -8.10439796e-07   -5.21082845e-07    2.94524372e-04   -1.23230506e-09   -2.93713932e-04
228      5.68578554e-06    3.93770271e+00    2.74827825e+00    2.74695635e+00   -8.04050804e-07   -5.17844762e-07    2.94572518e-04    1.23961414e-09   -2.93768467e-04
229      5.71072319e-06    3.93831502e+00    2.70571440e+00    2.70440222e+00   -7.98681364e-07   -5.13497144e-07    2.94636824e-04   -1.23069816e-09   -2.93838143e-04
230      5.73566085e-06    3.93891458e+00    2.66346826e+00    2.66216617e+00   -7.91823933e-07   -5.10265123e-07    2.94681539e-04    1.23814921e-09   -2.93889715e-04
231      5.76059850e-06    3.93949448e+00    2.62155016e+00    2.62025856e+00   -7.86159190e-07   -5.05440762e-07    2.94741933e-04   -1.22936960e-09   -2.93955774e-04
232      5.78553616e-06    3.94006235e+00    2.57997069e+00    2.57868969e+00   -7.78843288e-07   -5.02157028e-07    2.94783391e-04    1.23696459e-09   -2.94004548e-04
233      5.81047382e-06    3.94061162e+00    2.53873955e+00    2.53746976e+00   -7.72884563e-07   -4.96910676e-07    2.94840075e-04   -1.22832347e-09   -2.94067190e-04
234      5.83541147e-06    3.94114953e+00    2.49786754e+00    2.49660889e+00   -7.65120340e-07   -4.93537012e-07    2.94878438e-04    1.23606402e-09   -2.94113318e-04
235      5.86034913e-06    3.94166982e+00    2.45736388e+00    2.45611711e+00   -7.58869254e-07   -4.87908453e-07    2.94931598e-04   -1.22756323e-09   -2.94172729e-04
236      5.88528678e-06    3.94217936e+00    2.41723944e+00    2.41600436e+00   -7.50666776e-07   -4.84419020e-07    2.94967017e-04    1.23545072e-09   -2.94216351e-04
237      5.91022444e-06    3.94267220e+00    2.37750306e+00    2.37628049e+00   -7.44125742e-07   -4.78438474e-07    2.95016828e-04   -1.22709185e-09   -2.94272702e-04
238      5.93516209e-06    3.94315487e+00    2.33816557e+00    2.33695526e+00   -7.35495024e-07   -4.74815669e-07    2.95049442e-04    1.23512749e-09   -2.94313947e-04
239      5.96009975e-06    3.94362166e+00    2.29923549e+00    2.29803831e+00   -7.28667496e-07   -4.68506997e-07    2.95096064e-04   -1.22691201e-09   -2.94367396e-04
240      5.98503741e-06    3.94407881e+00    2.26072356e+00    2.25953921e+00   -7.19618732e-07   -4.64738925e-07    2.95126004e-04    1.23509693e-09   -2.94406385e-04
241      6.00997506e-06    3.94452086e+00    2.22263802e+00    2.22146739e+00   -7.12508803e-07   -4.58121639e-07    2.95169587e-04   -1.22702621e-09   -2.94457078e-04
242      6.03491272e-06    3.94495376e+00    2.18498948e+00    2.18383222e+00   -7.03052100e-07   -4.54200496e-07    2.95196973e-04    1.23536148e-09   -2.94493921e-04
243      6.05985037e-06    3.94537228e+00    2.14778589e+00    2.14664293e+00   -6.95664558e-07   -4.47291049e-07    2.95237657e-04   -1.22743686e-09   -2.94541993e-04
244      6.08478803e-06    3.94578209e+00    2.11103767e+00    2.10990865e+00   -6.85810191e-07   -4.43212058e-07    2.95262604e-04    1.23592357e-09   -2.94576793e-04
245      6.10972569e-06    3.94617820e+00    2.07475257e+00    2.07363840e+00   -6.78150466e-07   -4.36024718e-07    2.95300519e-04   -1.22814640e-09   -2.94622368e-04
246      6.13466334e-06    3.94656602e+00    2.03894078e+00    2.03784108e+00   -6.67908800e-07   -4.31785394e-07    2.95323131e-04    1.23678564e-09   -2.94655223e-04
247      6.15960100e-06    3.94694074e+00    2.00360980e+00    2.00252548e+00   -6.59982940e-07   -4.24332839e-07    2.95358399e-04   -1.22915731e-09   -2.94698416e-04
248      6.18453865e-06    3.94730756e+00    1.96876958e+00    1.96770028e+00   -6.49364452e-07   -4.19932486e-07    2.95378777e-04    1.23795027e-09   -2.94729412e-04
249      6.20947631e-06    3.94766186e+00    1.93442742e+00    1.93337402e+00   -6.41179082e-07   -4.12226225e-07    2.95411511e-04   -1.23047221e-09   -2.94770332e-04
250      6.23441397e-06    3.94800862e+00    1.90059298e+00    1.89955512e+00   -6.30194396e-07   -4.07665563e-07    2.95429747e-04    1.23942015e-09   -2.94799552e-04
251      6.25935162e-06    3.94834339e+00    1.86727337e+00    1.86625190e+00   -6.21756679e-07   -3.99716238e-07    2.95460053e-04   -1.23209390e-09   -2.94838297e-04
252      6.28428928e-06    3.94867095e+00    1.83447794e+00    1.83347253e+00   -6.10416514e-07   -3.94997139e-07    2.95476234e-04    1.24119818e-09   -2.94865817e-04
253      6.30922693e-06    3.94898701e+00    1.80221360e+00    1.80122505e+00   -6.01734153e-07   -3.86814745e-07    2.95504213e-04   -1.23402539e-09   -2.94902479e-04
254      6.33416459e-06    3.94929617e+00    1.77048937e+00    1.76951738e+00   -5.90049394e-07   -3.81940027e-07    2.95518419e-04    1.24328751e-09   -2.94928370e-04
255      6.35910224e-06    3.94959429e+00    1.73931198e+00    1.73835731e+00   -5.81130569e-07   -3.73534078e-07    2.95544164e-04   -1.23626995e-09   -2.94963033e-04
256      6.38403990e-06    3.94988579e+00    1.70869011e+00    1.70775249e+00   -5.69112240e-07   -3.68507353e-07    2.95556473e-04    1.24569155e-09   -2.94987361e-04
257      6.40897756e-06    3.95016667e+00    1.67863028e+00    1.67771043e+00   -5.59965596e-07   -3.59887002e-07    2.95580071e-04   -1.23883112e-09   -2.95020106e-04
258      6.43391521e-06    3.95044120e+00    1.64914084e+00    1.64823850e+00   -5.47624865e-07   -3.54712557e-07    2.95590555e-04    1.24841400e-09   -2.95042930e-04
259      6.45885287e-06    3.95070550e+00    1.62022809e+00    1.61934395e+00   -5.38259504e-07   -3.45886690e-07    2.95612088e-04   -1.24171277e-09   -2.95073829e-04
260      6.48379052e-06    3.95096369e+00    1.59190003e+00    1.59103386e+00   -5.25607663e-07   -3.40569392e-07    2.95620815e-04    1.25145889e-09   -2.95095207e-04
261      6.50872818e-06    3.95121202e+00    1.56416276e+00    1.56331518e+00   -5.16033076e-07   -3.31546700e-07    2.95640360e-04   -1.24491911e-09   -2.95124327e-04
262      6.53366584e-06    3.95145446e+00    1.53702390e+00    1.53619473e+00   -5.03081587e-07   -3.26091920e-07    2.95647392e-04    1.25483063e-09   -2.95144311e-04
263      6.55860349e-06    3.95168738e+00    1.51048935e+00    1.50967916e+00   -4.93307686e-07   -3.16880953e-07    2.95665022e-04   -1.24845471e-09   -2.95171714e-04
264      6.58354115e-06    3.95191462e+00    1.48456633e+00    1.48377497e+00   -4.80068135e-07   -3.11294506e-07    2.95670420e-04    1.25853398e-09   -2.95190352e-04
265      6.60847880e-06    3.95213265e+00    1.45926054e+00    1.45848853e+00   -4.70105204e-07   -3.01903712e-07    2.95686203e-04   -1.25232455e-09   -2.95216098e-04
266      6.63341646e-06    3.95234519e+00    1.43457884e+00    1.43382605e+00   -4.56589315e-07   -2.96191807e-07    2.95690022e-04    1.26257412e-09   -2.95233433e-04
267      6.65835411e-06    3.95254881e+00    1.41052666e+00    1.40979359e+00   -4.46448003e-07   -2.86629567e-07    2.95704022e-04   -1.25653400e-09   -2.95257574e-04
268      6.68329177e-06    3.95274711e+00    1.38711049e+00    1.38639703e+00   -4.32667633e-07   -2.80798764e-07    2.95706317e-04    1.26695666e-09   -2.95273649e-04
269      6.70822943e-06    3.95293676e+00    1.36433556e+00    1.36364212e+00   -4.22358906e-07   -2.71073412e-07    2.95718594e-04   -1.26108891e-09   -2.95296235e-04
270      6.73316708e-06    3.95312126e+00    1.34220792e+00    1.34153446e+00   -4.08326015e-07   -2.65130589e-07    2.95719412e-04    1.27168766e-09   -2.95311086e-04
271      6.75810474e-06    3.95329734e+00    1.32073258e+00    1.32007947e+00   -3.97861191e-07   -2.55250433e-07    2.95730024e-04   -1.26599556e-09   -2.95332163e-04
272      6.78304239e-06    3.95346842e+00    1.29991521e+00    1.29928242e+00   -3.83587879e-07   -2.49202750e-07    2.95729413e-04    1.27677366e-09   -2.95345825e-04
273      6.80798005e-06    3.95363132e+00    1.27976056e+00    1.27914840e+00   -3.72978569e-07   -2.39176089e-07    2.95738412e-04   -1.27126076e-09   -2.95365433e-04
274      6.83291771e-06    3.95378935e+00    1.26027388e+00    1.25968237e+00   -3.58477015e-07   -2.33030963e-07    2.95736416e-04    1.28222174e-09   -2.95377939e-04
275      6.85785536e-06    3.95393940e+00    1.24145971e+00    1.24088911e+00   -3.47735112e-07   -2.22866093e-07    2.95743852e-04   -1.27689182e-09   -2.95396117e-04
276      6.88279302e-06    3.95408469e+00    1.22332287e+00    1.22277323e+00   -3.33017617e-07   -2.16631177e-07    2.95740512e-04    1.28803946e-09   -2.95407495e-04
277      6.90773067e-06    3.95422221e+00    1.20586766e+00    1.20533917e+00   -3.22155298e-07   -2.06336396e-07    2.95746432e-04   -1.28289661e-09   -2.95424277e-04
278      6.93266833e-06    3.95435508e+00    1.18909847e+00    1.18859121e+00   -3.07234242e-07   -2.00019555e-07    2.95741788e-04    1.29423500e-09   -2.95434553e-04
279      6.95760599e-06    3.95448034e+00    1.17301934e+00    1.17253348e+00   -2.96263924e-07   -1.89603170e-07    2.95746236e-04   -1.28928359e-09   -2.95449972e-04
280      6.98254364e-06    3.95460105e+00    1.15763427e+00    1.15716990e+00   -2.81151764e-07   -1.83212468e-07    2.95740322e-04    1.30081710e-09   -2.95459171e-04
281      7.00748130e-06    3.95471431e+00    1.14294703e+00    1.14250426e+00   -2.70086117e-07   -1.72682793e-07    2.95743340e-04   -1.29606181e-09   -2.95473254e-04
282      7.03241895e-06    3.95482311e+00    1.12896117e+00    1.12854015e+00   -2.54795382e-07   -1.66226469e-07    2.95736191e-04    1.30779516e-09   -2.95481396e-04
283      7.05735661e-06    3.95492460e+00    1.11568024e+00    1.11528100e+00   -2.43647299e-07   -1.55591832e-07    2.95737817e-04   -1.30324099e-09   -2.95494170e-04
284      7.08229426e-06    3.95502170e+00    1.10310733e+00    1.10273006e+00   -2.28190566e-07   -1.49078286e-07    2.95729465e-04    1.31517923e-09   -2.95501274e-04
285      7.10723192e-06    3.95511163e+00    1.09124574e+00    1.09089042e+00   -2.16973149e-07   -1.38347022e-07    2.95729735e-04   -1.31083153e-09   -2.95512762e-04
286      7.13216958e-06    3.95519723e+00    1.08009814e+00    1.07976499e+00   -2.01363044e-07   -1.31784802e-07    2.95720208e-04    1.32298007e-09   -2.95518845e-04
287      7.15710723e-06    3.95527577e+00    1.06966755e+00    1.06935649e+00   -1.90089595e-07   -1.20965254e-07    2.95719156e-04   -1.31884456e-09   -2.95529067e-04
288      7.18204489e-06    3.95535004e+00    1.05995618e+00    1.05966748e+00   -1.74338776e-07   -1.14363041e-07    2.95708483e-04    1.33120919e-09   -2.95534144e-04
289      7.20698254e-06    3.95541735e+00    1.05096683e+00    1.05070034e+00   -1.63022774e-07   -1.03463555e-07    2.95706140e-04   -1.32729199e-09   -2.95543117e-04
290      7.23192020e-06    3.95548042e+00    1.04270125e+00    1.04245728e+00   -1.47143917e-07   -9.68301521e-08    2.95694344e-04    1.33987888e-09   -2.95547200e-04
291      7.25685786e-06    3.95553664e+00    1.03516196e+00    1.03494030e+00   -1.35799011e-07   -8.58590709e-08    2.95690738e-04   -1.33618652e-09   -2.95554940e-04
292      7.28179551e-06    3.95558865e+00    1.02835028e+00    1.02815127e+00   -1.19804799e-07   -7.92033898e-08    2.95677844e-04    1.34900230e-09   -2.95558040e-04
293      7.30673317e-06    3.95563387e+00    1.02226846e+00    1.02209184e+00   -1.08444795e-07   -6.81690508e-08    2.95673003e-04   -1.34554174e-09   -2.95564558e-04
294      7.33167082e-06    3.95567491e+00    1.01691736e+00    1.01676351e+00   -9.23479008e-08   -6.15000997e-08    2.95659031e-04    1.35859349e-09   -2.95566683e-04
295      7.35660848e-06    3.95570924e+00    1.01229898e+00    1.01216758e+00   -8.09867446e-08   -5.04108296e-08    2.95652977e-04   -1.35537216e-09   -2.95571991e-04
296      7.38154613e-06    3.95573939e+00    1.00841372e+00    1.00830518e+00   -6.47998189e-08   -4.37377019e-08    2.95637947e-04    1.36866743e-09   -2.95573148e-04
297      7.40648379e-06    3.95576289e+00    1.00526331e+00    1.00517726e+00   -5.34515884e-08   -3.26018099e-08    2.95630704e-04   -1.36569327e-09   -2.95577252e-04
298      7.43142145e-06    3.95578221e+00    1.00284771e+00    1.00278458e+00   -3.71872434e-08   -2.59336735e-08    2.95614632e-04    1.37924014e-09   -2.95577445e-04
299      7.45635910e-06    3.95579491e+00    1.00116837e+00    1.00112775e+00   -2.58661315e-08   -1.47594439e-08    2.95606219e-04   -1.37652160e-09   -2.95580353e-04
300      7.48129676e-06    3.95580344e+00    1.00022479e+00    1.00020715e+00   -9.53692995e-09   -8.10553269e-09    2.95589121e-04    1.39032870e-09   -2.95579584e-04
301      7.50623441e-06    3.95580538e+00    1.00001818e+00    1.00002302e+00    1.74276723e-09    3.09878258e-09    2.95579555e-04   -1.38787483e-09   -2.95581298e-04
302      7.53117207e-06    3.95580313e+00    1.00054754e+00    1.00057540e+00    1.81243291e-08    9.72917933e-09    2.95561444e-04    1.40195136e-09   -2.95579568e-04
303      7.55610973e-06    3.95579431e+00    1.00181385e+00    1.00186416e+00    2.93482241e-08    2.09553678e-08    2.95550740e-04   -1.39977180e-09   -2.95580088e-04
304      7.58104738e-06    3.95578127e+00    1.00381565e+00    1.00388897e+00    4.57697329e-08    2.75529160e-08    2.95531627e-04    1.41412761e-09   -2.95577397e-04
305      7.60598504e-06    3.95576167e+00    1.00655364e+00    1.00664936e+00    5.69233554e-08    3.87928102e-08    2.95519799e-04   -1.41223266e-09   -2.95576723e-04
306      7.63092269e-06    3.95573781e+00    1.01002590e+00    1.01014462e+00    7.33724988e-08    4.53481417e-08    2.95499694e-04    1.42687827e-09   -2.95573066e-04
307      7.65586035e-06    3.95570739e+00    1.01423288e+00    1.01437392e+00    8.44413065e-08    5.65936275e-08    2.95486752e-04   -1.42527892e-09   -2.95571194e-04
308      7.68079800e-06    3.95567267e+00    1.01917220e+00    1.01933620e+00    1.00905889e-07    6.30973489e-08    2.95465661e-04    1.44022557e-09   -2.95566567e-04
309      7.70573566e-06    3.95563137e+00    1.02484404e+00    1.02503026e+00    1.11875281e-07    7.43403739e-08    2.95451615e-04   -1.43893356e-09   -2.95563490e-04
310      7.73067332e-06    3.95558572e+00    1.03124556e+00    1.03145468e+00    1.28343238e-07    8.07830739e-08    2.95429543e-04    1.45419327e-09   -2.95557886e-04
311      7.75561097e-06    3.95553346e+00    1.03837669e+00    1.03860791e+00    1.39198565e-07    9.20156571e-08    2.95414398e-04   -1.45322116e-09   -2.95553597e-04
312      7.78054863e-06    3.95547679e+00    1.04623412e+00    1.04648817e+00    1.55657979e-07    9.83879154e-08    2.95391348e-04    1.46880679e-09   -2.95547006e-04
313      7.80548628e-06    3.95541346e+00    1.05481755e+00    1.05509354e+00    1.66384555e-07    1.09602155e-07    2.95375109e-04   -1.46816800e-09   -2.95541494e-04
314      7.83042394e-06    3.95534564e+00    1.06412318e+00    1.06442190e+00    1.82823677e-07    1.15894552e-07    2.95351082e-04    1.48409332e-09   -2.95533906e-04
315      7.85536160e-06    3.95527112e+00    1.07415047e+00    1.07447096e+00    1.93406785e-07    1.27082632e-07    2.95333750e-04   -1.48380221e-09   -2.95527156e-04
316      7.88029925e-06    3.95519203e+00    1.08489516e+00    1.08523826e+00    2.09814052e-07    1.33285760e-07    2.95308744e-04    1.50008194e-09   -2.95518558e-04
317      7.90523691e-06    3.95510617e+00    1.09635647e+00    1.09672114e+00    2.20238945e-07    1.44439956e-07    2.95290318e-04   -1.50015389e-09   -2.95510557e-04
318      7.93017456e-06    3.95501565e+00    1.10852966e+00    1.10891681e+00    2.36603005e-07    1.50544429e-07    2.95264329e-04    1.51680383e-09   -2.95500933e-04
319      7.95511222e-06    3.95491827e+00    1.12141373e+00    1.12182224e+00    2.46854928e-07    1.61657116e-07    2.95244806e-04   -1.51725531e-09   -2.95491661e-04
320      7.98004988e-06    3.95481613e+00    1.13500347e+00    1.13543429e+00    2.63164647e-07    1.67653574e-07    2.95217829e-04    1.53429238e-09   -2.95480994e-04
321      8.00498753e-06    3.95470704e+00    1.14929766e+00    1.14974961e+00    2.73228838e-07    1.78717243e-07    2.95197202e-04   -1.53514104e-09   -2.95470431e-04
322      8.02992519e-06    3.95459307e+00    1.16429061e+00    1.16476468e+00    2.89473319e-07    1.84596360e-07    2.95169227e-04    1.55258340e-09   -2.95458701e-04
323      8.05486284e-06    3.95447205e+00    1.17998088e+00    1.18047582e+00    2.99335021e-07    1.95603618e-07    2.95147488e-04   -1.55384820e-09   -2.95446823e-04
324      8.07980050e-06    3.95434602e+00    1.19636231e+00    1.19687917e+00    3.15503641e-07    2.01356117e-07    2.95118504e-04    1.57171535e-09   -2.95434008e-04
325      8.10473815e-06    3.95421283e+00    1.21343325e+00    1.21397070e+00    3.25148097e-07    2.12299693e-07    2.95095641e-04   -1.57341663e-09   -2.95420789e-04
326      8.12967581e-06    3.95407447e+00    1.23118707e+00    1.23174621e+00    3.41230511e-07    2.17916352e-07    2.95065635e-04    1.59172953e-09   -2.95406865e-04
327      8.15461347e-06    3.95392882e+00    1.24962192e+00    1.25020135e+00    3.50642965e-07    2.28789105e-07    2.95041633e-04   -1.59388916e-09   -2.95392276e-04
328      8.17955112e-06    3.95377785e+00    1.26873070e+00    1.26933159e+00    3.66629148e-07    2.34260773e-07    2.95010587e-04    1.61267034e-09   -2.95377216e-04
329      8.20448878e-06    3.95361945e+00    1.28851136e+00    1.28913222e+00    3.75794874e-07    2.45055695e-07    2.94985428e-04   -1.61531185e-09   -2.95361223e-04
330      8.22942643e-06    3.95345555e+00    1.30895633e+00    1.30959838e+00    3.91675118e-07    2.50373297e-07    2.94953322e-04    1.63458560e-09   -2.95344998e-04
331      8.25436409e-06    3.95328405e+00    1.33006339e+00    1.33072505e+00    4.00579395e-07    2.61083523e-07    2.94926987e-04   -1.63773432e-09   -2.95327566e-04
332      8.27930175e-06    3.95310688e+00    1.35182446e+00    1.35250705e+00    4.16344333e-07    2.66238068e-07    2.94893798e-04    1.65752678e-09   -2.95310142e-04
333      8.30423940e-06    3.95292193e+00    1.37423719e+00    1.37493902e+00    4.24972477e-07    2.76856880e-07    2.94866261e-04   -1.66121004e-09   -2.95291233e-04
334      8.32917706e-06    3.95273109e+00    1.39729300e+00    1.39801545e+00    4.40613148e-07    2.81839480e-07    2.94831963e-04    1.68154944e-09   -2.95272576e-04
335      8.35411471e-06    3.95253229e+00    1.42098939e+00    1.42173070e+00    4.48950474e-07    2.92360305e-07    2.94803196e-04   -1.68579671e-09   -2.95252147e-04
336      8.37905237e-06    3.95232739e+00    1.44531730e+00    1.44607892e+00    4.64458297e-07    2.97162189e-07    2.94767759e-04    1.70671355e-09   -2.95232217e-04
337      8.40399002e-06    3.95211431e+00    1.47027407e+00    1.47105414e+00    4.72490124e-07    3.07578595e-07    2.94737730e-04   -1.71155669e-09   -2.95210221e-04
338      8.42892768e-06    3.95189488e+00    1.49585019e+00    1.49665024e+00    4.87856975e-07    3.12191127e-07    2.94701120e-04    1.73308393e-09   -2.95188977e-04
339      8.45386534e-06    3.95166704e+00    1.52204286e+00    1.52286092e+00    4.95568678e-07    3.22496826e-07    2.94669795e-04   -1.73855741e-09   -2.95165363e-04
340      8.47880299e-06    3.95143260e+00    1.54884206e+00    1.54967976e+00    5.10786864e-07    3.26911519e-07    2.94631974e-04    1.76073075e-09   -2.95142761e-04
341      8.50374065e-06    3.95118951e+00    1.57624490e+00    1.57710016e+00    5.18163790e-07    3.37100361e-07    2.94599311e-04   -1.76687190e-09   -2.95117475e-04
342      8.52867830e-06    3.95093953e+00    1.60424087e+00    1.60511541e+00    5.33226092e-07    3.41308902e-07    2.94560239e-04    1.78973005e-09   -2.95093465e-04
343      8.55361596e-06    3.95068062e+00    1.63282698e+00    1.63371861e+00    5.40253635e-07    3.51374864e-07    2.94526193e-04   -1.79657937e-09   -2.95066447e-04
344      8.57855362e-06    3.95041453e+00    1.66199222e+00    1.66290274e+00    5.55153406e-07    3.55369139e-07    2.94485823e-04    1.82016436e-09   -2.95040976e-04
345      8.60349127e-06    3.95013921e+00    1.69173353e+00    1.69266065e+00    5.61816910e-07    3.65306309e-07    2.94450346e-04   -1.82776583e-09   -2.95012163e-04
346      8.62842893e-06    3.94985639e+00    1.72203940e+00    1.72298502e+00    5.76548007e-07    3.69078442e-07    2.94408626e-04    1.85212334e-09   -2.94985174e-04
347      8.65336658e-06    3.94956403e+00    1.75290670e+00    1.75386842e+00    5.82832792e-07    3.78880988e-07    2.94371662e-04   -1.86052481e-09   -2.94954495e-04
348      8.67830424e-06    3.94926381e+00    1.78432343e+00    1.78530325e+00    5.97389718e-07    3.82423383e-07    2.94328537e-04    1.88570459e-09   -2.94925927e-04
349      8.70324190e-06    3.94895370e+00    1.81628644e+00    1.81728180e+00    6.03281135e-07    3.92085526e-07    2.94290026e-04   -1.89495817e-09   -2.94893307e-04
350      8.72817955e-06    3.94863537e+00    1.84878318e+00    1.84979623e+00    6.17658963e-07    3.95390918e-07    2.94245434e-04    1.92101443e-09   -2.94863093e-04
351      8.75311721e-06    3.94830676e+00    1.88181049e+00    1.88283854e+00    6.23142250e-07    4.04906881e-07    2.94205310e-04   -1.93117700e-09   -2.94828453e-04
352      8.77805486e-06    3.94796953e+00    1.91535532e+00    1.91640063e+00    6.37336717e-07    4.07968406e-07    2.94159184e-04    1.95816896e-09   -2.94796521e-04
353      8.80299252e-06    3.94762163e+00    1.94941452e+00    1.95047425e+00    6.42397123e-07    4.17332348e-07    2.94117374e-04   -1.96930261e-09   -2.94759772e-04
354      8.82793017e-06    3.94726466e+00    1.98397450e+00    1.98505105e+00    6.56404758e-07    4.20143634e-07    2.94069640e-04    1.99729503e-09   -2.94726045e-04
355      8.85286783e-06    3.94689659e+00    2.01903215e+00    2.02012252e+00    6.61027358e-07    4.29349557e-07    2.94026065e-04   -2.00946776e-09   -2.94687093e-04
356      8.87780549e-06    3.94651898e+00    2.05457332e+00    2.05568007e+00    6.74845365e-07    4.31904850e-07    2.93976643e-04    2.03853156e-09   -2.94651488e-04
357      8.90274314e-06    3.94612979e+00    2.09059500e+00    2.09171496e+00    6.79015114e-07    4.40946466e-07    2.93931215e-04   -2.05181785e-09   -2.94610230e-04
358      8.92768080e-06    3.94573057e+00    2.12708247e+00    2.12821835e+00    6.92641628e-07    4.43240792e-07    2.93880016e-04    2.08203082e-09   -2.94572658e-04
359      8.95261845e-06    3.94531925e+00    2.16403281e+00    2.16518127e+00    6.96343416e-07    4.52111342e-07    2.93832642e-04   -2.09651244e-09   -2.94528985e-04
360      8.97755611e-06    3.94489736e+00    2.20143073e+00    2.20259465e+00    7.09777335e-07    4.54140737e-07    2.93779571e-04    2.12796003e-09   -2.94489349e-04
361      9.00249377e-06    3.94446282e+00    2.23927347e+00    2.24044930e+00    7.12995741e-07    4.62832738e-07    2.93730146e-04   -2.14372684e-09   -2.94443142e-04
362      9.02743142e-06    3.94401711e+00    2.27754510e+00    2.27873593e+00    7.26236916e-07    4.64594558e-07    2.93675099e-04    2.17650306e-09   -2.94401336e-04
363      9.05236908e-06    3.94355817e+00    2.31624309e+00    2.31744515e+00    7.28956440e-07    4.73099433e-07    2.93623510e-04   -2.19365394e-09   -2.94352467e-04
364      9.07730673e-06    3.94308743e+00    2.35535084e+00    2.35656744e+00    7.42005837e-07    4.74592814e-07    2.93566374e-04    2.22786231e-09   -2.94308380e-04
365      9.10224439e-06    3.94260280e+00    2.39486609e+00    2.39609320e+00    7.44210529e-07    4.82900362e-07    2.93512498e-04   -2.24650623e-09   -2.94256709e-04
366      9.12718204e-06    3.94210569e+00    2.43477154e+00    2.43601274e+00    7.57070046e-07    4.84126871e-07    2.93453149e-04    2.28226085e-09   -2.94210219e-04
367      9.15211970e-06    3.94159400e+00    2.47506527e+00    2.47631624e+00    7.58743642e-07    4.92224472e-07    2.93396852e-04   -2.30251793e-09   -2.94155596e-04
368      9.17705736e-06    3.94106909e+00    2.51572921e+00    2.51699381e+00    7.71416576e-07    4.93189090e-07    2.93335155e-04    2.33994467e-09   -2.94106572e-04
369      9.20199501e-06    3.94052884e+00    2.55676187e+00    2.55803547e+00    7.72542513e-07    5.01060508e-07    2.93276291e-04   -2.36194740e-09   -2.94048834e-04
370      9.22693267e-06    3.93997457e+00    2.59814434e+00    2.59943114e+00    7.85033199e-07    5.01773141e-07    2.93212100e-04    2.40118505e-09   -2.93997134e-04
371      9.25187032e-06    3.93940415e+00    2.63987567e+00    2.64117066e+00    7.85594233e-07    5.09396634e-07    2.93150510e-04   -2.42507949e-09   -2.93936105e-04
372      9.27680798e-06    3.93881883e+00    2.68193600e+00    2.68324379e+00    7.97908420e-07    5.09874510e-07    2.93083666e-04    2.46628099e-09   -2.93881575e-04
373      9.30174564e-06    3.93821649e+00    2.72432507e+00    2.72564018e+00    7.97887082e-07    5.17219759e-07    2.93019176e-04   -2.49222786e-09   -2.93817063e-04
374      9.32668329e-06    3.93759829e+00    2.76702191e+00    2.76834943e+00    8.10032069e-07    5.17491434e-07    2.92949505e-04    2.53556126e-09   -2.93759537e-04
375      9.35162095e-06    3.93696213e+00    2.81002714e+00    2.81136107e+00    8.09409993e-07    5.24514297e-07    2.92881925e-04   -2.56373679e-09   -2.93691335e-04
376      9.37655860e-06    3.93630908e+00    2.85331850e+00    2.85466452e+00    8.21394299e-07    5.24626663e-07    2.92809239e-04    2.60938582e-09   -2.93630633e-04
377      9.40149626e-06    3.93563702e+00    2.89689774e+00    2.89824915e+00    8.20152651e-07    5.31259648e-07    2.92738362e-04   -2.63998190e-09   -2.93558515e-04
378      9.42643392e-06    3.93494698e+00    2.94074100e+00    2.94210428e+00    8.31986683e-07    5.31291136e-07    2.92662454e-04    2.68814555e-09   -2.93494441e-04
379      9.45137157e-06    3.93423678e+00    2.98485159e+00    2.98621912e+00    8.30106328e-07    5.37424693e-07    2.92588054e-04   -2.72136850e-09   -2.93418161e-04
380      9.47630923e-06    3.93350739e+00    3.02920354e+00    3.03058286e+00    8.41801184e-07    5.37512590e-07    2.92508702e-04    2.77225860e-09   -2.93350503e-04
381      9.50124688e-06    3.93275661e+00    3.07380237e+00    3.07518459e+00    8.39262898e-07    5.42953913e-07    2.92430529e-04   -2.80832506e-09   -2.93269792e-04
382      9.52618454e-06    3.93198534e+00    3.11861918e+00    3.12001337e+00    8.50829743e-07    5.43359149e-07    2.92347490e-04    2.86215981e-09   -2.93198320e-04
383      9.55112219e-06    3.93119131e+00    3.16366284e+00    3.16505819e+00    8.47617698e-07    5.47724531e-07    2.92265268e-04   -2.90128688e-09   -2.93112886e-04
384      9.57605985e-06    3.93037537e+00    3.20889990e+00    3.21030799e+00    8.59062410e-07    5.49024415e-07    2.92178286e-04    2.95827610e-09   -2.93037348e-04
385      9.60099751e-06    3.92953518e+00    3.25434514e+00    3.25575167e+00    8.55175646e-07    5.51353808e-07    2.92091695e-04   -3.00065950e-09   -2.92946871e-04
386      9.62593516e-06    3.92867157e+00    3.29995623e+00    3.30137806e+00    8.66458340e-07    5.55373532e-07    2.92000537e-04    3.06097233e-09   -2.92866995e-04
387      9.65087282e-06    3.92778197e+00    3.34576313e+00    3.34717597e+00    8.62138862e-07    5.50701756e-07    2.91908979e-04   -3.10673849e-09   -2.92771118e-04
388      9.67581047e-06    3.92686714e+00    3.39171465e+00    3.39313416e+00    8.73233774e-07    5.46276630e-07    2.91813348e-04    3.17043173e-09   -2.92686582e-04
389      9.70074813e-06    3.92592432e+00    3.43785664e+00    3.43924133e+00    8.68870377e-07    5.15818044e-07    2.91716016e-04   -3.21952923e-09   -2.92584887e-04
390      9.72568579e-06    3.92495401e+00    3.48412644e+00    3.48548617e+00    8.79162166e-07    4.80574837e-07    2.91616138e-04    3.28637983e-09   -2.92495300e-04
391      9.75062344e-06    3.92395459e+00    3.53053275e+00    3.53185733e+00    8.74295615e-07    4.50289240e-07    2.91513121e-04   -3.33831490e-09   -2.92387417e-04
392      9.77556110e-06    3.92292471e+00    3.57707812e+00    3.57834342e+00    8.84609538e-07    3.80695900e-07    2.91407791e-04    3.40738993e-09   -2.92292401e-04
393      9.80049875e-06    3.92186471e+00    3.62368590e+00    3.62493303e+00    8.77845815e-07    3.69281759e-07    2.91300057e-04   -3.46050097e-09   -2.92177903e-04
394      9.82543641e-06    3.92077198e+00    3.67041515e+00    3.67161472e+00    8.89017804e-07    3.10552116e-07    2.91188138e-04    3.52887575e-09   -2.92077156e-04
395      9.85037406e-06    3.91964669e+00    3.71718435e+00    3.71837703e+00    8.80496695e-07    3.12184316e-07    2.91075049e-04   -3.57793071e-09   -2.91955545e-04
396      9.87531172e-06    3.91848702e+00    3.76401836e+00    3.76520849e+00    8.91740798e-07    2.98384046e-07    2.90956936e-04    3.63582533e-09   -2.91848677e-04
397      9.90024938e-06    3.91729210e+00    3.81088407e+00    3.81209758e+00    8.82654169e-07    3.30854175e-07    2.90836871e-04   -3.66109787e-09   -2.91719525e-04
398      9.92518703e-06    3.91605928e+00    3.85781723e+00    3.85903281e+00    8.94531154e-07    3.21046127e-07    2.90711305e-04    3.66339037e-09   -2.91605836e-04
399      9.95012469e-06    3.91478861e+00    3.90475598e+00    3.90600264e+00    8.83965356e-07    3.62690536e-07    2.90584804e-04   -3.53640242e-09   -2.91468769e-04
400      9.97506234e-06    3.91347633e+00    3.95174975e+00    3.95299555e+00    8.97200592e-07    3.48600679e-07    2.90449506e-04    2.90022236e-09   -2.91346706e-04
End of Xyce(TM) Simulation
