Index    TIME    {V(DRAIN)}_quad_pce_mean    {V(DRAIN)}_quad_pce_meanPlus    {V(DRAIN)}_quad_pce_meanMinus    {V(DRAIN)}_quad_pce_stddev    {V(DRAIN)}_quad_pce_variance    
0   0.00000000e+00   1.00000000e+00   1.00000000e+00   1.00000000e+00   3.38717400e-09   1.14729500e-17   
1   1.00000000e-09   1.00000000e+00   1.00000000e+00   1.00000000e+00   3.54211800e-09   1.25466000e-17   
2   3.00000000e-09   1.00000000e+00   1.00000000e+00   1.00000000e+00   3.54416800e-09   1.25611300e-17   
3   7.00000000e-09   1.00000000e+00   1.00000000e+00   1.00000000e+00   3.54419500e-09   1.25613200e-17   
4   1.50000000e-08   1.00000000e+00   1.00000000e+00   1.00000000e+00   3.54416900e-09   1.25611300e-17   
5   3.10000000e-08   1.00000000e+00   1.00000000e+00   1.00000000e+00   3.54419500e-09   1.25613200e-17   
6   6.30000000e-08   1.00000000e+00   1.00000000e+00   1.00000000e+00   3.54416900e-09   1.25611300e-17   
7   1.03000000e-07   1.00000000e+00   1.00000000e+00   1.00000000e+00   3.54419500e-09   1.25613200e-17   
8   1.43000000e-07   1.00000000e+00   1.00000000e+00   1.00000000e+00   3.54416900e-09   1.25611300e-17   
9   1.83000000e-07   1.00000000e+00   1.00000000e+00   1.00000000e+00   3.54419500e-09   1.25613200e-17   
10   2.23000000e-07   1.00000000e+00   1.00000000e+00   1.00000000e+00   3.54416900e-09   1.25611300e-17   
11   2.63000000e-07   1.00000000e+00   1.00000000e+00   1.00000000e+00   3.54419500e-09   1.25613200e-17   
12   3.03000000e-07   1.00000000e+00   1.00000000e+00   1.00000000e+00   3.54416900e-09   1.25611300e-17   
13   3.43000000e-07   1.00000000e+00   1.00000000e+00   1.00000000e+00   3.54419500e-09   1.25613200e-17   
14   3.83000000e-07   1.00000000e+00   1.00000000e+00   1.00000000e+00   3.54416900e-09   1.25611300e-17   
15   4.00000000e-07   1.00000000e+00   1.00000000e+00   1.00000000e+00   3.54419500e-09   1.25613100e-17   
16   4.01096000e-07   1.00008600e+00   1.00011000e+00   1.00006100e+00   2.43875100e-05   5.94750800e-10   
17   4.01970600e-07   1.00008900e+00   1.00011500e+00   1.00006300e+00   2.64339000e-05   6.98751000e-10   
18   4.03719900e-07   1.00009500e+00   1.00012500e+00   1.00006400e+00   3.03551600e-05   9.21435500e-10   
19   4.07218400e-07   1.00011100e+00   1.00015300e+00   1.00006900e+00   4.21021800e-05   1.77259400e-09   
20   4.14215500e-07   1.00016600e+00   1.00025900e+00   1.00007300e+00   9.26393600e-05   8.58205100e-09   
21   4.28209600e-07   1.00075700e+00   1.00155400e+00   9.99959500e-01   7.97257600e-04   6.35619700e-07   
22   4.31999800e-07   1.00130100e+00   1.00285700e+00   9.99744400e-01   1.55639800e-03   2.42237600e-06   
23   4.35790000e-07   1.00193900e+00   1.00471000e+00   9.99167100e-01   2.77164000e-03   7.68198800e-06   
24   4.39580300e-07   1.00222400e+00   1.01005200e+00   9.94396800e-01   7.82743600e-03   6.12687500e-05   
25   4.39995600e-07   1.00205000e+00   1.01110300e+00   9.92996300e-01   9.05334100e-03   8.19629900e-05   
26   4.40410900e-07   1.00183000e+00   1.01228100e+00   9.91378700e-01   1.04510100e-02   1.09223600e-04   
27   4.41241500e-07   1.00109800e+00   1.01539500e+00   9.86800900e-01   1.42972200e-02   2.04410600e-04   
28   4.42072200e-07   9.99833100e-01   1.01968900e+00   9.79976900e-01   1.98562100e-02   3.94269000e-04   
29   4.42902800e-07   9.97839900e-01   1.02535900e+00   9.70320300e-01   2.75195800e-02   7.57327400e-04   
30   4.43733400e-07   9.94851200e-01   1.03254500e+00   9.57157200e-01   3.76939500e-02   1.42083400e-03   
31   4.44564000e-07   9.90483700e-01   1.04140000e+00   9.39567800e-01   5.09159300e-02   2.59243200e-03   
32   4.45394700e-07   9.84319400e-01   1.05210200e+00   9.16536400e-01   6.77830500e-02   4.59454200e-03   
33   4.46225300e-07   9.76005100e-01   1.06472400e+00   8.87285900e-01   8.87191500e-02   7.87108700e-03   
34   4.47055900e-07   9.65133100e-01   1.07906600e+00   8.51200200e-01   1.13932900e-01   1.29807100e-02   
35   4.47886600e-07   9.51006900e-01   1.09462300e+00   8.07390500e-01   1.43616400e-01   2.06256800e-02   
36   4.48717200e-07   9.32875600e-01   1.11092500e+00   7.54826700e-01   1.78048900e-01   3.17014200e-02   
37   4.49464700e-07   9.12855300e-01   1.12595200e+00   6.99758600e-01   2.13096700e-01   4.54102200e-02   
38   4.50212300e-07   8.89754400e-01   1.13918100e+00   6.40327300e-01   2.49427000e-01   6.22138400e-02   
39   4.50310000e-07   8.86589000e-01   1.14042700e+00   6.32750800e-01   2.53838200e-01   6.44338400e-02   
40   4.50407600e-07   8.83449900e-01   1.14152700e+00   6.25372500e-01   2.58077400e-01   6.66039600e-02   
41   4.50602900e-07   8.77289700e-01   1.14289600e+00   6.11683000e-01   2.65606700e-01   7.05469300e-02   
42   4.50798200e-07   8.71144500e-01   1.14355100e+00   5.98738400e-01   2.72406100e-01   7.42051000e-02   
43   4.50993600e-07   8.64872100e-01   1.14387900e+00   5.85865000e-01   2.79007100e-01   7.78449600e-02   
44   4.51384200e-07   8.52425000e-01   1.14286900e+00   5.61981500e-01   2.90443500e-01   8.43574400e-02   
45   4.51735700e-07   8.41280400e-01   1.14023400e+00   5.42327100e-01   2.98953300e-01   8.93730800e-02   
46   4.52087300e-07   8.29462100e-01   1.13737500e+00   5.21549500e-01   3.07912600e-01   9.48101800e-02   
47   4.52438900e-07   8.16708100e-01   1.13483100e+00   4.98584800e-01   3.18123300e-01   1.01202400e-01   
48   4.52790400e-07   8.03229000e-01   1.13236600e+00   4.74091900e-01   3.29137200e-01   1.08331300e-01   
49   4.53142000e-07   7.89799200e-01   1.12909100e+00   4.50507200e-01   3.39292000e-01   1.15119100e-01   
50   4.53458400e-07   7.77730000e-01   1.12539200e+00   4.30068300e-01   3.47661700e-01   1.20868700e-01   
51   4.53774800e-07   7.64955900e-01   1.12173000e+00   4.08181900e-01   3.56774000e-01   1.27287700e-01   
52   4.54091200e-07   7.51379000e-01   1.11824900e+00   3.84509500e-01   3.66869500e-01   1.34593200e-01   
53   4.54407600e-07   7.37089100e-01   1.11493600e+00   3.59242200e-01   3.77846900e-01   1.42768300e-01   
54   4.54724000e-07   7.22417900e-01   1.11164800e+00   3.33187900e-01   3.89229900e-01   1.51499900e-01   
55   4.55040400e-07   7.07545900e-01   1.10832100e+00   3.06771300e-01   4.00774700e-01   1.60620300e-01   
56   4.55356800e-07   6.92224900e-01   1.10512200e+00   2.79327900e-01   4.12897000e-01   1.70483900e-01   
57   4.55673200e-07   6.76895600e-01   1.10180400e+00   2.51987600e-01   4.24908000e-01   1.80546800e-01   
58   4.55989600e-07   6.62982800e-01   1.09760400e+00   2.28361200e-01   4.34621600e-01   1.88895900e-01   
59   4.56306000e-07   6.51313300e-01   1.09216800e+00   2.10458700e-01   4.40854600e-01   1.94352800e-01   
60   4.56622400e-07   6.41101600e-01   1.08582200e+00   1.96381300e-01   4.44720200e-01   1.97776100e-01   
61   4.56938800e-07   6.31032400e-01   1.07902500e+00   1.83039900e-01   4.47992500e-01   2.00697300e-01   
62   4.57255200e-07   6.21154400e-01   1.07181000e+00   1.70498900e-01   4.50655500e-01   2.03090400e-01   
63   4.57571600e-07   6.12445100e-01   1.06379200e+00   1.61098400e-01   4.51346700e-01   2.03713900e-01   
64   4.57888000e-07   6.04273100e-01   1.05497000e+00   1.53576300e-01   4.50696800e-01   2.03127600e-01   
65   4.58204400e-07   5.95607500e-01   1.04556200e+00   1.45652700e-01   4.49954800e-01   2.02459300e-01   
66   4.58520800e-07   5.86735100e-01   1.03552100e+00   1.37948700e-01   4.48786400e-01   2.01409200e-01   
67   4.58837200e-07   5.78227600e-01   1.02470700e+00   1.31748100e-01   4.46479400e-01   1.99343900e-01   
68   4.59153600e-07   5.69677600e-01   1.01317000e+00   1.26184900e-01   4.43492600e-01   1.96685700e-01   
69   4.59470000e-07   5.60464900e-01   1.00104900e+00   1.19880800e-01   4.40584100e-01   1.94114400e-01   
70   4.59786400e-07   5.50594900e-01   9.88397400e-01   1.12792300e-01   4.37802600e-01   1.91671100e-01   
71   4.60419300e-07   5.28823700e-01   9.61762000e-01   9.58854100e-02   4.32938300e-01   1.87435600e-01   
72   4.61052100e-07   5.04303600e-01   9.33865500e-01   7.47417500e-02   4.29561900e-01   1.84523400e-01   
73   4.61684900e-07   4.77004200e-01   9.05351600e-01   4.86568200e-02   4.28347400e-01   1.83481500e-01   
74   4.62317700e-07   4.46941000e-01   8.76849200e-01   1.70328000e-02   4.29908200e-01   1.84821100e-01   
75   4.62950500e-07   4.14211500e-01   8.48903900e-01   -2.04807800e-02   4.34692300e-01   1.88957400e-01   
76   4.63583300e-07   3.79367200e-01   8.22001700e-01   -6.32673600e-02   4.42634500e-01   1.95925300e-01   
77   4.63691100e-07   3.73351700e-01   8.17527500e-01   -7.08240800e-02   4.44175800e-01   1.97292100e-01   
78   4.63906600e-07   3.61910000e-01   8.08932100e-01   -8.51120200e-02   4.47022100e-01   1.99828700e-01   
79   4.64122200e-07   3.52270900e-01   8.00875700e-01   -9.63338600e-02   4.48604800e-01   2.01246300e-01   
80   4.64337700e-07   3.44829400e-01   7.93322000e-01   -1.03663200e-01   4.48492600e-01   2.01145600e-01   
81   4.64553200e-07   3.39049800e-01   7.86053600e-01   -1.07954100e-01   4.47003900e-01   1.99812500e-01   
82   4.64768800e-07   3.34233600e-01   7.78824000e-01   -1.10356800e-01   4.44590400e-01   1.97660600e-01   
83   4.64984300e-07   3.29845900e-01   7.71455800e-01   -1.11764000e-01   4.41609900e-01   1.95019300e-01   
84   4.65199900e-07   3.25834500e-01   7.63907900e-01   -1.12238900e-01   4.38073400e-01   1.91908300e-01   
85   4.65415400e-07   3.22113800e-01   7.56117800e-01   -1.11890200e-01   4.34004000e-01   1.88359500e-01   
86   4.65631000e-07   3.18379600e-01   7.47979200e-01   -1.11220000e-01   4.29599600e-01   1.84555800e-01   
87   4.66062100e-07   3.10364800e-01   7.30478700e-01   -1.09749200e-01   4.20113900e-01   1.76495700e-01   
88   4.66493200e-07   3.01520500e-01   7.11298600e-01   -1.08257600e-01   4.09778100e-01   1.67918100e-01   
89   4.66924300e-07   2.91801000e-01   6.90408300e-01   -1.06806400e-01   3.98607300e-01   1.58887800e-01   
90   4.67355300e-07   2.81169800e-01   6.67799800e-01   -1.05460100e-01   3.86629900e-01   1.49482700e-01   
91   4.67786400e-07   2.69593400e-01   6.43490900e-01   -1.04304000e-01   3.73897400e-01   1.39799300e-01   
92   4.68217500e-07   2.57044500e-01   6.17532400e-01   -1.03443300e-01   3.60487900e-01   1.29951500e-01   
93   4.68648600e-07   2.43502300e-01   5.90015200e-01   -1.03010600e-01   3.46512900e-01   1.20071200e-01   
94   4.69079700e-07   2.28954000e-01   5.61078300e-01   -1.03170400e-01   3.32124400e-01   1.10306600e-01   
95   4.69510800e-07   2.13395200e-01   5.30917000e-01   -1.04126600e-01   3.17521800e-01   1.00820100e-01   
96   4.69941900e-07   1.96831500e-01   4.99792300e-01   -1.06129200e-01   3.02960800e-01   9.17852300e-02   
97   4.70373000e-07   1.79280200e-01   4.68040900e-01   -1.09480400e-01   2.88760700e-01   8.33827300e-02   
98   4.70804100e-07   1.60774800e-01   4.36084900e-01   -1.14535400e-01   2.75310200e-01   7.57956800e-02   
99   4.71235200e-07   1.41378900e-01   4.04442500e-01   -1.21684700e-01   2.63063600e-01   6.92024500e-02   
100   4.71666300e-07   1.21261400e-01   3.73767600e-01   -1.31244700e-01   2.52506100e-01   6.37593500e-02   
101   4.72097400e-07   1.01654700e-01   3.45443100e-01   -1.42133600e-01   2.43788400e-01   5.94327600e-02   
102   4.72171600e-07   9.86390000e-02   3.40995000e-01   -1.43717000e-01   2.42356000e-01   5.87364300e-02   
103   4.72245800e-07   9.57848100e-02   3.36708700e-01   -1.45139100e-01   2.40923900e-01   5.80443300e-02   
104   4.72394300e-07   9.11361200e-02   3.28911400e-01   -1.46639200e-01   2.37775300e-01   5.65371000e-02   
105   4.72542700e-07   8.78192300e-02   3.21969300e-01   -1.46330800e-01   2.34150000e-01   5.48262400e-02   
106   4.72691100e-07   8.54153600e-02   3.15521700e-01   -1.44691000e-01   2.30106300e-01   5.29489300e-02   
107   4.72839600e-07   8.34598000e-02   3.09235800e-01   -1.42316200e-01   2.25776000e-01   5.09748100e-02   
108   4.73136500e-07   7.98797200e-02   2.96467700e-01   -1.36708300e-01   2.16588000e-01   4.69103600e-02   
109   4.73433400e-07   7.62834200e-02   2.83134700e-01   -1.30567900e-01   2.06851300e-01   4.27874600e-02   
110   4.74027100e-07   6.85454200e-02   2.54436700e-01   -1.17345900e-01   1.85891300e-01   3.45555800e-02   
111   4.74620900e-07   6.00878800e-02   2.23034500e-01   -1.02858700e-01   1.62946600e-01   2.65515900e-02   
112   4.75214700e-07   5.09201000e-02   1.88968800e-01   -8.71285600e-02   1.38048700e-01   1.90574300e-02   
113   4.75808500e-07   4.10689800e-02   1.52343700e-01   -7.02057500e-02   1.11274700e-01   1.23820700e-02   
114   4.76402300e-07   3.05831500e-02   1.13346900e-01   -5.21805800e-02   8.27637300e-02   6.84983400e-03   
115   4.76996000e-07   1.95547300e-02   7.23344100e-02   -3.32249400e-02   5.27796800e-02   2.78569400e-03   
116   4.77589800e-07   8.38693500e-03   3.08455100e-02   -1.40716400e-02   2.24585800e-02   5.04387700e-04   
117   4.77670500e-07   6.93311900e-03   2.54519800e-02   -1.15857400e-02   1.85188600e-02   3.42948300e-04   
118   4.77831900e-07   4.26438600e-03   1.55433900e-02   -7.01461700e-03   1.12790000e-02   1.27215900e-04   
119   4.78154800e-07   1.11085500e-03   3.71618400e-03   -1.49447300e-03   2.60532900e-03   6.78773800e-06   
120   4.78428300e-07   4.24706700e-04   1.05111900e-03   -2.01705700e-04   6.26412300e-04   3.92392400e-07   
121   4.78701900e-07   3.42708600e-04   7.64925400e-04   -7.95083000e-05   4.22216900e-04   1.78267100e-07   
122   4.78975500e-07   3.24612900e-04   7.17465400e-04   -6.82396800e-05   3.92852500e-04   1.54333100e-07   
123   4.79249000e-07   3.09280400e-04   6.78889800e-04   -6.03289800e-05   3.69609400e-04   1.36611100e-07   
124   4.79796200e-07   2.81442200e-04   6.09277300e-04   -4.63929400e-05   3.27835100e-04   1.07475900e-07   
125   4.80890500e-07   2.35311500e-04   4.95457400e-04   -2.48344200e-05   2.60145900e-04   6.76758900e-08   
126   4.83079000e-07   1.70498100e-04   3.39504900e-04   1.49125800e-06   1.69006800e-04   2.85633100e-08   
127   4.87456200e-07   1.01371100e-04   1.80739800e-04   2.20025000e-05   7.93686500e-05   6.29938200e-09   
128   4.96210500e-07   5.18241400e-05   7.66574400e-05   2.69908400e-05   2.48333000e-05   6.16692800e-10   
129   5.00000000e-07   4.27471600e-05   5.95136500e-05   2.59806700e-05   1.67664900e-05   2.81115300e-10   
130   5.01750900e-07   1.27993400e-07   2.26930400e-07   2.90562900e-08   9.89370700e-08   9.78854300e-15   
131   5.05252600e-07   9.18935800e-09   1.41885400e-08   4.19017800e-09   4.99918000e-09   2.49918000e-17   
132   5.12256000e-07   8.81284800e-09   1.34935000e-08   4.13219800e-09   4.68065000e-09   2.19084800e-17   
133   5.26262800e-07   9.18699200e-09   1.41841300e-08   4.18985700e-09   4.99713500e-09   2.49713600e-17   
134   5.54276600e-07   8.81333900e-09   1.34944900e-08   4.13219200e-09   4.68114700e-09   2.19131400e-17   
135   6.10304000e-07   9.18674700e-09   1.41836200e-08   4.18987800e-09   4.99686900e-09   2.49687000e-17   
136   7.10304000e-07   8.81346700e-09   1.34947400e-08   4.13219000e-09   4.68127600e-09   2.19143500e-17   
137   8.10304000e-07   9.18665500e-09   1.41834200e-08   4.18988600e-09   4.99676900e-09   2.49677000e-17   
138   9.00000000e-07   8.81356400e-09   1.34949400e-08   4.13218900e-09   4.68137400e-09   2.19152700e-17   
139   9.00625000e-07   -4.37013700e-05   -2.60742100e-05   -6.13285400e-05   1.76271600e-05   3.10716900e-10   
140   9.01875000e-07   -4.66893700e-05   -2.65621700e-05   -6.68165600e-05   2.01272000e-05   4.05104000e-10   
141   9.04375000e-07   -5.33376600e-05   -2.72482000e-05   -7.94271300e-05   2.60894600e-05   6.80660100e-10   
142   9.09375000e-07   -7.53435800e-05   -2.64591200e-05   -1.24228000e-04   4.88844600e-05   2.38969000e-09   
143   9.19375000e-07   -2.37628300e-04   2.22770600e-05   -4.97533600e-04   2.59905400e-04   6.75507900e-08   
144   9.24375000e-07   -5.52292600e-04   1.70906000e-04   -1.27549100e-03   7.23198600e-04   5.23016200e-07   
145   9.29375000e-07   -1.25816800e-03   5.68986200e-04   -3.08532300e-03   1.82715400e-03   3.33849300e-06   
146   9.34375000e-07   -2.56579700e-03   2.44980200e-03   -7.58139600e-03   5.01559900e-03   2.51562300e-05   
147   9.34891900e-07   -2.63814000e-03   3.00075500e-03   -8.27703500e-03   5.63889500e-03   3.17971300e-05   
148   9.35925800e-07   -2.68683700e-03   4.61258300e-03   -9.98625600e-03   7.29942000e-03   5.32815300e-05   
149   9.36959700e-07   -2.46854300e-03   7.53448700e-03   -1.24715700e-02   1.00030300e-02   1.00060600e-04   
150   9.37993600e-07   -1.77353600e-03   1.25653100e-02   -1.61123800e-02   1.43388400e-02   2.05602400e-04   
151   9.39027500e-07   -3.38259500e-04   2.06663200e-02   -2.13428400e-02   2.10045800e-02   4.41192500e-04   
152   9.40061400e-07   2.19468400e-03   3.28895500e-02   -2.85001800e-02   3.06948600e-02   9.42174700e-04   
153   9.41095200e-07   6.35830200e-03   5.05812700e-02   -3.78646700e-02   4.42229700e-02   1.95567100e-03   
154   9.42129100e-07   1.28616400e-02   7.54922100e-02   -4.97689400e-02   6.26305700e-02   3.92258900e-03   
155   9.43163000e-07   2.24091700e-02   1.09302400e-01   -6.44840200e-02   8.68931900e-02   7.55042700e-03   
156   9.44196900e-07   3.58147500e-02   1.53505500e-01   -8.18760000e-02   1.17690800e-01   1.38511100e-02   
157   9.45127400e-07   5.22208100e-02   2.03758800e-01   -9.93171600e-02   1.51538000e-01   2.29637600e-02   
158   9.45964800e-07   7.13520000e-02   2.58795200e-01   -1.16091200e-01   1.87443200e-01   3.51349700e-02   
159   9.46718500e-07   9.24245500e-02   3.16558800e-01   -1.31709700e-01   2.24134300e-01   5.02361800e-02   
160   9.46836000e-07   9.60805200e-02   3.26273500e-01   -1.34112500e-01   2.30193000e-01   5.29888300e-02   
161   9.47071100e-07   1.03479500e-01   3.45574900e-01   -1.38615900e-01   2.42095400e-01   5.86101700e-02   
162   9.47306200e-07   1.10871500e-01   3.63762700e-01   -1.42019700e-01   2.52891200e-01   6.39539600e-02   
163   9.47541200e-07   1.18068000e-01   3.80019600e-01   -1.43883700e-01   2.61951600e-01   6.86186400e-02   
164   9.47776300e-07   1.25263200e-01   3.95263100e-01   -1.44736700e-01   2.69999900e-01   7.28999400e-02   
165   9.48011300e-07   1.32685100e-01   4.10556000e-01   -1.45185700e-01   2.77870900e-01   7.72122100e-02   
166   9.48246400e-07   1.40133700e-01   4.25204500e-01   -1.44937100e-01   2.85070800e-01   8.12653700e-02   
167   9.48481400e-07   1.47374800e-01   4.38327900e-01   -1.43578300e-01   2.90953100e-01   8.46537100e-02   
168   9.48716500e-07   1.54667500e-01   4.50923700e-01   -1.41588600e-01   2.96256100e-01   8.77677000e-02   
169   9.49186600e-07   1.70406000e-01   4.78398200e-01   -1.37586200e-01   3.07992200e-01   9.48592000e-02   
170   9.49656700e-07   1.87875300e-01   5.09781900e-01   -1.34031300e-01   3.21906600e-01   1.03623900e-01   
171   9.50126800e-07   2.06419100e-01   5.43128800e-01   -1.30290600e-01   3.36709700e-01   1.13373400e-01   
172   9.50549900e-07   2.23102700e-01   5.71847300e-01   -1.25641900e-01   3.48744600e-01   1.21622800e-01   
173   9.50904700e-07   2.37699400e-01   5.96776200e-01   -1.21377300e-01   3.59076800e-01   1.28936100e-01   
174   9.51259400e-07   2.53490800e-01   6.24415500e-01   -1.17434000e-01   3.70924700e-01   1.37585200e-01   
175   9.51614200e-07   2.70311700e-01   6.54354300e-01   -1.13730900e-01   3.84042600e-01   1.47488700e-01   
176   9.51968900e-07   2.87848300e-01   6.85869900e-01   -1.10173300e-01   3.98021600e-01   1.58421200e-01   
177   9.52323600e-07   3.05617700e-01   7.17787800e-01   -1.06552400e-01   4.12170100e-01   1.69884200e-01   
178   9.52642900e-07   3.21268000e-01   7.45501000e-01   -1.02965100e-01   4.24233100e-01   1.79973700e-01   
179   9.52962200e-07   3.35254600e-01   7.68834500e-01   -9.83253600e-02   4.33579900e-01   1.87991600e-01   
180   9.53249500e-07   3.45795300e-01   7.84613300e-01   -9.30226400e-02   4.38817900e-01   1.92561200e-01   
181   9.53536900e-07   3.55191400e-01   7.97364800e-01   -8.69820100e-02   4.42173400e-01   1.95517300e-01   
182   9.53824200e-07   3.64567400e-01   8.09733600e-01   -8.05987400e-02   4.45166200e-01   1.98172900e-01   
183   9.54111500e-07   3.74130700e-01   8.22245600e-01   -7.39841900e-02   4.48114900e-01   2.00807000e-01   
184   9.54398900e-07   3.82899200e-01   8.32663200e-01   -6.68647900e-02   4.49764000e-01   2.02287700e-01   
185   9.54686200e-07   3.90645200e-01   8.40310600e-01   -5.90201500e-02   4.49665400e-01   2.02198900e-01   
186   9.54973600e-07   3.98408100e-01   8.47432700e-01   -5.06165400e-02   4.49024600e-01   2.01623100e-01   
187   9.55260900e-07   4.06647300e-01   8.55052000e-01   -4.17573400e-02   4.48404700e-01   2.01066700e-01   
188   9.55548300e-07   4.15190200e-01   8.62806600e-01   -3.24261600e-02   4.47616400e-01   2.00360400e-01   
189   9.55835600e-07   4.23422700e-01   8.69351000e-01   -2.25055100e-02   4.45928200e-01   1.98852000e-01   
190   9.56122900e-07   4.31421100e-01   8.74802800e-01   -1.19607200e-02   4.43381800e-01   1.96587400e-01   
191   9.56410300e-07   4.39824600e-01   8.80548500e-01   -8.99329800e-04   4.40723900e-01   1.94237600e-01   
192   9.56697600e-07   4.48794600e-01   8.86964200e-01   1.06250600e-02   4.38169600e-01   1.91992600e-01   
193   9.56985000e-07   4.58334800e-01   8.94095200e-01   2.25744000e-02   4.35760400e-01   1.89887100e-01   
194   9.57559600e-07   4.79192700e-01   9.10811600e-01   4.75737300e-02   4.31618900e-01   1.86294900e-01   
195   9.58134300e-07   5.02495000e-01   9.31320000e-01   7.36700400e-02   4.28825000e-01   1.83890900e-01   
196   9.58709000e-07   5.28325600e-01   9.56263600e-01   1.00387500e-01   4.27938100e-01   1.83131000e-01   
197   9.59283700e-07   5.56736500e-01   9.86252200e-01   1.27220900e-01   4.29515700e-01   1.84483700e-01   
198   9.59858400e-07   5.87716200e-01   1.02175900e+00   1.53673700e-01   4.34042500e-01   1.88392900e-01   
199   9.60433100e-07   6.20806200e-01   1.06240600e+00   1.79206400e-01   4.41599800e-01   1.95010300e-01   
200   9.60527900e-07   6.26341400e-01   1.06937300e+00   1.83310200e-01   4.43031200e-01   1.96276600e-01   
201   9.60717600e-07   6.36850600e-01   1.08251500e+00   1.91186800e-01   4.45663900e-01   1.98616300e-01   
202   9.60907400e-07   6.45785900e-01   1.09300900e+00   1.98562800e-01   4.47223100e-01   2.00008500e-01   
203   9.61097100e-07   6.52898400e-01   1.10031300e+00   2.05483500e-01   4.47414900e-01   2.00180100e-01   
204   9.61286800e-07   6.58577400e-01   1.10504800e+00   2.12107000e-01   4.46470400e-01   1.99335800e-01   
205   9.61476500e-07   6.63267500e-01   1.10793300e+00   2.18601900e-01   4.44665600e-01   1.97727500e-01   
206   9.61666200e-07   6.67488900e-01   1.10983200e+00   2.25146100e-01   4.42342700e-01   1.95667100e-01   
207   9.62045700e-07   6.75097600e-01   1.11160200e+00   2.38593300e-01   4.36504200e-01   1.90536000e-01   
208   9.62387200e-07   6.81209700e-01   1.11111300e+00   2.51306700e-01   4.29903000e-01   1.84816600e-01   
209   9.62728600e-07   6.87416700e-01   1.10992100e+00   2.64912600e-01   4.22504200e-01   1.78509800e-01   
210   9.63070100e-07   6.94140900e-01   1.10872000e+00   2.79562000e-01   4.14578900e-01   1.71875700e-01   
211   9.63411600e-07   7.01396700e-01   1.10751500e+00   2.95278100e-01   4.06118600e-01   1.64932300e-01   
212   9.64094600e-07   7.17610900e-01   1.10521300e+00   3.30008600e-01   3.87602300e-01   1.50235500e-01   
213   9.64777600e-07   7.36225300e-01   1.10332000e+00   3.69130800e-01   3.67094500e-01   1.34758300e-01   
214   9.65460600e-07   7.57396500e-01   1.10228800e+00   4.12505100e-01   3.44891300e-01   1.18950000e-01   
215   9.66143600e-07   7.81250500e-01   1.10279400e+00   4.59707300e-01   3.21543200e-01   1.03390000e-01   
216   9.66826600e-07   8.07871900e-01   1.10583800e+00   5.09905600e-01   2.97966300e-01   8.87839100e-02   
217   9.67509600e-07   8.37283100e-01   1.11286700e+00   5.61699800e-01   2.75583400e-01   7.59462000e-02   
218   9.68192500e-07   8.69353500e-01   1.12578800e+00   6.12919100e-01   2.56434500e-01   6.57586400e-02   
219   9.68875500e-07   9.00714500e-01   1.14283200e+00   6.58597400e-01   2.42117200e-01   5.86207200e-02   
220   9.68949300e-07   9.03557600e-01   1.14423800e+00   6.62877000e-01   2.40680600e-01   5.79271400e-02   
221   9.69096900e-07   9.08416300e-01   1.14605600e+00   6.70776600e-01   2.37639700e-01   5.64726200e-02   
222   9.69244500e-07   9.11837900e-01   1.14594600e+00   6.77729900e-01   2.34108000e-01   5.48065600e-02   
223   9.69392100e-07   9.14296800e-01   1.14444300e+00   6.84150100e-01   2.30146700e-01   5.29675000e-02   
224   9.69539700e-07   9.16284600e-01   1.14217600e+00   6.90393200e-01   2.25891400e-01   5.10269200e-02   
225   9.69834900e-07   9.19878400e-01   1.13670900e+00   7.03048200e-01   2.16830300e-01   4.70153700e-02   
226   9.70130100e-07   9.23451300e-01   1.13064600e+00   7.16256600e-01   2.07194800e-01   4.29296700e-02   
227   9.70720400e-07   9.31142900e-01   1.11751100e+00   7.44775300e-01   1.86367600e-01   3.47328900e-02   
228   9.71310800e-07   9.39601700e-01   1.10303200e+00   7.76171000e-01   1.63430700e-01   2.67095800e-02   
229   9.71901200e-07   9.48841900e-01   1.08719200e+00   8.10491800e-01   1.38350100e-01   1.91407500e-02   
230   9.72491500e-07   9.58863700e-01   1.06999500e+00   8.47732500e-01   1.11131200e-01   1.23501400e-02   
231   9.73081900e-07   9.69647300e-01   1.05148600e+00   8.87808400e-01   8.18389000e-02   6.69760500e-03   
232   9.73672300e-07   9.81127900e-01   1.03180900e+00   9.30446500e-01   5.06813300e-02   2.56859800e-03   
233   9.74262600e-07   9.92673400e-01   1.01211400e+00   9.73232400e-01   1.94410700e-02   3.77955300e-04   
234   9.74339000e-07   9.94038300e-01   1.00978700e+00   9.78289700e-01   1.57486100e-02   2.48018800e-04   
235   9.74491700e-07   9.96416900e-01   1.00568300e+00   9.87150300e-01   9.26654000e-03   8.58687700e-05   
236   9.74797200e-07   9.98928200e-01   1.00111000e+00   9.96746000e-01   2.18224700e-03   4.76220300e-06   
237   9.75062800e-07   9.99429100e-01   1.00010700e+00   9.98750900e-01   6.78193700e-04   4.59946700e-07   
238   9.75328400e-07   9.99512300e-01   9.99989500e-01   9.99035100e-01   4.77229900e-04   2.27748400e-07   
239   9.75594000e-07   9.99537200e-01   9.99973300e-01   9.99101100e-01   4.36122800e-04   1.90203100e-07   
240   9.75859600e-07   9.99552000e-01   9.99970500e-01   9.99133500e-01   4.18504200e-04   1.75145800e-07   
241   9.76390900e-07   9.99581800e-01   9.99962700e-01   9.99201000e-01   3.80819400e-04   1.45023400e-07   
242   9.77453400e-07   9.99633200e-01   9.99950600e-01   9.99315800e-01   3.17428600e-04   1.00760900e-07   
243   9.79578400e-07   9.99710800e-01   9.99936500e-01   9.99485200e-01   2.25681600e-04   5.09322000e-08   
244   9.83828300e-07   9.99805000e-01   9.99927300e-01   9.99682700e-01   1.22300300e-04   1.49573600e-08   
245   9.92328200e-07   9.99886700e-01   9.99931400e-01   9.99842000e-01   4.46593000e-05   1.99445300e-09   
246   1.00000000e-06   9.99916900e-01   9.99939400e-01   9.99894300e-01   2.25957500e-05   5.10568100e-10   
247   1.00170000e-06   9.99999600e-01   9.99999800e-01   9.99999300e-01   2.33735200e-07   5.46321500e-14   
248   1.00510000e-06   1.00000000e+00   1.00000000e+00   1.00000000e+00   7.22265300e-08   5.21667100e-15   
249   1.00850000e-06   9.99999900e-01   1.00000000e+00   9.99999900e-01   6.62198300e-08   4.38506600e-15   
250   1.01530000e-06   1.00000000e+00   1.00000000e+00   1.00000000e+00   5.94049100e-08   3.52894300e-15   
251   1.02890000e-06   9.99999900e-01   1.00000000e+00   9.99999900e-01   6.55411600e-08   4.29564400e-15   
252   1.05609900e-06   1.00000000e+00   1.00000000e+00   1.00000000e+00   5.90887900e-08   3.49148500e-15   
253   1.11049900e-06   9.99999900e-01   1.00000000e+00   9.99999900e-01   6.53669500e-08   4.27283800e-15   
254   1.21049900e-06   1.00000000e+00   1.00000000e+00   1.00000000e+00   5.90003600e-08   3.48104200e-15   
255   1.31049900e-06   9.99999900e-01   1.00000000e+00   9.99999900e-01   6.53149600e-08   4.26604400e-15   
256   1.40000000e-06   1.00000000e+00   1.00000000e+00   1.00000000e+00   5.89367400e-08   3.47353900e-15   
257   1.40062500e-06   1.00008400e+00   1.00010700e+00   1.00006100e+00   2.33106000e-05   5.43384300e-10   
258   1.40187500e-06   1.00008900e+00   1.00011500e+00   1.00006200e+00   2.63060300e-05   6.92007000e-10   
259   1.40312500e-06   1.00009300e+00   1.00012200e+00   1.00006400e+00   2.89270300e-05   8.36773200e-10   
260   1.40562500e-06   1.00010300e+00   1.00013900e+00   1.00006700e+00   3.61316200e-05   1.30549400e-09   
261   1.41062500e-06   1.00013200e+00   1.00019200e+00   1.00007200e+00   5.99740100e-05   3.59688200e-09   
262   1.42062500e-06   1.00029400e+00   1.00052600e+00   1.00006200e+00   2.32256200e-04   5.39429300e-08   
263   1.42618200e-06   1.00058200e+00   1.00116900e+00   9.99994500e-01   5.87225000e-04   3.44833200e-07   
264   1.43173900e-06   1.00110900e+00   1.00237800e+00   9.99838900e-01   1.26981200e-03   1.61242300e-06   
265   1.43451800e-06   1.00178800e+00   1.00411500e+00   9.99460600e-01   2.32707800e-03   5.41529300e-06   
266   1.43729600e-06   1.00227800e+00   1.00613000e+00   9.98426800e-01   3.85146000e-03   1.48337400e-05   
267   1.44007500e-06   1.00203900e+00   1.01112400e+00   9.92954100e-01   9.08490700e-03   8.25355300e-05   
268   1.44048000e-06   1.00178100e+00   1.01240600e+00   9.91155300e-01   1.06254300e-02   1.12899700e-04   
269   1.44088600e-06   1.00146700e+00   1.01382800e+00   9.89106500e-01   1.23605200e-02   1.52782300e-04   
270   1.44169700e-06   1.00049000e+00   1.01749200e+00   9.83486800e-01   1.70027900e-02   2.89094800e-04   
271   1.44250800e-06   9.98902600e-01   1.02239100e+00   9.75414400e-01   2.34881800e-02   5.51694400e-04   
272   1.44331800e-06   9.96501100e-01   1.02867600e+00   9.64326700e-01   3.21744600e-02   1.03519600e-03   
273   1.44412900e-06   9.92980600e-01   1.03647200e+00   9.49489400e-01   4.34911600e-02   1.89148100e-03   
274   1.44494000e-06   9.87951200e-01   1.04594200e+00   9.29959900e-01   5.79912700e-02   3.36298700e-03   
275   1.44575100e-06   9.81050000e-01   1.05723000e+00   9.04870000e-01   7.61799700e-02   5.80338900e-03   
276   1.44656200e-06   9.71953700e-01   1.07030300e+00   8.73604600e-01   9.83490800e-02   9.67254200e-03   
277   1.44737200e-06   9.60193900e-01   1.08484900e+00   8.35538600e-01   1.24655300e-01   1.55389500e-02   
278   1.44818300e-06   9.45033100e-01   1.10035200e+00   7.89714000e-01   1.55319100e-01   2.41240300e-02   
279   1.44899400e-06   9.25884100e-01   1.11645600e+00   7.35312500e-01   1.90571600e-01   3.63175500e-02   
280   1.44972400e-06   9.05113000e-01   1.13106000e+00   6.79166200e-01   2.25946800e-01   5.10519500e-02   
281   1.44984800e-06   9.01200400e-01   1.13346300e+00   6.68937600e-01   2.32262800e-01   5.39460100e-02   
282   1.44997300e-06   8.97251600e-01   1.13581600e+00   6.58686900e-01   2.38564600e-01   5.69130800e-02   
283   1.45022100e-06   8.89266300e-01   1.13981600e+00   6.38716300e-01   2.50550000e-01   6.27752800e-02   
284   1.45047000e-06   8.81395500e-01   1.14232700e+00   6.20463700e-01   2.60931800e-01   6.80854100e-02   
285   1.45071900e-06   8.73638300e-01   1.14343300e+00   6.03843500e-01   2.69794900e-01   7.27892600e-02   
286   1.45096800e-06   8.65718400e-01   1.14388700e+00   5.87549500e-01   2.78168900e-01   7.73779500e-02   
287   1.45121700e-06   8.57705500e-01   1.14369600e+00   5.71714800e-01   2.85990600e-01   8.17906500e-02   
288   1.45146500e-06   8.49873800e-01   1.14239400e+00   5.57353400e-01   2.92520500e-01   8.55682200e-02   
289   1.45171400e-06   8.42011200e-01   1.14039400e+00   5.43628400e-01   2.98382800e-01   8.90322900e-02   
290   1.45196300e-06   8.33761300e-01   1.13836700e+00   5.29156100e-01   3.04605200e-01   9.27843600e-02   
291   1.45221200e-06   8.25053000e-01   1.13646900e+00   5.13637400e-01   3.11415600e-01   9.69796700e-02   
292   1.45270900e-06   8.06398200e-01   1.13294900e+00   4.79847200e-01   3.26551100e-01   1.06635600e-01   
293   1.45320700e-06   7.87373000e-01   1.12833800e+00   4.46408100e-01   3.40964900e-01   1.16257000e-01   
294   1.45361200e-06   7.71621600e-01   1.12359000e+00   4.19653400e-01   3.51968200e-01   1.23881600e-01   
295   1.45401700e-06   7.54620300e-01   1.11903200e+00   3.90208200e-01   3.64412100e-01   1.32796200e-01   
296   1.45442300e-06   7.36403600e-01   1.11476900e+00   3.58038600e-01   3.78365000e-01   1.43160000e-01   
297   1.45482800e-06   7.17576700e-01   1.11053500e+00   3.24619000e-01   3.92957800e-01   1.54415800e-01   
298   1.45518500e-06   7.00589500e-01   1.10682700e+00   2.94352400e-01   4.06237100e-01   1.65028500e-01   
299   1.45554300e-06   6.83150300e-01   1.10321400e+00   2.63086800e-01   4.20063500e-01   1.76453300e-01   
300   1.45590000e-06   6.66741400e-01   1.09888700e+00   2.34596300e-01   4.32145100e-01   1.86749400e-01   
301   1.45625800e-06   6.52986500e-01   1.09305900e+00   2.12914400e-01   4.40072100e-01   1.93663400e-01   
302   1.45661500e-06   6.41315700e-01   1.08597300e+00   1.96658000e-01   4.44657700e-01   1.97720500e-01   
303   1.45697200e-06   6.29962700e-01   1.07827200e+00   1.81653500e-01   4.48309200e-01   2.00981200e-01   
304   1.45733000e-06   6.19027000e-01   1.06998300e+00   1.68071400e-01   4.50955600e-01   2.03361000e-01   
305   1.45768700e-06   6.09445900e-01   1.06064300e+00   1.58248400e-01   4.51197400e-01   2.03579100e-01   
306   1.45804400e-06   6.00057700e-01   1.05037500e+00   1.49740600e-01   4.50317100e-01   2.02785500e-01   
307   1.45840200e-06   5.90038700e-01   1.03936900e+00   1.40708700e-01   4.49330000e-01   2.01897400e-01   
308   1.45875900e-06   5.80294900e-01   1.02743300e+00   1.33157100e-01   4.47137800e-01   1.99932200e-01   
309   1.45908100e-06   5.71683500e-01   1.01586700e+00   1.27500200e-01   4.44183300e-01   1.97298800e-01   
310   1.45940200e-06   5.62481100e-01   1.00367100e+00   1.21290700e-01   4.41190400e-01   1.94649000e-01   
311   1.45972400e-06   5.52583000e-01   9.90917400e-01   1.14248700e-01   4.38334300e-01   1.92137000e-01   
312   1.46036700e-06   5.30703000e-01   9.63989700e-01   9.74163700e-02   4.33286700e-01   1.87737300e-01   
313   1.46101100e-06   5.05984600e-01   9.35706200e-01   7.62629900e-02   4.29721600e-01   1.84660600e-01   
314   1.46165400e-06   4.78396200e-01   9.06740500e-01   5.00518800e-02   4.28344300e-01   1.83478800e-01   
315   1.46229700e-06   4.47949200e-01   8.77756000e-01   1.81424700e-02   4.29806800e-01   1.84733900e-01   
316   1.46294000e-06   4.14742700e-01   8.49330300e-01   -1.98448300e-02   4.34587600e-01   1.88866300e-01   
317   1.46358400e-06   3.79341100e-01   8.21975500e-01   -6.32933500e-02   4.42634400e-01   1.95925200e-01   
318   1.46369100e-06   3.73335800e-01   8.17509000e-01   -7.08374000e-02   4.44173200e-01   1.97289800e-01   
319   1.46390700e-06   3.61912500e-01   8.08927900e-01   -8.51028500e-02   4.47015400e-01   1.99822700e-01   
320   1.46412200e-06   3.52285700e-01   8.00884100e-01   -9.63126400e-02   4.48598400e-01   2.01240500e-01   
321   1.46433700e-06   3.44850600e-01   7.93342000e-01   -1.03640900e-01   4.48491400e-01   2.01144600e-01   
322   1.46455200e-06   3.39074600e-01   7.86085200e-01   -1.07936000e-01   4.47010600e-01   1.99818500e-01   
323   1.46476700e-06   3.34262800e-01   7.78868400e-01   -1.10342800e-01   4.44605600e-01   1.97674100e-01   
324   1.46498200e-06   3.29879600e-01   7.71514000e-01   -1.11754800e-01   4.41634400e-01   1.95040900e-01   
325   1.46519800e-06   3.25871300e-01   7.63980800e-01   -1.12238300e-01   4.38109500e-01   1.91940000e-01   
326   1.46541300e-06   3.22155500e-01   7.56207400e-01   -1.11896500e-01   4.34052000e-01   1.88401100e-01   
327   1.46562800e-06   3.18429300e-01   7.48087700e-01   -1.11229200e-01   4.29658400e-01   1.84606400e-01   
328   1.46605800e-06   3.10434200e-01   7.30629800e-01   -1.09761400e-01   4.20195600e-01   1.76564300e-01   
329   1.46648900e-06   3.01613000e-01   7.11498300e-01   -1.08272300e-01   4.09885300e-01   1.68006000e-01   
330   1.46691900e-06   2.91919900e-01   6.90662700e-01   -1.06822900e-01   3.98742800e-01   1.58995800e-01   
331   1.46734900e-06   2.81318700e-01   6.68114500e-01   -1.05477100e-01   3.86795800e-01   1.49611000e-01   
332   1.46778000e-06   2.69775800e-01   6.43871200e-01   -1.04319600e-01   3.74095400e-01   1.39947400e-01   
333   1.46821000e-06   2.57264100e-01   6.17982900e-01   -1.03454700e-01   3.60718800e-01   1.30118100e-01   
334   1.46864100e-06   2.43762700e-01   5.90539200e-01   -1.03013800e-01   3.46776500e-01   1.20254000e-01   
335   1.46907100e-06   2.29258700e-01   5.61677500e-01   -1.03160100e-01   3.32418800e-01   1.10502300e-01   
336   1.46950100e-06   2.13747700e-01   5.31590800e-01   -1.04095500e-01   3.17843200e-01   1.01024300e-01   
337   1.46993200e-06   1.97234900e-01   5.00537500e-01   -1.06067700e-01   3.03302600e-01   9.19924800e-02   
338   1.47036200e-06   1.79737300e-01   4.68850700e-01   -1.09376200e-01   2.89113400e-01   8.35865800e-02   
339   1.47079200e-06   1.61287500e-01   4.36948100e-01   -1.14373100e-01   2.75660600e-01   7.59887500e-02   
340   1.47122300e-06   1.41947900e-01   4.05342500e-01   -1.21446700e-01   2.63394600e-01   6.93767100e-02   
341   1.47165300e-06   1.21880000e-01   3.74678800e-01   -1.30918800e-01   2.52798800e-01   6.39072200e-02   
342   1.47208300e-06   1.02222800e-01   3.46278300e-01   -1.41832600e-01   2.44055400e-01   5.95630600e-02   
343   1.47215900e-06   9.91300900e-02   3.41741500e-01   -1.43481300e-01   2.42611400e-01   5.88602800e-02   
344   1.47230900e-06   9.36310000e-02   3.33276000e-01   -1.46014000e-01   2.39645000e-01   5.74297100e-02   
345   1.47260900e-06   8.65430200e-02   3.18970500e-01   -1.45884400e-01   2.32427500e-01   5.40225300e-02   
346   1.47287900e-06   8.29088400e-02   3.07509500e-01   -1.41691800e-01   2.24600600e-01   5.04454500e-02   
347   1.47315000e-06   7.97271200e-02   2.95890200e-01   -1.36436000e-01   2.16163100e-01   4.67264800e-02   
348   1.47342000e-06   7.64490600e-02   2.83749100e-01   -1.30851000e-01   2.07300100e-01   4.29733200e-02   
349   1.47369000e-06   7.30235800e-02   2.71049600e-01   -1.25002500e-01   1.98026100e-01   3.92143200e-02   
350   1.47423100e-06   6.57243600e-02   2.43965500e-01   -1.12516800e-01   1.78241200e-01   3.17699200e-02   
351   1.47477100e-06   5.78294700e-02   2.14644800e-01   -9.89859100e-02   1.56815400e-01   2.45910600e-02   
352   1.47531200e-06   4.93497700e-02   1.83131500e-01   -8.44320200e-02   1.33781800e-01   1.78975700e-02   
353   1.47585300e-06   4.03082900e-02   1.49515000e-01   -6.88984000e-02   1.09206700e-01   1.19261000e-02   
354   1.47639300e-06   3.07439600e-02   1.13944900e-01   -5.24570000e-02   8.32009500e-02   6.92239900e-03   
355   1.47693400e-06   2.07256000e-02   7.66876600e-02   -3.52364600e-02   5.59620600e-02   3.13175200e-03   
356   1.47747400e-06   1.04732700e-02   3.85932700e-02   -1.76467300e-02   2.81200000e-02   7.90734400e-04   
357   1.47781000e-06   4.97464600e-03   1.81234700e-02   -8.17417600e-03   1.31488200e-02   1.72891500e-04   
358   1.47795700e-06   3.11078200e-03   1.11506700e-02   -4.92910700e-03   8.03988900e-03   6.46398200e-05   
359   1.47810400e-06   1.64690000e-03   5.65742900e-03   -2.36362900e-03   4.01052900e-03   1.60843400e-05   
360   1.47839800e-06   4.66731000e-04   1.20451800e-03   -2.71055700e-04   7.37786700e-04   5.44329200e-07   
361   1.47869200e-06   3.41186000e-04   7.58940400e-04   -7.65684600e-05   4.17754400e-04   1.74518800e-07   
362   1.47898600e-06   3.24006100e-04   7.15982600e-04   -6.79705100e-05   3.91976600e-04   1.53645600e-07   
363   1.47928000e-06   3.07596100e-04   6.74645300e-04   -5.94530400e-05   3.67049200e-04   1.34725100e-07   
364   1.47986800e-06   2.78026500e-04   6.00793100e-04   -4.47400900e-05   3.22766600e-04   1.04178300e-07   
365   1.48104400e-06   2.29695600e-04   4.81735000e-04   -2.23437500e-05   2.52039400e-04   6.35238400e-08   
366   1.48339600e-06   1.63316500e-04   3.22586700e-04   4.04618700e-06   1.59270300e-04   2.53670200e-08   
367   1.48810000e-06   9.50591600e-05   1.66826900e-04   2.32914400e-05   7.17677200e-05   5.15060600e-09   
368   1.49750900e-06   4.83224400e-05   6.99810600e-05   2.66638300e-05   2.16586100e-05   4.69095500e-10   
369   1.50000000e-06   4.27590700e-05   5.95398300e-05   2.59783000e-05   1.67807600e-05   2.81594000e-10   
End of Xyce(TM) Simulation
