Index       TIME              V(1A)             V(2A)             V(3A)        {I(C1A)+I(C1B)}        I(C2)             I(C3)        {P(C1A)+P(C1B)}        P(C2)             P(C3)      
0        0.00000000e+00    0.00000000e+00    0.00000000e+00    0.00000000e+00    0.00000000e+00    0.00000000e+00    0.00000000e+00    0.00000000e+00    0.00000000e+00    0.00000000e+00
1        5.00000000e-08    0.00000000e+00    0.00000000e+00    0.00000000e+00    0.00000000e+00    0.00000000e+00    0.00000000e+00    0.00000000e+00    0.00000000e+00    0.00000000e+00
2        1.50000000e-07    0.00000000e+00    0.00000000e+00    0.00000000e+00    0.00000000e+00    0.00000000e+00    0.00000000e+00    0.00000000e+00    0.00000000e+00    0.00000000e+00
3        3.50000000e-07    0.00000000e+00    0.00000000e+00    0.00000000e+00    0.00000000e+00    0.00000000e+00    0.00000000e+00    0.00000000e+00    0.00000000e+00    0.00000000e+00
4        7.50000000e-07    0.00000000e+00    0.00000000e+00    0.00000000e+00    0.00000000e+00    0.00000000e+00    0.00000000e+00    0.00000000e+00    0.00000000e+00    0.00000000e+00
5        1.55000000e-06    0.00000000e+00    0.00000000e+00    0.00000000e+00    0.00000000e+00    0.00000000e+00    0.00000000e+00    0.00000000e+00    0.00000000e+00    0.00000000e+00
6        2.55000000e-06    0.00000000e+00    0.00000000e+00    0.00000000e+00    0.00000000e+00    0.00000000e+00    0.00000000e+00    0.00000000e+00    0.00000000e+00    0.00000000e+00
7        3.55000000e-06    0.00000000e+00    0.00000000e+00    0.00000000e+00    0.00000000e+00    0.00000000e+00    0.00000000e+00    0.00000000e+00    0.00000000e+00    0.00000000e+00
8        4.55000000e-06    0.00000000e+00    0.00000000e+00    0.00000000e+00    0.00000000e+00    0.00000000e+00    0.00000000e+00    0.00000000e+00    0.00000000e+00    0.00000000e+00
9        5.55000000e-06    0.00000000e+00    0.00000000e+00    0.00000000e+00    0.00000000e+00    0.00000000e+00    0.00000000e+00    0.00000000e+00    0.00000000e+00    0.00000000e+00
10       6.55000000e-06    0.00000000e+00    0.00000000e+00    0.00000000e+00    0.00000000e+00    0.00000000e+00    0.00000000e+00    0.00000000e+00    0.00000000e+00    0.00000000e+00
11       7.55000000e-06    0.00000000e+00    0.00000000e+00    0.00000000e+00    0.00000000e+00    0.00000000e+00    0.00000000e+00    0.00000000e+00    0.00000000e+00    0.00000000e+00
12       8.55000000e-06    0.00000000e+00    0.00000000e+00    0.00000000e+00    0.00000000e+00    0.00000000e+00    0.00000000e+00    0.00000000e+00    0.00000000e+00    0.00000000e+00
13       9.55000000e-06    0.00000000e+00    0.00000000e+00    0.00000000e+00    0.00000000e+00    0.00000000e+00    0.00000000e+00    0.00000000e+00    0.00000000e+00    0.00000000e+00
14       1.00000000e-05    0.00000000e+00    0.00000000e+00    0.00000000e+00    0.00000000e+00    0.00000000e+00    0.00000000e+00    0.00000000e+00    0.00000000e+00    0.00000000e+00
15       1.00003906e-05    1.90734862e-12    3.81469723e-12    3.81469723e-12    3.90624998e-07    3.90624996e-07    3.90624996e-07    7.45058052e-19    1.49011609e-18    1.49011609e-18
16       1.00006855e-05    4.43363519e-12    8.86727033e-12    8.86727033e-12    6.85465430e-07    6.85465426e-07    6.85465426e-07    3.03910365e-18    6.07820723e-18    6.07820723e-18
17       1.00012751e-05    1.16594803e-11    2.33189605e-11    2.33189605e-11    1.27514629e-06    1.27514628e-06    1.27514628e-06    1.48675431e-17    2.97350858e-17    2.97350858e-17
18       1.00024545e-05    3.91508027e-11    7.83016044e-11    7.83016044e-11    2.45450800e-06    2.45450796e-06    2.45450796e-06    9.60959585e-17    1.92191912e-16    1.92191912e-16
19       1.00048132e-05    1.46291974e-10    2.92583943e-10    2.92583943e-10    4.81323137e-06    4.81323123e-06    4.81323123e-06    7.04137121e-16    1.40827417e-15    1.40827417e-15
20       1.00095307e-05    5.69208419e-10    1.13841679e-09    1.13841679e-09    9.53067790e-06    9.53067733e-06    9.53067733e-06    5.42494210e-15    1.08498831e-14    1.08498831e-14
21       1.00189656e-05    2.24957765e-09    4.49915492e-09    4.49915492e-09    1.89655701e-05    1.89655679e-05    1.89655679e-05    4.26645227e-14    8.53290280e-14    8.53290280e-14
22       1.00378354e-05    8.94846099e-09    1.78969190e-08    1.78969190e-08    3.78353512e-05    3.78353423e-05    3.78353423e-05    3.38568165e-13    6.77136055e-13    6.77136055e-13
23       1.00755749e-05    3.56988032e-08    7.13975824e-08    7.13975824e-08    7.55749001e-05    7.55748644e-05    7.55748644e-05    2.69793349e-12    5.39586261e-12    5.39586261e-12
24       1.01510541e-05    1.42609758e-07    2.85219325e-07    2.85219325e-07    1.51053944e-04    1.51053802e-04    1.51053802e-04    2.15417665e-11    4.30834633e-11    4.30834633e-11
25       1.03020124e-05    5.70072500e-07    1.14014346e-06    1.14014346e-06    3.02011820e-04    3.02011249e-04    3.02011249e-04    1.72168633e-10    3.44336152e-10    3.44336152e-10
26       1.06039290e-05    2.27955929e-06    4.55910629e-06    4.55910629e-06    6.03926715e-04    6.03924436e-04    6.03924436e-04    1.37668676e-09    2.75335569e-09    2.75335569e-09
27       1.10000000e-05    6.24997424e-06    1.24998940e-05    1.24998940e-05    9.99993750e-04    9.99987500e-04    9.99987500e-04    6.24993517e-09    1.24997377e-08    1.24997377e-08
28       1.10603833e-05    7.00476046e-06    1.40094558e-05    1.40094558e-05    9.99992995e-04    9.99985991e-04    9.99985991e-04    7.00471140e-09    1.40092596e-08    1.40092596e-08
29       1.11811500e-05    8.51433063e-06    1.70285705e-05    1.70285705e-05    9.99991486e-04    9.99982971e-04    9.99982971e-04    8.51425814e-09    1.70282805e-08    1.70282805e-08
30       1.14226832e-05    1.15334664e-05    2.30667815e-05    2.30667815e-05    9.99988467e-04    9.99976933e-04    9.99976933e-04    1.15333334e-08    2.30662494e-08    2.30662494e-08
31       1.19057498e-05    1.75717106e-05    3.51430942e-05    3.51430942e-05    9.99982428e-04    9.99964857e-04    9.99964857e-04    1.75714019e-08    3.51418592e-08    3.51418592e-08
32       1.28718830e-05    2.96480897e-05    5.92952821e-05    5.92952821e-05    9.99970352e-04    9.99940705e-04    9.99940705e-04    2.96472107e-08    5.92917662e-08    5.92917662e-08
33       1.48041492e-05    5.38004103e-05    1.07597908e-04    1.07597908e-04    9.99946200e-04    9.99892402e-04    9.99892402e-04    5.37975159e-08    1.07586331e-07    1.07586331e-07
34       1.86686818e-05    1.02103302e-04    2.04196160e-04    2.04196160e-04    9.99897897e-04    9.99795804e-04    9.99795804e-04    1.02092876e-07    2.04154464e-07    2.04154464e-07
35       2.63977469e-05    1.98702084e-04    3.97364668e-04    3.97364668e-04    9.99801298e-04    9.99602635e-04    9.99602635e-04    1.98662602e-07    3.97206770e-07    3.97206770e-07
36       4.18558770e-05    3.91871654e-04    7.83589731e-04    7.83589731e-04    9.99608128e-04    9.99216410e-04    9.99216410e-04    3.91718091e-07    7.82975718e-07    7.82975718e-07
37       7.27721374e-05    7.78098839e-04    1.55559226e-03    1.55559226e-03    9.99221901e-04    9.98444408e-04    9.98444408e-04    7.77493401e-07    1.55317239e-06    1.55317239e-06
38       1.34604658e-04    1.55010561e-03    3.09780863e-03    3.09780863e-03    9.98449894e-04    9.96902191e-04    9.96902191e-04    1.54770278e-06    3.08821221e-06    3.08821221e-06
39       2.58269700e-04    3.09233045e-03    6.17510048e-03    6.17510048e-03    9.96907670e-04    9.93824900e-04    9.93824900e-04    3.08276795e-06    6.13696861e-06    6.13696861e-06
40       5.05599782e-04    6.16963922e-03    1.23012306e-02    1.23012306e-02    9.93830361e-04    9.87698769e-04    9.87698769e-04    6.13157477e-06    1.21499104e-05    1.21499104e-05
41       1.00025995e-03    1.22958030e-02    2.44405511e-02    2.44405511e-02    9.87704197e-04    9.75559449e-04    9.75559449e-04    1.21446163e-05    2.38432106e-05    2.38432106e-05
42       1.98958028e-03    2.44351902e-02    4.82743305e-02    4.82743305e-02    9.75564810e-04    9.51725670e-04    9.51725670e-04    2.38381117e-05    4.59439195e-05    4.59439195e-05
43       3.96822094e-03    4.82691006e-02    9.42161293e-02    9.42161293e-02    9.51730899e-04    9.05783871e-04    9.05783871e-04    4.59391945e-05    8.53394503e-05    8.53394503e-05
44       5.94686160e-03    7.15207274e-02    1.37940221e-01    1.37940221e-01    9.28479273e-04    8.62059779e-04    8.62059779e-04    6.64055130e-05    1.18912716e-04    1.18912716e-04
45       7.92550227e-03    9.42042965e-02    1.79553659e-01    1.79553659e-01    9.05795703e-04    8.20446341e-04    8.20446341e-04    8.53298470e-05    1.47314142e-04    1.47314142e-04
46       9.90414293e-03    1.16333686e-01    2.19158328e-01    2.19158328e-01    8.83666314e-04    7.80841672e-04    7.80841672e-04    1.02800159e-04    1.71127956e-04    1.71127956e-04
47       1.18827836e-02    1.37922435e-01    2.56851197e-01    2.56851197e-01    8.62077565e-04    7.43148803e-04    7.43148803e-04    1.18899837e-04    1.90878660e-04    1.90878660e-04
48       1.38614243e-02    1.58983752e-01    2.92724552e-01    2.92724552e-01    8.41016248e-04    7.07275448e-04    7.07275448e-04    1.33707918e-04    2.07036889e-04    2.07036889e-04
49       1.58400649e-02    1.79530522e-01    3.26866225e-01    3.26866225e-01    8.20469478e-04    6.73133775e-04    6.73133775e-04    1.47299313e-04    2.20024696e-04    2.20024696e-04
50       1.78187056e-02    1.99575316e-01    3.59359808e-01    3.59359808e-01    8.00424684e-04    6.40640192e-04    6.40640192e-04    1.59745009e-04    2.30220336e-04    2.30220336e-04
51       1.97973462e-02    2.19130398e-01    3.90284856e-01    3.90284856e-01    7.80869602e-04    6.09715144e-04    6.09715144e-04    1.71112267e-04    2.37962587e-04    2.37962587e-04
52       2.37546276e-02    2.56824616e-01    4.47762048e-01    4.47762048e-01    7.43175384e-04    5.52237952e-04    5.52237952e-04    1.90865732e-04    2.47271196e-04    2.47271196e-04
53       2.77119089e-02    2.92699254e-01    4.99820926e-01    4.99820926e-01    7.07300746e-04    5.00179074e-04    5.00179074e-04    2.07026401e-04    2.49999968e-04    2.49999968e-04
54       3.16691902e-02    3.26842148e-01    5.46972269e-01    5.46972269e-01    6.73157852e-04    4.53027731e-04    4.53027731e-04    2.20016358e-04    2.47793606e-04    2.47793606e-04
55       3.56264715e-02    3.59336892e-01    5.89678706e-01    5.89678706e-01    6.40663108e-04    4.10321294e-04    4.10321294e-04    2.30213890e-04    2.41957730e-04    2.41957730e-04
56       3.95837529e-02    3.90263048e-01    6.28359254e-01    6.28359254e-01    6.09736952e-04    3.71640746e-04    3.71640746e-04    2.37957801e-04    2.33523902e-04    2.33523902e-04
57       4.35410342e-02    4.19696332e-01    6.63393427e-01    6.63393427e-01    5.80303668e-04    3.36606573e-04    3.36606573e-04    2.43551321e-04    2.23302588e-04    2.23302588e-04
58       4.74983155e-02    4.47708810e-01    6.95124967e-01    6.95124967e-01    5.52291190e-04    3.04875033e-04    3.04875033e-04    2.47265631e-04    2.11926247e-04    2.11926247e-04
59       5.14555968e-02    4.74369067e-01    7.23865209e-01    7.23865209e-01    5.25630933e-04    2.76134791e-04    2.76134791e-04    2.49343055e-04    1.99884368e-04    1.99884368e-04
60       5.54128782e-02    4.99742377e-01    7.49896139e-01    7.49896139e-01    5.00257623e-04    2.50103861e-04    2.50103861e-04    2.49999934e-04    1.87551920e-04    1.87551920e-04
61       5.93701595e-02    5.23890864e-01    7.73473161e-01    7.73473161e-01    4.76109136e-04    2.26526839e-04    2.26526839e-04    2.49429227e-04    1.75212430e-04    1.75212430e-04
62       6.33274408e-02    5.46873653e-01    7.94827602e-01    7.94827602e-01    4.53126347e-04    2.05172398e-04    2.05172398e-04    2.47802861e-04    1.63076685e-04    1.63076685e-04
63       6.72847221e-02    5.68747014e-01    8.14168984e-01    8.14168984e-01    4.31252986e-04    1.85831016e-04    1.85831016e-04    2.45273848e-04    1.51297850e-04    1.51297850e-04
64       7.12420035e-02    5.89564503e-01    8.31687074e-01    8.31687074e-01    4.10435497e-04    1.68312926e-04    1.68312926e-04    2.41978200e-04    1.39983685e-04    1.39983685e-04
65       7.51992848e-02    6.09377087e-01    8.47553752e-01    8.47553752e-01    3.90622913e-04    1.52446248e-04    1.52446248e-04    2.38036653e-04    1.29206389e-04    1.29206389e-04
66       7.91565661e-02    6.28233276e-01    8.61924696e-01    8.61924696e-01    3.71766724e-04    1.38075304e-04    1.38075304e-04    2.33556227e-04    1.19010514e-04    1.19010514e-04
67       8.70711288e-02    6.63279325e-01    8.86785325e-01    8.86785325e-01    3.36720675e-04    1.13214675e-04    1.13214675e-04    2.23339862e-04    1.00397113e-04    1.00397113e-04
68       9.49856914e-02    6.95021621e-01    9.07169767e-01    9.07169767e-01    3.04978379e-04    9.28302335e-05    9.28302335e-05    2.11966567e-04    8.42127812e-05    8.42127812e-05
69       1.00011000e-01    7.13595869e-01    9.18142983e-01    9.18142983e-01    2.86404131e-04    8.18570168e-05    8.18570168e-05    2.04376805e-04    7.51564456e-05    7.51564456e-05
70       1.00011006e-01    7.13595891e-01    9.18142995e-01    9.18142995e-01    2.80154110e-04    7.56070044e-05    7.56070044e-05    1.99916821e-04    6.94180414e-05    6.94180414e-05
71       1.00011013e-01    7.13595912e-01    9.18143006e-01    9.18143006e-01    2.73904087e-04    6.93569952e-05    6.93569952e-05    1.95456837e-04    6.36796400e-05    6.36796400e-05
72       1.00011025e-01    7.13595954e-01    9.18143026e-01    9.18143026e-01    2.61404046e-04    5.68569736e-05    5.68569736e-05    1.86536870e-04    5.22028337e-05    5.22028337e-05
73       1.00011050e-01    7.13596032e-01    9.18143053e-01    9.18143053e-01    2.36403968e-04    3.18569471e-05    3.18569471e-05    1.68696934e-04    2.92492347e-05    2.92492347e-05
74       1.00011100e-01    7.13596164e-01    9.18143062e-01    9.18143062e-01    1.86403836e-04   -1.81430625e-05   -1.81430625e-05    1.33017062e-04   -1.66579269e-05   -1.66579269e-05
75       1.00011200e-01    7.13596334e-01    9.18142892e-01    9.18142892e-01    8.64036654e-05   -1.18142891e-04   -1.18142891e-04    6.16573389e-05   -1.08472056e-04   -1.08472056e-04
76       1.00011400e-01    7.13596300e-01    9.18141801e-01    9.18141801e-01   -1.13596300e-04   -3.18141801e-04   -3.18141801e-04   -8.10618997e-05   -2.92099286e-04   -2.92099286e-04
77       1.00011800e-01    7.13594733e-01    9.18136619e-01    9.18136619e-01   -5.13594733e-04   -7.18136619e-04   -7.18136619e-04   -3.66498496e-04   -6.59347528e-04   -6.59347528e-04
78       1.00012000e-01    7.13593199e-01    9.18132529e-01    9.18132529e-01   -7.13593198e-04   -9.18132529e-04   -9.18132529e-04   -5.09215253e-04   -8.42967341e-04   -8.42967341e-04
79       1.00012080e-01    7.13592485e-01    9.18130692e-01    9.18130692e-01   -7.13592485e-04   -9.18130692e-04   -9.18130692e-04   -5.09214235e-04   -8.42963968e-04   -8.42963968e-04
80       1.00012240e-01    7.13591058e-01    9.18127020e-01    9.18127020e-01   -7.13591058e-04   -9.18127020e-04   -9.18127020e-04   -5.09212198e-04   -8.42957225e-04   -8.42957225e-04
81       1.00012560e-01    7.13588203e-01    9.18119675e-01    9.18119675e-01   -7.13588203e-04   -9.18119675e-04   -9.18119675e-04   -5.09208124e-04   -8.42943738e-04   -8.42943738e-04
82       1.00013200e-01    7.13582495e-01    9.18104985e-01    9.18104985e-01   -7.13582495e-04   -9.18104985e-04   -9.18104985e-04   -5.09199977e-04   -8.42916764e-04   -8.42916764e-04
83       1.00014480e-01    7.13571077e-01    9.18075606e-01    9.18075606e-01   -7.13571077e-04   -9.18075606e-04   -9.18075606e-04   -5.09183683e-04   -8.42862819e-04   -8.42862819e-04
84       1.00017040e-01    7.13548244e-01    9.18016851e-01    9.18016851e-01   -7.13548244e-04   -9.18016851e-04   -9.18016851e-04   -5.09151096e-04   -8.42754939e-04   -8.42754939e-04
85       1.00022160e-01    7.13502578e-01    9.17899353e-01    9.17899353e-01   -7.13502578e-04   -9.17899353e-04   -9.17899353e-04   -5.09085929e-04   -8.42539222e-04   -8.42539222e-04
86       1.00032400e-01    7.13411255e-01    9.17664401e-01    9.17664401e-01   -7.13411255e-04   -9.17664401e-04   -9.17664401e-04   -5.08955619e-04   -8.42107952e-04   -8.42107952e-04
87       1.00052880e-01    7.13228646e-01    9.17194677e-01    9.17194677e-01   -7.13228646e-04   -9.17194677e-04   -9.17194677e-04   -5.08695101e-04   -8.41246075e-04   -8.41246075e-04
88       1.00093840e-01    7.12863566e-01    9.16255950e-01    9.16255950e-01   -7.12863566e-04   -9.16255950e-04   -9.16255950e-04   -5.08174464e-04   -8.39524966e-04   -8.39524966e-04
89       1.00175760e-01    7.12133967e-01    9.14381377e-01    9.14381377e-01   -7.12133967e-04   -9.14381377e-04   -9.14381377e-04   -5.07134787e-04   -8.36093303e-04   -8.36093303e-04
90       1.00339600e-01    7.10677009e-01    9.10643726e-01    9.10643726e-01   -7.10677009e-04   -9.10643726e-04   -9.10643726e-04   -5.05061811e-04   -8.29271995e-04   -8.29271995e-04
91       1.00667280e-01    7.07772025e-01    9.03214164e-01    9.03214164e-01   -7.07772025e-04   -9.03214164e-04   -9.03214164e-04   -5.00941240e-04   -8.15795826e-04   -8.15795826e-04
92       1.01322640e-01    7.01997609e-01    8.88536145e-01    8.88536145e-01   -7.01997609e-04   -8.88536145e-04   -8.88536145e-04   -4.92800643e-04   -7.89496482e-04   -7.89496482e-04
93       1.02633360e-01    6.90589535e-01    8.59889933e-01    8.59889933e-01   -6.90589535e-04   -8.59889933e-04   -8.59889933e-04   -4.76913906e-04   -7.39410696e-04   -7.39410696e-04
94       1.05254800e-01    6.68325078e-01    8.05324196e-01    8.05324196e-01   -6.68325078e-04   -8.05324196e-04   -8.05324196e-04   -4.46658410e-04   -6.48547061e-04   -6.48547061e-04
95       1.07876240e-01    6.46778422e-01    7.54221018e-01    7.54221018e-01   -6.46778422e-04   -7.54221018e-04   -7.54221018e-04   -4.18322327e-04   -5.68849345e-04   -5.68849345e-04
96       1.10497680e-01    6.25926426e-01    7.06360677e-01    7.06360677e-01   -6.25926426e-04   -7.06360677e-04   -7.06360677e-04   -3.91783891e-04   -4.98945407e-04   -4.98945407e-04
97       1.13119120e-01    6.05746693e-01    6.61537393e-01    6.61537393e-01   -6.05746693e-04   -6.61537393e-04   -6.61537393e-04   -3.66929057e-04   -4.37631723e-04   -4.37631723e-04
98       1.15740560e-01    5.86217551e-01    6.19558445e-01    6.19558445e-01   -5.86217551e-04   -6.19558445e-04   -6.19558445e-04   -3.43651017e-04   -3.83852667e-04   -3.83852667e-04
99       1.18362000e-01    5.67318024e-01    5.80243340e-01    5.80243340e-01   -5.67318024e-04   -5.80243340e-04   -5.80243340e-04   -3.21849741e-04   -3.36682334e-04   -3.36682334e-04
100      1.20983440e-01    5.49027814e-01    5.43423040e-01    5.43423040e-01   -5.49027814e-04   -5.43423040e-04   -5.43423040e-04   -3.01431541e-04   -2.95308601e-04   -2.95308601e-04
101      1.23604880e-01    5.31327276e-01    5.08939233e-01    5.08939233e-01   -5.31327276e-04   -5.08939233e-04   -5.08939233e-04   -2.82308675e-04   -2.59019143e-04   -2.59019143e-04
102      1.26226320e-01    5.14197400e-01    4.76643653e-01    4.76643653e-01   -5.14197400e-04   -4.76643653e-04   -4.76643653e-04   -2.64398966e-04   -2.27189172e-04   -2.27189172e-04
103      1.28847760e-01    4.97619787e-01    4.46397443e-01    4.46397443e-01   -4.97619787e-04   -4.46397443e-04   -4.46397443e-04   -2.47625453e-04   -1.99270677e-04   -1.99270677e-04
104      1.31469200e-01    4.81576633e-01    4.18070555e-01    4.18070555e-01   -4.81576633e-04   -4.18070555e-04   -4.18070555e-04   -2.31916054e-04   -1.74782989e-04   -1.74782989e-04
105      1.34090640e-01    4.66050707e-01    3.91541197e-01    3.91541197e-01   -4.66050707e-04   -3.91541197e-04   -3.91541197e-04   -2.17203261e-04   -1.53304509e-04   -1.53304509e-04
106      1.36712080e-01    4.51025333e-01    3.66695304e-01    3.66695304e-01   -4.51025333e-04   -3.66695304e-04   -3.66695304e-04   -2.03423851e-04   -1.34465446e-04   -1.34465446e-04
107      1.39333520e-01    4.36484374e-01    3.43426047e-01    3.43426047e-01   -4.36484374e-04   -3.43426047e-04   -3.43426047e-04   -1.90518609e-04   -1.17941450e-04   -1.17941450e-04
108      1.41954960e-01    4.22412212e-01    3.21633380e-01    3.21633380e-01   -4.22412212e-04   -3.21633380e-04   -3.21633380e-04   -1.78432077e-04   -1.03448031e-04   -1.03448031e-04
109      1.44576400e-01    4.08793734e-01    3.01223602e-01    3.01223602e-01   -4.08793734e-04   -3.01223602e-04   -3.01223602e-04   -1.67112317e-04   -9.07356586e-05   -9.07356586e-05
110      1.47197840e-01    3.95614313e-01    2.82108961e-01    2.82108961e-01   -3.95614313e-04   -2.82108961e-04   -2.82108961e-04   -1.56510684e-04   -7.95854658e-05   -7.95854658e-05
111      1.49819280e-01    3.82859793e-01    2.64207271e-01    2.64207271e-01   -3.82859793e-04   -2.64207271e-04   -2.64207271e-04   -1.46581621e-04   -6.98054818e-05   -6.98054818e-05
112      1.52440720e-01    3.70516476e-01    2.47441562e-01    2.47441562e-01   -3.70516476e-04   -2.47441562e-04   -2.47441562e-04   -1.37282459e-04   -6.12273264e-05   -6.12273264e-05
113      1.55062160e-01    3.58571105e-01    2.31739748e-01    2.31739748e-01   -3.58571105e-04   -2.31739749e-04   -2.31739749e-04   -1.28573237e-04   -5.37033110e-05   -5.37033110e-05
114      1.57683600e-01    3.47010850e-01    2.17034320e-01    2.17034320e-01   -3.47010850e-04   -2.17034320e-04   -2.17034320e-04   -1.20416530e-04   -4.71038960e-05   -4.71038960e-05
115      1.60305040e-01    3.35823296e-01    2.03262048e-01    2.03262048e-01   -3.35823296e-04   -2.03262048e-04   -2.03262048e-04   -1.12777286e-04   -4.13154603e-05   -4.13154603e-05
116      1.62926480e-01    3.24996425e-01    1.90363719e-01    1.90363719e-01   -3.24996425e-04   -1.90363719e-04   -1.90363719e-04   -1.05622677e-04   -3.62383456e-05   -3.62383456e-05
117      1.65547920e-01    3.14518611e-01    1.78283875e-01    1.78283875e-01   -3.14518611e-04   -1.78283875e-04   -1.78283875e-04   -9.89219567e-05   -3.17851401e-05   -3.17851401e-05
118      1.68169360e-01    3.04378599e-01    1.66970577e-01    1.66970577e-01   -3.04378599e-04   -1.66970577e-04   -1.66970577e-04   -9.26463316e-05   -2.78791736e-05   -2.78791736e-05
119      1.70790800e-01    2.94565499e-01    1.56375183e-01    1.56375183e-01   -2.94565499e-04   -1.56375183e-04   -1.56375183e-04   -8.67688332e-05   -2.44531979e-05   -2.44531979e-05
120      1.73412240e-01    2.85068771e-01    1.46452138e-01    1.46452138e-01   -2.85068771e-04   -1.46452137e-04   -1.46452137e-04   -8.12642043e-05   -2.14482286e-05   -2.14482286e-05
121      1.76033680e-01    2.75878216e-01    1.37158775e-01    1.37158775e-01   -2.75878216e-04   -1.37158775e-04   -1.37158775e-04   -7.61087899e-05   -1.88125296e-05   -1.88125296e-05
122      1.78655120e-01    2.66983962e-01    1.28455138e-01    1.28455138e-01   -2.66983962e-04   -1.28455138e-04   -1.28455138e-04   -7.12804359e-05   -1.65007226e-05   -1.65007226e-05
123      1.81276560e-01    2.58376457e-01    1.20303805e-01    1.20303805e-01   -2.58376457e-04   -1.20303805e-04   -1.20303805e-04   -6.67583934e-05   -1.44730056e-05   -1.44730056e-05
124      1.83898000e-01    2.50046456e-01    1.12669729e-01    1.12669729e-01   -2.50046456e-04   -1.12669729e-04   -1.12669729e-04   -6.25232300e-05   -1.26944677e-05   -1.26944677e-05
125      1.86519440e-01    2.41985012e-01    1.05520085e-01    1.05520085e-01   -2.41985012e-04   -1.05520085e-04   -1.05520085e-04   -5.85567461e-05   -1.11344883e-05   -1.11344883e-05
126      1.89140880e-01    2.34183468e-01    9.88241334e-02    9.88241334e-02   -2.34183468e-04   -9.88241334e-05   -9.88241334e-05   -5.48418966e-05   -9.76620935e-06   -9.76620935e-06
127      1.91762320e-01    2.26633444e-01    9.25530847e-02    9.25530847e-02   -2.26633443e-04   -9.25530848e-05   -9.25530848e-05   -5.13627177e-05   -8.56607350e-06   -8.56607350e-06
128      1.94383760e-01    2.19326830e-01    8.66799758e-02    8.66799758e-02   -2.19326830e-04   -8.66799758e-05   -8.66799758e-05   -4.81042585e-05   -7.51341821e-06   -7.51341821e-06
129      1.97005200e-01    2.12255781e-01    8.11795547e-02    8.11795547e-02   -2.12255781e-04   -8.11795547e-05   -8.11795547e-05   -4.50525165e-05   -6.59012011e-06   -6.59012011e-06
130      1.99626640e-01    2.05412700e-01    7.60281719e-02    7.60281719e-02   -2.05412701e-04   -7.60281719e-05   -7.60281719e-05   -4.21943775e-05   -5.78028293e-06   -5.78028293e-06
131      2.02248080e-01    1.98790240e-01    7.12036787e-02    7.12036787e-02   -1.98790239e-04   -7.12036787e-05   -7.12036787e-05   -3.95175593e-05   -5.06996386e-06   -5.06996386e-06
132      2.04869520e-01    1.92381285e-01    6.66853316e-02    6.66853316e-02   -1.92381285e-04   -6.66853315e-05   -6.66853315e-05   -3.70105589e-05   -4.44693344e-06   -4.44693344e-06
133      2.07490960e-01    1.86178954e-01    6.24537037e-02    6.24537037e-02   -1.86178954e-04   -6.24537037e-05   -6.24537037e-05   -3.46626030e-05   -3.90046510e-06   -3.90046510e-06
134      2.12733840e-01    1.74364661e-01    5.47712492e-02    5.47712492e-02   -1.74364661e-04   -5.47712491e-05   -5.47712491e-05   -3.04030350e-05   -2.99988973e-06   -2.99988973e-06
135      2.17976720e-01    1.63300063e-01    4.80338164e-02    4.80338164e-02   -1.63300063e-04   -4.80338164e-05   -4.80338164e-05   -2.66669107e-05   -2.30724752e-06   -2.30724752e-06
136      2.23219600e-01    1.52937588e-01    4.21251578e-02    4.21251578e-02   -1.52937588e-04   -4.21251578e-05   -4.21251578e-05   -2.33899058e-05   -1.77452892e-06   -1.77452892e-06
137      2.28462480e-01    1.43232681e-01    3.69433257e-02    3.69433257e-02   -1.43232681e-04   -3.69433257e-05   -3.69433257e-05   -2.05156008e-05   -1.36480932e-06   -1.36480932e-06
138      2.33705360e-01    1.34143614e-01    3.23989128e-02    3.23989128e-02   -1.34143614e-04   -3.23989127e-05   -3.23989127e-05   -1.79945092e-05   -1.04968955e-06   -1.04968955e-06
139      2.38948240e-01    1.25631310e-01    2.84135098e-02    2.84135098e-02   -1.25631310e-04   -2.84135099e-05   -2.84135099e-05   -1.57832259e-05   -8.07327542e-07   -8.07327542e-07
140      2.44191120e-01    1.17659167e-01    2.49183529e-02    2.49183529e-02   -1.17659167e-04   -2.49183529e-05   -2.49183529e-05   -1.38436796e-05   -6.20924310e-07   -6.20924310e-07
141      2.49434000e-01    1.10192910e-01    2.18531366e-02    2.18531366e-02   -1.10192910e-04   -2.18531366e-05   -2.18531366e-05   -1.21424775e-05   -4.77559578e-07   -4.77559578e-07
142      2.54676880e-01    1.03200437e-01    1.91649737e-02    1.91649737e-02   -1.03200437e-04   -1.91649737e-05   -1.91649737e-05   -1.06503302e-05   -3.67296216e-07   -3.67296216e-07
143      2.59919760e-01    9.66516828e-02    1.68074828e-02    1.68074828e-02   -9.66516828e-05   -1.68074828e-05   -1.68074828e-05   -9.34154779e-06   -2.82491478e-07   -2.82491478e-07
144      2.65162640e-01    9.05184906e-02    1.47399877e-02    1.47399877e-02   -9.05184906e-05   -1.47399877e-05   -1.47399877e-05   -8.19359714e-06   -2.17267238e-07   -2.17267238e-07
145      2.70405520e-01    8.47744902e-02    1.29268161e-02    1.29268161e-02   -8.47744902e-05   -1.29268161e-05   -1.29268161e-05   -7.18671419e-06   -1.67102575e-07   -1.67102575e-07
146      2.75648400e-01    7.93949849e-02    1.13366834e-02    1.13366834e-02   -7.93949849e-05   -1.13366834e-05   -1.13366834e-05   -6.30356362e-06   -1.28520390e-07   -1.28520390e-07
147      2.80891280e-01    7.43568449e-02    9.94215353e-03    9.94215353e-03   -7.43568449e-05   -9.94215356e-06   -9.94215356e-06   -5.52894038e-06   -9.88464171e-08   -9.88464171e-08
148      2.86134160e-01    6.96384084e-02    8.71916534e-03    8.71916534e-03   -6.96384085e-05   -8.71916531e-06   -8.71916531e-06   -4.84950793e-06   -7.60238440e-08   -7.60238440e-08
149      2.91377040e-01    6.52193882e-02    7.64661740e-03    7.64661740e-03   -6.52193881e-05   -7.64661742e-06   -7.64661742e-06   -4.25356859e-06   -5.84707579e-08   -5.84707579e-08
150      2.96619920e-01    6.10807841e-02    6.70600400e-03    6.70600400e-03   -6.10807841e-05   -6.70600398e-06   -6.70600398e-06   -3.73086219e-06   -4.49704895e-08   -4.49704895e-08
151      3.01862800e-01    5.72048020e-02    5.88109583e-03    5.88109583e-03   -5.72048020e-05   -5.88109585e-06   -5.88109585e-06   -3.27238937e-06   -3.45872883e-08   -3.45872883e-08
152      3.07105680e-01    5.35747768e-02    5.15765993e-03    5.15765993e-03   -5.35747768e-05   -5.15765991e-06   -5.15765991e-06   -2.87025671e-06   -2.66014558e-08   -2.66014558e-08
153      3.12348560e-01    5.01751008e-02    4.52321417e-03    4.52321417e-03   -5.01751008e-05   -4.52321419e-06   -4.52321419e-06   -2.51754074e-06   -2.04594665e-08   -2.04594665e-08
154      3.17591440e-01    4.69911569e-02    3.96681182e-03    3.96681182e-03   -4.69911569e-05   -3.96681180e-06   -3.96681180e-06   -2.20816883e-06   -1.57355959e-08   -1.57355959e-08
155      3.22834320e-01    4.40092554e-02    3.47885275e-03    3.47885275e-03   -4.40092553e-05   -3.47885277e-06   -3.47885277e-06   -1.93681456e-06   -1.21024165e-08   -1.21024165e-08
156      3.28077200e-01    4.12165753e-02    3.05091771e-03    3.05091771e-03   -4.12165754e-05   -3.05091769e-06   -3.05091769e-06   -1.69880608e-06   -9.30809881e-09   -9.30809881e-09
157      3.33320080e-01    3.86011094e-02    2.67562313e-03    2.67562313e-03   -3.86011094e-05   -2.67562316e-06   -2.67562316e-06   -1.49004565e-06   -7.15895921e-09   -7.15895921e-09
158      3.38562960e-01    3.61516123e-02    2.34649368e-03    2.34649368e-03   -3.61516123e-05   -2.34649366e-06   -2.34649366e-06   -1.30693907e-06   -5.50603255e-09   -5.50603255e-09
159      3.43805840e-01    3.38575520e-02    2.05785058e-03    2.05785058e-03   -3.38575519e-05   -2.05785060e-06   -2.05785060e-06   -1.14633382e-06   -4.23474906e-09   -4.23474906e-09
160      3.49048720e-01    3.17090651e-02    1.80471357e-03    1.80471357e-03   -3.17090651e-05   -1.80471355e-06   -1.80471355e-06   -1.00546481e-06   -3.25699104e-09   -3.25699104e-09
161      3.54291600e-01    2.96969139e-02    1.58271505e-03    1.58271505e-03   -2.96969139e-05   -1.58271508e-06   -1.58271508e-06   -8.81906696e-07   -2.50498697e-09   -2.50498697e-09
162      3.59534480e-01    2.78124472e-02    1.38802465e-03    1.38802465e-03   -2.78124472e-05   -1.38802463e-06   -1.38802463e-06   -7.73532220e-07   -1.92661241e-09   -1.92661241e-09
163      3.64777360e-01    2.60475624e-02    1.21728320e-03    1.21728320e-03   -2.60475624e-05   -1.21728322e-06   -1.21728322e-06   -6.78475506e-07   -1.48177842e-09   -1.48177842e-09
164      3.70020240e-01    2.43946713e-02    1.06754472e-03    1.06754472e-03   -2.43946713e-05   -1.06754469e-06   -1.06754469e-06   -5.95099988e-07   -1.13965170e-09   -1.13965170e-09
165      3.75263120e-01    2.28466671e-02    9.36225624e-04    9.36225624e-04   -2.28466671e-05   -9.36225649e-07   -9.36225649e-07   -5.21970197e-07   -8.76518442e-10   -8.76518442e-10
166      3.80506000e-01    2.13968941e-02    8.21060144e-04    8.21060144e-04   -2.13968941e-05   -8.21060119e-07   -8.21060119e-07   -4.57827078e-07   -6.74139739e-10   -6.74139739e-10
167      3.85748880e-01    2.00391188e-02    7.20061214e-04    7.20061214e-04   -2.00391188e-05   -7.20061239e-07   -7.20061239e-07   -4.01566283e-07   -5.18488170e-10   -5.18488170e-10
168      3.90991760e-01    1.87675034e-02    6.31486203e-04    6.31486203e-04   -1.87675035e-05   -6.31486178e-07   -6.31486178e-07   -3.52219185e-07   -3.98774809e-10   -3.98774809e-10
169      3.96234640e-01    1.75765805e-02    5.53806838e-04    5.53806838e-04   -1.75765805e-05   -5.53806863e-07   -5.53806863e-07   -3.08936181e-07   -3.06702028e-10   -3.06702028e-10
170      4.00000000e-01    1.67683247e-02    5.04018188e-04    5.04018188e-04   -1.67683247e-05   -5.04018163e-07   -5.04018163e-07   -2.81176712e-07   -2.54034321e-10   -2.54034321e-10
0        0.00000000e+00    0.00000000e+00    0.00000000e+00    0.00000000e+00    0.00000000e+00    0.00000000e+00    0.00000000e+00    0.00000000e+00    0.00000000e+00    0.00000000e+00
1        5.00000000e-08    0.00000000e+00    0.00000000e+00    0.00000000e+00    0.00000000e+00    0.00000000e+00    0.00000000e+00    0.00000000e+00    0.00000000e+00    0.00000000e+00
2        1.50000000e-07    0.00000000e+00    0.00000000e+00    0.00000000e+00    0.00000000e+00    0.00000000e+00    0.00000000e+00    0.00000000e+00    0.00000000e+00    0.00000000e+00
3        3.50000000e-07    0.00000000e+00    0.00000000e+00    0.00000000e+00    0.00000000e+00    0.00000000e+00    0.00000000e+00    0.00000000e+00    0.00000000e+00    0.00000000e+00
4        7.50000000e-07    0.00000000e+00    0.00000000e+00    0.00000000e+00    0.00000000e+00    0.00000000e+00    0.00000000e+00    0.00000000e+00    0.00000000e+00    0.00000000e+00
5        1.55000000e-06    0.00000000e+00    0.00000000e+00    0.00000000e+00    0.00000000e+00    0.00000000e+00    0.00000000e+00    0.00000000e+00    0.00000000e+00    0.00000000e+00
6        2.55000000e-06    0.00000000e+00    0.00000000e+00    0.00000000e+00    0.00000000e+00    0.00000000e+00    0.00000000e+00    0.00000000e+00    0.00000000e+00    0.00000000e+00
7        3.55000000e-06    0.00000000e+00    0.00000000e+00    0.00000000e+00    0.00000000e+00    0.00000000e+00    0.00000000e+00    0.00000000e+00    0.00000000e+00    0.00000000e+00
8        4.55000000e-06    0.00000000e+00    0.00000000e+00    0.00000000e+00    0.00000000e+00    0.00000000e+00    0.00000000e+00    0.00000000e+00    0.00000000e+00    0.00000000e+00
9        5.55000000e-06    0.00000000e+00    0.00000000e+00    0.00000000e+00    0.00000000e+00    0.00000000e+00    0.00000000e+00    0.00000000e+00    0.00000000e+00    0.00000000e+00
10       6.55000000e-06    0.00000000e+00    0.00000000e+00    0.00000000e+00    0.00000000e+00    0.00000000e+00    0.00000000e+00    0.00000000e+00    0.00000000e+00    0.00000000e+00
11       7.55000000e-06    0.00000000e+00    0.00000000e+00    0.00000000e+00    0.00000000e+00    0.00000000e+00    0.00000000e+00    0.00000000e+00    0.00000000e+00    0.00000000e+00
12       8.55000000e-06    0.00000000e+00    0.00000000e+00    0.00000000e+00    0.00000000e+00    0.00000000e+00    0.00000000e+00    0.00000000e+00    0.00000000e+00    0.00000000e+00
13       9.55000000e-06    0.00000000e+00    0.00000000e+00    0.00000000e+00    0.00000000e+00    0.00000000e+00    0.00000000e+00    0.00000000e+00    0.00000000e+00    0.00000000e+00
14       1.00000000e-05    0.00000000e+00    0.00000000e+00    0.00000000e+00    0.00000000e+00    0.00000000e+00    0.00000000e+00    0.00000000e+00    0.00000000e+00    0.00000000e+00
15       1.00003906e-05    1.90734862e-12    3.81469723e-12    1.90734862e-12    3.90624998e-07    3.90624996e-07    3.90624998e-07    7.45058052e-19    1.49011609e-18    7.45058052e-19
16       1.00006855e-05    4.43363519e-12    8.86727033e-12    4.43363519e-12    6.85465430e-07    6.85465426e-07    6.85465430e-07    3.03910365e-18    6.07820723e-18    3.03910365e-18
17       1.00012751e-05    1.16594803e-11    2.33189605e-11    1.16594803e-11    1.27514629e-06    1.27514628e-06    1.27514629e-06    1.48675431e-17    2.97350858e-17    1.48675431e-17
18       1.00024545e-05    3.91508027e-11    7.83016044e-11    3.91508027e-11    2.45450800e-06    2.45450796e-06    2.45450800e-06    9.60959585e-17    1.92191912e-16    9.60959585e-17
19       1.00048132e-05    1.46291974e-10    2.92583943e-10    1.46291974e-10    4.81323137e-06    4.81323123e-06    4.81323137e-06    7.04137121e-16    1.40827417e-15    7.04137121e-16
20       1.00095307e-05    5.69208419e-10    1.13841679e-09    5.69208419e-10    9.53067790e-06    9.53067733e-06    9.53067790e-06    5.42494210e-15    1.08498831e-14    5.42494210e-15
21       1.00189656e-05    2.24957765e-09    4.49915492e-09    2.24957765e-09    1.89655701e-05    1.89655679e-05    1.89655701e-05    4.26645227e-14    8.53290280e-14    4.26645227e-14
22       1.00378354e-05    8.94846099e-09    1.78969190e-08    8.94846099e-09    3.78353512e-05    3.78353423e-05    3.78353512e-05    3.38568165e-13    6.77136055e-13    3.38568165e-13
23       1.00755749e-05    3.56988032e-08    7.13975824e-08    3.56988032e-08    7.55749001e-05    7.55748644e-05    7.55749001e-05    2.69793349e-12    5.39586261e-12    2.69793349e-12
24       1.01510541e-05    1.42609758e-07    2.85219325e-07    1.42609758e-07    1.51053944e-04    1.51053802e-04    1.51053944e-04    2.15417665e-11    4.30834633e-11    2.15417665e-11
25       1.03020124e-05    5.70072500e-07    1.14014346e-06    5.70072500e-07    3.02011820e-04    3.02011249e-04    3.02011820e-04    1.72168633e-10    3.44336152e-10    1.72168633e-10
26       1.06039290e-05    2.27955929e-06    4.55910629e-06    2.27955929e-06    6.03926715e-04    6.03924436e-04    6.03926715e-04    1.37668676e-09    2.75335569e-09    1.37668676e-09
27       1.10000000e-05    6.24997424e-06    1.24998940e-05    6.24997424e-06    9.99993750e-04    9.99987500e-04    9.99993750e-04    6.24993517e-09    1.24997377e-08    6.24993517e-09
28       1.10603833e-05    7.00476046e-06    1.40094558e-05    7.00476046e-06    9.99992995e-04    9.99985991e-04    9.99992995e-04    7.00471140e-09    1.40092596e-08    7.00471140e-09
29       1.11811500e-05    8.51433063e-06    1.70285705e-05    8.51433063e-06    9.99991486e-04    9.99982971e-04    9.99991486e-04    8.51425814e-09    1.70282805e-08    8.51425814e-09
30       1.14226832e-05    1.15334664e-05    2.30667815e-05    1.15334664e-05    9.99988467e-04    9.99976933e-04    9.99988467e-04    1.15333334e-08    2.30662494e-08    1.15333334e-08
31       1.19057498e-05    1.75717106e-05    3.51430942e-05    1.75717106e-05    9.99982428e-04    9.99964857e-04    9.99982428e-04    1.75714019e-08    3.51418592e-08    1.75714019e-08
32       1.28718830e-05    2.96480897e-05    5.92952821e-05    2.96480897e-05    9.99970352e-04    9.99940705e-04    9.99970352e-04    2.96472107e-08    5.92917662e-08    2.96472107e-08
33       1.48041492e-05    5.38004103e-05    1.07597908e-04    5.38004103e-05    9.99946200e-04    9.99892402e-04    9.99946200e-04    5.37975159e-08    1.07586331e-07    5.37975159e-08
34       1.86686818e-05    1.02103302e-04    2.04196160e-04    1.02103302e-04    9.99897897e-04    9.99795804e-04    9.99897897e-04    1.02092876e-07    2.04154464e-07    1.02092876e-07
35       2.63977469e-05    1.98702084e-04    3.97364668e-04    1.98702084e-04    9.99801298e-04    9.99602635e-04    9.99801298e-04    1.98662602e-07    3.97206770e-07    1.98662602e-07
36       4.18558770e-05    3.91871654e-04    7.83589731e-04    3.91871654e-04    9.99608128e-04    9.99216410e-04    9.99608128e-04    3.91718091e-07    7.82975718e-07    3.91718091e-07
37       7.27721374e-05    7.78098839e-04    1.55559226e-03    7.78098839e-04    9.99221901e-04    9.98444408e-04    9.99221901e-04    7.77493401e-07    1.55317239e-06    7.77493401e-07
38       1.34604658e-04    1.55010561e-03    3.09780863e-03    1.55010561e-03    9.98449894e-04    9.96902191e-04    9.98449894e-04    1.54770278e-06    3.08821221e-06    1.54770278e-06
39       2.58269700e-04    3.09233045e-03    6.17510048e-03    3.09233045e-03    9.96907670e-04    9.93824900e-04    9.96907670e-04    3.08276795e-06    6.13696861e-06    3.08276795e-06
40       5.05599782e-04    6.16963922e-03    1.23012306e-02    6.16963922e-03    9.93830361e-04    9.87698769e-04    9.93830361e-04    6.13157477e-06    1.21499104e-05    6.13157477e-06
41       1.00025995e-03    1.22958030e-02    2.44405511e-02    1.22958030e-02    9.87704197e-04    9.75559449e-04    9.87704197e-04    1.21446163e-05    2.38432106e-05    1.21446163e-05
42       1.98958028e-03    2.44351902e-02    4.82743305e-02    2.44351902e-02    9.75564810e-04    9.51725670e-04    9.75564810e-04    2.38381117e-05    4.59439195e-05    2.38381117e-05
43       3.96822094e-03    4.82691006e-02    9.42161293e-02    4.82691006e-02    9.51730899e-04    9.05783871e-04    9.51730899e-04    4.59391945e-05    8.53394503e-05    4.59391945e-05
44       5.94686160e-03    7.15207274e-02    1.37940221e-01    7.15207274e-02    9.28479273e-04    8.62059779e-04    9.28479273e-04    6.64055130e-05    1.18912716e-04    6.64055130e-05
45       7.92550227e-03    9.42042965e-02    1.79553659e-01    9.42042965e-02    9.05795703e-04    8.20446341e-04    9.05795703e-04    8.53298470e-05    1.47314142e-04    8.53298470e-05
46       1.18827836e-02    1.37928959e-01    2.56896253e-01    1.37928959e-01    8.62071041e-04    7.43103747e-04    8.62071041e-04    1.18904562e-04    1.90900568e-04    1.18904562e-04
47       1.58400649e-02    1.79542941e-01    3.26947845e-01    1.79542941e-01    8.20457059e-04    6.73052155e-04    8.20457059e-04    1.47307273e-04    2.20052952e-04    1.47307273e-04
48       1.97973462e-02    2.19148128e-01    3.90395748e-01    2.19148128e-01    7.80851872e-04    6.09604252e-04    7.80851872e-04    1.71122226e-04    2.37986908e-04    1.71122226e-04
49       2.37546276e-02    2.56841489e-01    4.47862485e-01    2.56841489e-01    7.43158511e-04    5.52137515e-04    7.43158511e-04    1.90873939e-04    2.47281680e-04    1.90873939e-04
50       2.77119089e-02    2.92715313e-01    4.99911895e-01    2.92715313e-01    7.07284687e-04    5.00088105e-04    7.07284687e-04    2.07033058e-04    2.49999992e-04    2.07033058e-04
51       3.16691902e-02    3.26857432e-01    5.47054663e-01    3.26857432e-01    6.73142568e-04    4.52945337e-04    6.73142568e-04    2.20021651e-04    2.47785859e-04    2.20021651e-04
52       3.56264715e-02    3.59351439e-01    5.89753333e-01    3.59351439e-01    6.40648561e-04    4.10246667e-04    6.40648561e-04    2.30217982e-04    2.41944339e-04    2.30217982e-04
53       3.95837529e-02    3.90276891e-01    6.28426845e-01    3.90276891e-01    6.09723109e-04    3.71573155e-04    6.09723109e-04    2.37960839e-04    2.33506545e-04    2.37960839e-04
54       4.35410342e-02    4.19709508e-01    6.63454647e-01    4.19709508e-01    5.80290492e-04    3.36545353e-04    5.80290492e-04    2.43553437e-04    2.23282578e-04    2.43553437e-04
55       4.74983155e-02    4.47721350e-01    6.95180416e-01    4.47721350e-01    5.52278650e-04    3.04819584e-04    5.52278650e-04    2.47266943e-04    2.11904605e-04    2.47266943e-04
56       5.14555968e-02    4.74381001e-01    7.23915430e-01    4.74381001e-01    5.25618999e-04    2.76084570e-04    5.25618999e-04    2.49343667e-04    1.99861880e-04    2.49343667e-04
57       5.54128782e-02    4.99753735e-01    7.49941626e-01    4.99753735e-01    5.00246265e-04    2.50058374e-04    5.00246265e-04    2.49999939e-04    1.87529184e-04    2.49999939e-04
58       5.93701595e-02    5.23901674e-01    7.73514360e-01    5.23901674e-01    4.76098326e-04    2.26485640e-04    4.76098326e-04    2.49428710e-04    1.75189895e-04    2.49428710e-04
59       6.33274408e-02    5.46883941e-01    7.94864918e-01    5.46883941e-01    4.53116059e-04    2.05135082e-04    4.53116059e-04    2.47801896e-04    1.63054680e-04    2.47801896e-04
60       6.72847221e-02    5.68756806e-01    8.14202781e-01    5.68756806e-01    4.31243194e-04    1.85797219e-04    4.31243194e-04    2.45272502e-04    1.51276612e-04    2.45272502e-04
61       7.12420035e-02    5.89573821e-01    8.31717685e-01    5.89573821e-01    4.10426179e-04    1.68282315e-04    4.10426179e-04    2.41976531e-04    1.39963377e-04    2.41976531e-04
62       7.91565661e-02    6.28264256e-01    8.62017124e-01    6.28264256e-01    3.71735744e-04    1.37982876e-04    3.71735744e-04    2.33548281e-04    1.18943602e-04    2.33548281e-04
63       8.70711288e-02    6.63307385e-01    8.86861110e-01    6.63307385e-01    3.36692615e-04    1.13138890e-04    3.36692615e-04    2.23330698e-04    1.00338481e-04    2.23330698e-04
64       9.49856914e-02    6.95047036e-01    9.07231907e-01    6.95047036e-01    3.04952964e-04    9.27680932e-05    3.04952964e-04    2.11956654e-04    8.41621741e-05    2.11956654e-04
65       1.00011000e-01    7.13619735e-01    9.18197778e-01    7.13619735e-01    2.86380265e-04    8.18022219e-05    2.86380265e-04    2.04366609e-04    7.51106184e-05    2.04366609e-04
66       1.00011006e-01    7.13619757e-01    9.18197790e-01    7.13619757e-01    2.80130243e-04    7.55522099e-05    2.80130243e-04    1.99906476e-04    6.93718721e-05    1.99906476e-04
67       1.00011013e-01    7.13619779e-01    9.18197801e-01    7.13619779e-01    2.73880221e-04    6.93021985e-05    2.73880221e-04    1.95446343e-04    6.36331263e-05    1.95446343e-04
68       1.00011025e-01    7.13619821e-01    9.18197820e-01    7.13619821e-01    2.61380180e-04    5.68021801e-05    2.61380180e-04    1.86526077e-04    5.21556380e-05    1.86526077e-04
69       1.00011050e-01    7.13619898e-01    9.18197848e-01    7.13619898e-01    2.36380102e-04    3.18021510e-05    2.36380102e-04    1.68685544e-04    2.92006666e-05    1.68685544e-04
70       1.00011100e-01    7.13620030e-01    9.18197857e-01    7.13620030e-01    1.86379970e-04   -1.81978556e-05    1.86379970e-04    1.33004480e-04   -1.67092320e-05    1.33004480e-04
71       1.00011200e-01    7.13620201e-01    9.18197686e-01    7.13620201e-01    8.63797991e-05   -1.18197687e-04    8.63797991e-05    6.16423696e-05   -1.08528843e-04    6.16423696e-05
72       1.00011400e-01    7.13620167e-01    9.18196595e-01    7.13620167e-01   -1.13620167e-04   -3.18196594e-04   -1.13620167e-04   -8.10816425e-05   -2.92167029e-04   -8.10816425e-05
73       1.00011800e-01    7.13618599e-01    9.18191413e-01    7.13618599e-01   -5.13618599e-04   -7.18191414e-04   -5.13618599e-04   -3.66527785e-04   -6.59437190e-04   -3.66527785e-04
74       1.00012000e-01    7.13617065e-01    9.18187322e-01    7.13617065e-01   -7.13617065e-04   -9.18187321e-04   -7.13617065e-04   -5.09249315e-04   -8.43067958e-04   -5.09249315e-04
75       1.00012080e-01    7.13616351e-01    9.18185486e-01    7.13616351e-01   -7.13616351e-04   -9.18185486e-04   -7.13616351e-04   -5.09248297e-04   -8.43064586e-04   -5.09248297e-04
76       1.00012240e-01    7.13614924e-01    9.18181813e-01    7.13614924e-01   -7.13614924e-04   -9.18181813e-04   -7.13614924e-04   -5.09246260e-04   -8.43057842e-04   -5.09246260e-04
77       1.00012560e-01    7.13612069e-01    9.18174468e-01    7.13612069e-01   -7.13612069e-04   -9.18174468e-04   -7.13612069e-04   -5.09242186e-04   -8.43044353e-04   -5.09242186e-04
78       1.00013200e-01    7.13606361e-01    9.18159777e-01    7.13606361e-01   -7.13606361e-04   -9.18159777e-04   -7.13606361e-04   -5.09234038e-04   -8.43017376e-04   -5.09234038e-04
79       1.00014480e-01    7.13594943e-01    9.18130396e-01    7.13594943e-01   -7.13594943e-04   -9.18130396e-04   -7.13594943e-04   -5.09217743e-04   -8.42963425e-04   -5.09217743e-04
80       1.00017040e-01    7.13572108e-01    9.18071638e-01    7.13572108e-01   -7.13572108e-04   -9.18071638e-04   -7.13572108e-04   -5.09185154e-04   -8.42855532e-04   -5.09185154e-04
81       1.00022160e-01    7.13526441e-01    9.17954132e-01    7.13526441e-01   -7.13526441e-04   -9.17954132e-04   -7.13526441e-04   -5.09119982e-04   -8.42639789e-04   -5.09119982e-04
82       1.00032400e-01    7.13435116e-01    9.17719166e-01    7.13435116e-01   -7.13435116e-04   -9.17719166e-04   -7.13435116e-04   -5.08989664e-04   -8.42208468e-04   -5.08989664e-04
83       1.00052880e-01    7.13252500e-01    9.17249414e-01    7.13252500e-01   -7.13252500e-04   -9.17249414e-04   -7.13252500e-04   -5.08729128e-04   -8.41346488e-04   -5.08729128e-04
84       1.00093840e-01    7.12887408e-01    9.16310631e-01    7.12887408e-01   -7.12887408e-04   -9.16310631e-04   -7.12887408e-04   -5.08208456e-04   -8.39625173e-04   -5.08208456e-04
85       1.00175760e-01    7.12157785e-01    9.14435947e-01    7.12157785e-01   -7.12157785e-04   -9.14435947e-04   -7.12157785e-04   -5.07168710e-04   -8.36193101e-04   -5.07168710e-04
86       1.00339600e-01    7.10700777e-01    9.10698072e-01    7.10700777e-01   -7.10700778e-04   -9.10698072e-04   -7.10700778e-04   -5.05095595e-04   -8.29370979e-04   -5.05095595e-04
87       1.00667280e-01    7.07795697e-01    9.03268067e-01    7.07795697e-01   -7.07795697e-04   -9.03268067e-04   -7.07795697e-04   -5.00974748e-04   -8.15893201e-04   -5.00974748e-04
88       1.01322640e-01    7.02021087e-01    8.88589173e-01    7.02021087e-01   -7.02021087e-04   -8.88589173e-04   -7.02021087e-04   -4.92833607e-04   -7.89590718e-04   -4.92833607e-04
89       1.02633360e-01    6.90612632e-01    8.59941250e-01    6.90612632e-01   -6.90612632e-04   -8.59941250e-04   -6.90612632e-04   -4.76945807e-04   -7.39498954e-04   -4.76945807e-04
90       1.05254800e-01    6.68347430e-01    8.05372257e-01    6.68347430e-01   -6.68347430e-04   -8.05372257e-04   -6.68347430e-04   -4.46688287e-04   -6.48624473e-04   -4.46688287e-04
91       1.07876240e-01    6.46800054e-01    7.54266030e-01    6.46800054e-01   -6.46800054e-04   -7.54266030e-04   -6.46800054e-04   -4.18350309e-04   -5.68917244e-04   -4.18350309e-04
92       1.10497680e-01    6.25947360e-01    7.06402833e-01    6.25947360e-01   -6.25947360e-04   -7.06402833e-04   -6.25947360e-04   -3.91810098e-04   -4.99004962e-04   -3.91810098e-04
93       1.13119120e-01    6.05766953e-01    6.61576874e-01    6.05766953e-01   -6.05766953e-04   -6.61576874e-04   -6.05766953e-04   -3.66953601e-04   -4.37683960e-04   -3.66953601e-04
94       1.15740560e-01    5.86237157e-01    6.19595420e-01    5.86237157e-01   -5.86237158e-04   -6.19595420e-04   -5.86237158e-04   -3.43674005e-04   -3.83898484e-04   -3.43674005e-04
95       1.18362000e-01    5.67336998e-01    5.80277969e-01    5.67336998e-01   -5.67336998e-04   -5.80277969e-04   -5.67336998e-04   -3.21871270e-04   -3.36722521e-04   -3.21871270e-04
96       1.20983440e-01    5.49046177e-01    5.43455471e-01    5.49046177e-01   -5.49046177e-04   -5.43455471e-04   -5.49046177e-04   -3.01451704e-04   -2.95343849e-04   -3.01451704e-04
97       1.23604880e-01    5.31345047e-01    5.08969606e-01    5.31345047e-01   -5.31345047e-04   -5.08969606e-04   -5.31345047e-04   -2.82327559e-04   -2.59050060e-04   -2.82327559e-04
98       1.26226320e-01    5.14214598e-01    4.76672099e-01    5.14214598e-01   -5.14214598e-04   -4.76672099e-04   -5.14214598e-04   -2.64416652e-04   -2.27216290e-04   -2.64416652e-04
99       1.28847760e-01    4.97636430e-01    4.46424083e-01    4.97636430e-01   -4.97636430e-04   -4.46424083e-04   -4.97636430e-04   -2.47642017e-04   -1.99294462e-04   -2.47642017e-04
100      1.31469200e-01    4.81592740e-01    4.18095505e-01    4.81592740e-01   -4.81592740e-04   -4.18095505e-04   -4.81592740e-04   -2.31931567e-04   -1.74803852e-04   -2.31931567e-04
101      1.34090640e-01    4.66066294e-01    3.91564564e-01    4.66066294e-01   -4.66066294e-04   -3.91564564e-04   -4.66066294e-04   -2.17217790e-04   -1.53322808e-04   -2.17217790e-04
102      1.36712080e-01    4.51040418e-01    3.66717188e-01    4.51040418e-01   -4.51040418e-04   -3.66717188e-04   -4.51040418e-04   -2.03437458e-04   -1.34481496e-04   -2.03437458e-04
103      1.39333520e-01    4.36498972e-01    3.43446543e-01    4.36498972e-01   -4.36498972e-04   -3.43446543e-04   -4.36498972e-04   -1.90531353e-04   -1.17955528e-04   -1.90531353e-04
104      1.41954960e-01    4.22426340e-01    3.21652575e-01    4.22426340e-01   -4.22426340e-04   -3.21652575e-04   -4.22426340e-04   -1.78444013e-04   -1.03460379e-04   -1.78444013e-04
105      1.44576400e-01    4.08807406e-01    3.01241579e-01    4.08807406e-01   -4.08807406e-04   -3.01241579e-04   -4.08807406e-04   -1.67123495e-04   -9.07464890e-05   -1.67123495e-04
106      1.47197840e-01    3.95627544e-01    2.82125797e-01    3.95627544e-01   -3.95627544e-04   -2.82125797e-04   -3.95627544e-04   -1.56521154e-04   -7.95949653e-05   -1.56521154e-04
107      1.49819280e-01    3.82872598e-01    2.64223038e-01    3.82872598e-01   -3.82872598e-04   -2.64223038e-04   -3.82872598e-04   -1.46591426e-04   -6.98138140e-05   -1.46591426e-04
108      1.52440720e-01    3.70528868e-01    2.47456329e-01    3.70528868e-01   -3.70528868e-04   -2.47456329e-04   -3.70528868e-04   -1.37291642e-04   -6.12346347e-05   -1.37291642e-04
109      1.55062160e-01    3.58583098e-01    2.31753579e-01    3.58583098e-01   -3.58583098e-04   -2.31753579e-04   -3.58583098e-04   -1.28581838e-04   -5.37097212e-05   -1.28581838e-04
110      1.57683600e-01    3.47022456e-01    2.17047272e-01    3.47022456e-01   -3.47022456e-04   -2.17047272e-04   -3.47022456e-04   -1.20424585e-04   -4.71095184e-05   -1.20424585e-04
111      1.60305040e-01    3.35834527e-01    2.03274179e-01    3.35834527e-01   -3.35834527e-04   -2.03274179e-04   -3.35834527e-04   -1.12784830e-04   -4.13203918e-05   -1.12784830e-04
112      1.62926480e-01    3.25007295e-01    1.90375080e-01    3.25007295e-01   -3.25007295e-04   -1.90375080e-04   -3.25007295e-04   -1.05629742e-04   -3.62426711e-05   -1.05629742e-04
113      1.65547920e-01    3.14529130e-01    1.78294515e-01    3.14529130e-01   -3.14529130e-04   -1.78294515e-04   -3.14529130e-04   -9.89285737e-05   -3.17889340e-05   -9.89285737e-05
114      1.68169360e-01    3.04388779e-01    1.66980542e-01    3.04388779e-01   -3.04388779e-04   -1.66980542e-04   -3.04388779e-04   -9.26525289e-05   -2.78825013e-05   -9.26525289e-05
115      1.70790800e-01    2.94575351e-01    1.56384516e-01    2.94575351e-01   -2.94575351e-04   -1.56384516e-04   -2.94575351e-04   -8.67746373e-05   -2.44561167e-05   -8.67746373e-05
116      1.73412240e-01    2.85078305e-01    1.46460878e-01    2.85078305e-01   -2.85078305e-04   -1.46460878e-04   -2.85078305e-04   -8.12696402e-05   -2.14507887e-05   -8.12696402e-05
117      1.76033680e-01    2.75887443e-01    1.37166961e-01    2.75887443e-01   -2.75887442e-04   -1.37166961e-04   -2.75887442e-04   -7.61138809e-05   -1.88147751e-05   -7.61138809e-05
118      1.78655120e-01    2.66992891e-01    1.28462805e-01    2.66992891e-01   -2.66992891e-04   -1.28462805e-04   -2.66992891e-04   -7.12852039e-05   -1.65026921e-05   -7.12852039e-05
119      1.81276560e-01    2.58385098e-01    1.20310985e-01    2.58385098e-01   -2.58385098e-04   -1.20310985e-04   -2.58385098e-04   -6.67628589e-05   -1.44747331e-05   -6.67628589e-05
120      1.83898000e-01    2.50054819e-01    1.12676453e-01    2.50054819e-01   -2.50054819e-04   -1.12676453e-04   -2.50054819e-04   -6.25274123e-05   -1.26959830e-05   -6.25274123e-05
121      1.86519440e-01    2.41993105e-01    1.05526382e-01    2.41993105e-01   -2.41993105e-04   -1.05526382e-04   -2.41993105e-04   -5.85606630e-05   -1.11358173e-05   -5.85606630e-05
122      1.89140880e-01    2.34191300e-01    9.88300312e-02    2.34191300e-01   -2.34191300e-04   -9.88300312e-05   -2.34191300e-04   -5.48455651e-05   -9.76737506e-06   -5.48455651e-05
123      1.91762320e-01    2.26641023e-01    9.25586082e-02    2.26641023e-01   -2.26641023e-04   -9.25586082e-05   -2.26641023e-04   -5.13661534e-05   -8.56709596e-06   -5.13661534e-05
124      1.97005200e-01    2.12259143e-01    8.11729377e-02    2.12259143e-01   -2.12259143e-04   -8.11729377e-05   -2.12259143e-04   -4.50539437e-05   -6.58904581e-06   -4.50539437e-05
125      2.02248080e-01    1.98789888e-01    7.11878229e-02    1.98789888e-01   -1.98789888e-04   -7.11878228e-05   -1.98789888e-04   -3.95174196e-05   -5.06770612e-06   -3.95174196e-05
126      2.07490960e-01    1.86175347e-01    6.24309809e-02    1.86175347e-01   -1.86175347e-04   -6.24309809e-05   -1.86175347e-04   -3.46612599e-05   -3.89762738e-06   -3.46612599e-05
127      2.12733840e-01    1.74361283e-01    5.47513216e-02    1.74361283e-01   -1.74361283e-04   -5.47513215e-05   -1.74361283e-04   -3.04018570e-05   -2.99770721e-06   -3.04018570e-05
128      2.17976720e-01    1.63296900e-01    4.80163401e-02    1.63296900e-01   -1.63296900e-04   -4.80163401e-05   -1.63296900e-04   -2.66658774e-05   -2.30556892e-06   -2.66658774e-05
129      2.23219600e-01    1.52934625e-01    4.21098313e-02    1.52934625e-01   -1.52934625e-04   -4.21098313e-05   -1.52934625e-04   -2.33889995e-05   -1.77323789e-06   -2.33889995e-05
130      2.28462480e-01    1.43229906e-01    3.69298845e-02    1.43229906e-01   -1.43229906e-04   -3.69298845e-05   -1.43229906e-04   -2.05148059e-05   -1.36381637e-06   -2.05148059e-05
131      2.33705360e-01    1.34141015e-01    3.23871250e-02    1.34141015e-01   -1.34141015e-04   -3.23871250e-05   -1.34141015e-04   -1.79938120e-05   -1.04892586e-06   -1.79938120e-05
132      2.38948240e-01    1.25628876e-01    2.84031721e-02    1.25628876e-01   -1.25628876e-04   -2.84031721e-05   -1.25628876e-04   -1.57826144e-05   -8.06740183e-07   -1.57826144e-05
133      2.44191120e-01    1.17656888e-01    2.49092868e-02    1.17656888e-01   -1.17656888e-04   -2.49092868e-05   -1.17656888e-04   -1.38431432e-05   -6.20472567e-07   -1.38431432e-05
134      2.49434000e-01    1.10190775e-01    2.18451857e-02    1.10190775e-01   -1.10190775e-04   -2.18451857e-05   -1.10190775e-04   -1.21420070e-05   -4.77212136e-07   -1.21420070e-05
135      2.54676880e-01    1.03198438e-01    1.91580008e-02    1.03198438e-01   -1.03198438e-04   -1.91580008e-05   -1.03198438e-04   -1.06499175e-05   -3.67028995e-07   -1.06499175e-05
136      2.59919760e-01    9.66498103e-02    1.68013677e-02    9.66498103e-02   -9.66498104e-05   -1.68013677e-05   -9.66498104e-05   -9.34118584e-06   -2.82285955e-07   -9.34118584e-06
137      2.65162640e-01    9.05167369e-02    1.47346248e-02    9.05167369e-02   -9.05167368e-05   -1.47346248e-05   -9.05167368e-05   -8.19327965e-06   -2.17109169e-07   -8.19327965e-06
138      2.70405520e-01    8.47728478e-02    1.29221129e-02    8.47728478e-02   -8.47728478e-05   -1.29221129e-05   -8.47728478e-05   -7.18643573e-06   -1.66981001e-07   -7.18643573e-06
139      2.75648400e-01    7.93934466e-02    1.13325587e-02    7.93934466e-02   -7.93934465e-05   -1.13325587e-05   -7.93934465e-05   -6.30331936e-06   -1.28426887e-07   -6.30331936e-06
140      2.80891280e-01    7.43554043e-02    9.93853625e-03    7.43554043e-02   -7.43554044e-05   -9.93853625e-06   -7.43554044e-05   -5.52872615e-06   -9.87745028e-08   -5.52872615e-06
141      2.86134160e-01    6.96370592e-02    8.71599302e-03    6.96370592e-02   -6.96370592e-05   -8.71599301e-06   -6.96370592e-05   -4.84932001e-06   -7.59685342e-08   -4.84932001e-06
142      2.91377040e-01    6.52181246e-02    7.64383531e-03    6.52181246e-02   -6.52181247e-05   -7.64383531e-06   -6.52181247e-05   -4.25340378e-06   -5.84282183e-08   -4.25340378e-06
143      2.96619920e-01    6.10796007e-02    6.70356414e-03    6.10796007e-02   -6.10796006e-05   -6.70356413e-06   -6.10796006e-05   -3.73071762e-06   -4.49377721e-08   -3.73071762e-06
144      3.01862800e-01    5.72036937e-02    5.87895609e-03    5.72036937e-02   -5.72036938e-05   -5.87895610e-06   -5.72036938e-05   -3.27226258e-06   -3.45621248e-08   -3.27226258e-06
145      3.07105680e-01    5.35737388e-02    5.15578340e-03    5.35737388e-02   -5.35737387e-05   -5.15578340e-06   -5.35737387e-05   -2.87014549e-06   -2.65821025e-08   -2.87014549e-06
146      3.12348560e-01    5.01741287e-02    4.52156847e-03    5.01741287e-02   -5.01741288e-05   -4.52156848e-06   -5.01741288e-05   -2.51744319e-06   -2.04445815e-08   -2.51744319e-06
147      3.17591440e-01    4.69902464e-02    3.96536857e-03    4.69902464e-02   -4.69902464e-05   -3.96536856e-06   -4.69902464e-05   -2.20808326e-06   -1.57241478e-08   -2.20808326e-06
148      3.22834320e-01    4.40084027e-02    3.47758703e-03    4.40084027e-02   -4.40084028e-05   -3.47758704e-06   -4.40084028e-05   -1.93673951e-06   -1.20936116e-08   -1.93673951e-06
149      3.28077200e-01    4.12157768e-02    3.04980769e-03    4.12157768e-02   -4.12157767e-05   -3.04980768e-06   -4.12157767e-05   -1.69874025e-06   -9.30132691e-09   -1.69874025e-06
150      3.33320080e-01    3.86003616e-02    2.67464965e-03    3.86003616e-02   -3.86003617e-05   -2.67464966e-06   -3.86003617e-05   -1.48998792e-06   -7.15375078e-09   -1.48998792e-06
151      3.38562960e-01    3.61509118e-02    2.34563995e-03    3.61509118e-02   -3.61509118e-05   -2.34563994e-06   -3.61509118e-05   -1.30688842e-06   -5.50202677e-09   -1.30688842e-06
152      3.43805840e-01    3.38568960e-02    2.05710186e-03    3.38568960e-02   -3.38568961e-05   -2.05710187e-06   -3.38568961e-05   -1.14628941e-06   -4.23166810e-09   -1.14628941e-06
153      3.49048720e-01    3.17084507e-02    1.80405696e-03    3.17084507e-02   -3.17084506e-05   -1.80405695e-06   -3.17084506e-05   -1.00542584e-06   -3.25462150e-09   -1.00542584e-06
154      3.54291600e-01    2.96963386e-02    1.58213921e-03    2.96963386e-02   -2.96963387e-05   -1.58213922e-06   -2.96963387e-05   -8.81872528e-07   -2.50316448e-09   -8.81872528e-07
155      3.59534480e-01    2.78119083e-02    1.38751965e-03    2.78119083e-02   -2.78119083e-05   -1.38751964e-06   -2.78119083e-05   -7.73502243e-07   -1.92521076e-09   -7.73502243e-07
156      3.64777360e-01    2.60470577e-02    1.21684031e-03    2.60470577e-02   -2.60470578e-05   -1.21684032e-06   -2.60470578e-05   -6.78449219e-07   -1.48070035e-09   -6.78449219e-07
157      3.70020240e-01    2.43941987e-02    1.06715631e-03    2.43941987e-02   -2.43941986e-05   -1.06715630e-06   -2.43941986e-05   -5.95076926e-07   -1.13882258e-09   -5.95076926e-07
158      3.75263120e-01    2.28462245e-02    9.35884994e-04    2.28462245e-02   -2.28462246e-05   -9.35885001e-07   -2.28462246e-05   -5.21949975e-07   -8.75880729e-10   -5.21949975e-07
159      3.80506000e-01    2.13964795e-02    8.20761415e-04    2.13964795e-02   -2.13964795e-05   -8.20761407e-07   -2.13964795e-05   -4.57809335e-07   -6.73649294e-10   -4.57809335e-07
160      3.85748880e-01    2.00387306e-02    7.19799232e-04    2.00387306e-02   -2.00387307e-05   -7.19799240e-07   -2.00387307e-05   -4.01550725e-07   -5.18110940e-10   -4.01550725e-07
161      3.90991760e-01    1.87671398e-02    6.31256447e-04    1.87671398e-02   -1.87671397e-05   -6.31256440e-07   -1.87671397e-05   -3.52205535e-07   -3.98484697e-10   -3.52205535e-07
162      3.96234640e-01    1.75762400e-02    5.53605345e-04    1.75762400e-02   -1.75762400e-05   -5.53605352e-07   -1.75762400e-05   -3.08924212e-07   -3.06478882e-10   -3.08924212e-07
163      4.00000000e-01    1.67679998e-02    5.03834809e-04    1.67679998e-02   -1.67679997e-05   -5.03834802e-07   -1.67679997e-05   -2.81165815e-07   -2.53849511e-10   -2.81165815e-07
End of Xyce(TM) Parameter Sweep
