Index         V(c)         V(B)             I(v_c)      I(v_b)         I(v_s)
  0      0.000000e+00   7.00000000e-01  -9.59413e-06 2.463095e-04 -2.35735e-04
  1      5.000000e-02   7.00000000e-01  3.225028e-05 6.415398e-05 -6.18874e-05
  2      1.000000e-01   7.00000000e-01  4.087358e-05 1.218731e-05 -1.13587e-05
  3      1.500000e-01   7.00000000e-01  4.248389e-05 2.336290e-06 -1.72966e-06
  4      2.000000e-01   7.00000000e-01  4.292394e-05 8.262679e-07 -2.52313e-07
  5      2.500000e-01   7.00000000e-01  4.317855e-05 6.057273e-07 -3.65549e-08
  6      3.000000e-01   7.00000000e-01  4.339787e-05 5.737487e-07 -5.29071e-09
  7      3.500000e-01   7.00000000e-01  4.360545e-05 5.691063e-07 -7.65627e-10
  8      4.000000e-01   7.00000000e-01  4.380588e-05 5.684238e-07 -1.10793e-10
  9      4.500000e-01   7.00000000e-01  4.400068e-05 5.683156e-07 -1.60325e-11
 10      5.000000e-01   7.00000000e-01  4.419072e-05 5.682912e-07 -2.32002e-12
 11      5.500000e-01   7.00000000e-01  4.437666e-05 5.682792e-07 -3.35723e-13
 12      6.000000e-01   7.00000000e-01  4.455900e-05 5.682691e-07 -4.85814e-14
 13      6.500000e-01   7.00000000e-01  4.473817e-05 5.682594e-07 -7.03005e-15
 14      7.000000e-01   7.00000000e-01  4.491451e-05 5.682496e-07 -1.01729e-15
 15      7.500000e-01   7.00000000e-01  4.508833e-05 5.682393e-07 -1.47209e-16
 16      8.000000e-01   7.00000000e-01  4.525988e-05 5.682281e-07 -2.13020e-17
 17      8.500000e-01   7.00000000e-01  4.542936e-05 5.682150e-07 -3.08253e-18
 18      9.000000e-01   7.00000000e-01  4.559697e-05 5.681989e-07 -4.46060e-19
 19      9.500000e-01   7.00000000e-01  4.576288e-05 5.681779e-07 -6.45475e-20
 20      1.000000e+00   7.00000000e-01  4.592724e-05 5.681496e-07 -9.34039e-21
 21      1.050000e+00   7.00000000e-01  4.609017e-05 5.681106e-07 -1.35161e-21
 22      1.100000e+00   7.00000000e-01  4.625180e-05 5.680565e-07 -1.95585e-22
 23      1.150000e+00   7.00000000e-01  4.641224e-05 5.679819e-07 -2.83023e-23
 24      1.200000e+00   7.00000000e-01  4.657158e-05 5.678796e-07 -4.09549e-24
 25      1.250000e+00   7.00000000e-01  4.672992e-05 5.677413e-07 -5.92640e-25
 26      1.300000e+00   7.00000000e-01  4.688735e-05 5.675567e-07 -8.57582e-26
 27      1.350000e+00   7.00000000e-01  4.704395e-05 5.673139e-07 -1.24096e-26
 28      1.400000e+00   7.00000000e-01  4.719980e-05 5.669987e-07 -1.79584e-27
 29      1.450000e+00   7.00000000e-01  4.735498e-05 5.665951e-07 -2.59930e-28
 30      1.500000e+00   7.00000000e-01  4.750956e-05 5.660846e-07 -3.76681e-29
 31      1.550000e+00   7.00000000e-01  4.766361e-05 5.654466e-07 -5.52203e-30
 32      1.600000e+00   7.00000000e-01  4.781721e-05 5.646578e-07 -7.88861e-31
 33      1.650000e+00   7.00000000e-01  4.797042e-05 5.636927e-07 -1.97215e-31
 34      1.700000e+00   7.00000000e-01  4.812332e-05 5.625231e-07 6.878325e-40
 35      1.750000e+00   7.00000000e-01  4.827598e-05 5.611184e-07 5.596633e-42
 36      1.800000e+00   7.00000000e-01  4.842847e-05 5.594452e-07 -1.31861e-41
 37      1.850000e+00   7.00000000e-01  4.858087e-05 5.574676e-07 -3.99645e-42
 38      1.900000e+00   7.00000000e-01  4.873323e-05 5.551471e-07 -8.90174e-43
 39      1.950000e+00   7.00000000e-01  4.888565e-05 5.524427e-07 -1.75401e-43
 40      2.000000e+00   7.00000000e-01  4.903820e-05 5.493108e-07 -3.23407e-44
 41      2.050000e+00   7.00000000e-01  4.919094e-05 5.457051e-07 -5.71902e-45
 42      2.100000e+00   7.00000000e-01  4.934397e-05 5.415771e-07 -9.82638e-46
 43      2.150000e+00   7.00000000e-01  4.949735e-05 5.368757e-07 -1.65314e-46
 44      2.200000e+00   7.00000000e-01  4.965117e-05 5.315475e-07 -2.73659e-47
 45      2.250000e+00   7.00000000e-01  4.980552e-05 5.255368e-07 -4.47249e-48
 46      2.300000e+00   7.00000000e-01  4.996047e-05 5.187856e-07 -7.23372e-49
 47      2.350000e+00   7.00000000e-01  5.011611e-05 5.112338e-07 -1.15986e-49
 48      2.400000e+00   7.00000000e-01  5.027253e-05 5.028191e-07 -1.84610e-50
 49      2.450000e+00   7.00000000e-01  5.042982e-05 4.934774e-07 -2.91984e-51
 50      2.500000e+00   7.00000000e-01  5.058806e-05 4.831422e-07 -4.59273e-52
 51      2.550000e+00   7.00000000e-01  5.074735e-05 4.717457e-07 -7.18911e-53
 52      2.600000e+00   7.00000000e-01  5.090778e-05 4.592179e-07 -1.12049e-53
 53      2.650000e+00   7.00000000e-01  5.106944e-05 4.454873e-07 -1.73964e-54
 54      2.700000e+00   7.00000000e-01  5.123243e-05 4.304806e-07 -2.69151e-55
 55      2.750000e+00   7.00000000e-01  5.139685e-05 4.141230e-07 -4.15105e-56
 56      2.800000e+00   7.00000000e-01  5.156279e-05 3.963384e-07 -6.38358e-57
 57      2.850000e+00   7.00000000e-01  5.173036e-05 3.770490e-07 -9.79080e-58
 58      2.900000e+00   7.00000000e-01  5.189964e-05 3.561758e-07 -1.49799e-58
 59      2.950000e+00   7.00000000e-01  5.207076e-05 3.336386e-07 -2.28676e-59
 60      3.000000e+00   7.00000000e-01  5.224379e-05 3.093559e-07 -3.48352e-60
 61      3.050000e+00   7.00000000e-01  5.241886e-05 2.832452e-07 -5.29626e-61
 62      3.100000e+00   7.00000000e-01  5.259607e-05 2.552228e-07 -8.03764e-62
 63      3.150000e+00   7.00000000e-01  5.277551e-05 2.252040e-07 -1.21772e-62
 64      3.200000e+00   7.00000000e-01  5.295730e-05 1.931033e-07 -1.84192e-63
 65      3.250000e+00   7.00000000e-01  5.314154e-05 1.588341e-07 -2.78191e-64
 66      3.300000e+00   7.00000000e-01  5.332835e-05 1.223093e-07 -4.19567e-65
 67      3.350000e+00   7.00000000e-01  5.351782e-05 8.344063e-08 -6.31947e-66
 68      3.400000e+00   7.00000000e-01  5.371007e-05 4.213935e-08 -9.50634e-67
 69      3.450000e+00   7.00000000e-01  5.390521e-05 -1.68406e-09 -1.42833e-67
 70      3.500000e+00   7.00000000e-01  5.410335e-05 -4.81197e-08 -2.14367e-68
 71      3.550000e+00   7.00000000e-01  5.430461e-05 -9.72584e-08 -3.21382e-69
 72      3.600000e+00   7.00000000e-01  5.450908e-05 -1.49191e-07 -4.81334e-70
 73      3.650000e+00   7.00000000e-01  5.471689e-05 -2.04011e-07 -7.20202e-71
 74      3.700000e+00   7.00000000e-01  5.492815e-05 -2.61808e-07 -1.07663e-71
 75      3.750000e+00   7.00000000e-01  5.514297e-05 -3.22677e-07 -1.60805e-72
 76      3.800000e+00   7.00000000e-01  5.536147e-05 -3.86710e-07 -2.39980e-73
 77      3.850000e+00   7.00000000e-01  5.558376e-05 -4.54002e-07 -3.57857e-74
 78      3.900000e+00   7.00000000e-01  5.580996e-05 -5.24646e-07 -5.33235e-75
 79      3.950000e+00   7.00000000e-01  5.604018e-05 -5.98736e-07 -7.93995e-76
 80      4.000000e+00   7.00000000e-01  5.627453e-05 -6.76368e-07 -1.18146e-76
 81      4.050000e+00   7.00000000e-01  5.651315e-05 -7.57636e-07 -1.75688e-77
 82      4.100000e+00   7.00000000e-01  5.675613e-05 -8.42635e-07 -2.61092e-78
 83      4.150000e+00   7.00000000e-01  5.700360e-05 -9.31463e-07 -3.87783e-79
 84      4.200000e+00   7.00000000e-01  5.725568e-05 -1.02421e-06 -5.75622e-80
 85      4.250000e+00   7.00000000e-01  5.751249e-05 -1.12098e-06 -8.53990e-81
 86      4.300000e+00   7.00000000e-01  5.777414e-05 -1.22187e-06 -1.26632e-81
 87      4.350000e+00   7.00000000e-01  5.804075e-05 -1.32697e-06 -1.87681e-82
 88      4.400000e+00   7.00000000e-01  5.831245e-05 -1.43638e-06 -2.78032e-83
 89      4.450000e+00   7.00000000e-01  5.858935e-05 -1.55020e-06 -4.11692e-84
 90      4.500000e+00   7.00000000e-01  5.887158e-05 -1.66853e-06 -6.09345e-85
 91      4.550000e+00   7.00000000e-01  5.915925e-05 -1.79146e-06 -9.01522e-86
 92      4.600000e+00   7.00000000e-01  5.945249e-05 -1.91909e-06 -1.33327e-86
 93      4.650000e+00   7.00000000e-01  5.975143e-05 -2.05152e-06 -1.97106e-87
 94      4.700000e+00   7.00000000e-01  6.005617e-05 -2.18885e-06 -2.91289e-88
 95      4.750000e+00   7.00000000e-01  6.036686e-05 -2.33119e-06 -4.30330e-89
 96      4.800000e+00   7.00000000e-01  6.068360e-05 -2.47862e-06 -6.35532e-90
 97      4.850000e+00   7.00000000e-01  6.100653e-05 -2.63124e-06 -9.38292e-91
 98      4.900000e+00   7.00000000e-01  6.133577e-05 -2.78917e-06 -1.38487e-91
 99      4.950000e+00   7.00000000e-01  6.167145e-05 -2.95250e-06 -2.04343e-92
100      5.000000e+00   7.00000000e-01  6.201370e-05 -3.12133e-06 -3.01434e-93
  0      0.000000e+0    7.50000000e-01  -4.83286e-05 7.258447e-04 -6.68758e-04
  1      5.000000e-02   7.50000000e-01  1.575417e-04 2.609579e-04 -2.44900e-04
  2      1.000000e-01   7.50000000e-01  2.341276e-04 7.203906e-05 -6.57404e-05
  3      1.500000e-01   7.50000000e-01  2.549434e-04 1.652363e-05 -1.22655e-05
  4      2.000000e-01   7.50000000e-01  2.599277e-04 5.771192e-06 -1.87749e-06
  5      2.500000e-01   7.50000000e-01  2.617242e-04 4.111375e-06 -2.74207e-07
  6      3.000000e-01   7.50000000e-01  2.629601e-04 3.868237e-06 -3.97460e-08
  7      3.500000e-01   7.50000000e-01  2.640671e-04 3.832639e-06 -5.75463e-09
  8      4.000000e-01   7.50000000e-01  2.651181e-04 3.827163e-06 -8.33036e-10
  9      4.500000e-01   7.50000000e-01  2.661304e-04 3.826063e-06 -1.20585e-10
 10      5.000000e-01   7.50000000e-01  2.671112e-04 3.825608e-06 -1.74549e-11
 11      5.500000e-01   7.50000000e-01  2.680652e-04 3.825254e-06 -2.52659e-12
 12      6.000000e-01   7.50000000e-01  2.689960e-04 3.824922e-06 -3.65721e-13
 13      6.500000e-01   7.50000000e-01  2.699066e-04 3.824599e-06 -5.29372e-14
 14      7.000000e-01   7.50000000e-01  2.707990e-04 3.824282e-06 -7.66248e-15
 15      7.500000e-01   7.50000000e-01  2.716754e-04 3.823969e-06 -1.10911e-15
 16      8.000000e-01   7.50000000e-01  2.725373e-04 3.823659e-06 -1.60538e-16
 17      8.500000e-01   7.50000000e-01  2.733860e-04 3.823347e-06 -2.32369e-17
 18      9.000000e-01   7.50000000e-01  2.742228e-04 3.823031e-06 -3.36339e-18
 19      9.500000e-01   7.50000000e-01  2.750487e-04 3.822702e-06 -4.86826e-19
 20      1.000000e+00   7.50000000e-01  2.758645e-04 3.822351e-06 -7.04643e-20
 21      1.050000e+00   7.50000000e-01  2.766711e-04 3.821964e-06 -1.01991e-20
 22      1.100000e+00   7.50000000e-01  2.774692e-04 3.821522e-06 -1.47623e-21
 23      1.150000e+00   7.50000000e-01  2.782595e-04 3.821003e-06 -2.13671e-22
 24      1.200000e+00   7.50000000e-01  2.790425e-04 3.820374e-06 -3.09268e-23
 25      1.250000e+00   7.50000000e-01  2.798188e-04 3.819597e-06 -4.47635e-24
 26      1.300000e+00   7.50000000e-01  2.805889e-04 3.818626e-06 -6.47906e-25
 27      1.350000e+00   7.50000000e-01  2.813533e-04 3.817401e-06 -9.37774e-26
 28      1.400000e+00   7.50000000e-01  2.821125e-04 3.815857e-06 -1.35733e-26
 29      1.450000e+00   7.50000000e-01  2.828669e-04 3.813914e-06 -1.96446e-27
 30      1.500000e+00   7.50000000e-01  2.836169e-04 3.811480e-06 -2.84384e-28
 31      1.550000e+00   7.50000000e-01  2.843631e-04 3.808452e-06 -4.12179e-29
 32      1.600000e+00   7.50000000e-01  2.851057e-04 3.804712e-06 -5.91645e-30
 33      1.650000e+00   7.50000000e-01  2.858454e-04 3.800129e-06 -9.86075e-31
 34      1.700000e+00   7.50000000e-01  2.865824e-04 3.794557e-06 -1.97215e-31
 35      1.750000e+00   7.50000000e-01  2.873172e-04 3.787835e-06 7.131713e-39
 36      1.800000e+00   7.50000000e-01  2.880503e-04 3.779789e-06 4.041276e-40
 37      1.850000e+00   7.50000000e-01  2.887822e-04 3.770229e-06 -3.58669e-41
 38      1.900000e+00   7.50000000e-01  2.895132e-04 3.758951e-06 -1.93776e-41
 39      1.950000e+00   7.50000000e-01  2.902440e-04 3.745734e-06 -4.93784e-42
 40      2.000000e+00   7.50000000e-01  2.909748e-04 3.730344e-06 -1.03536e-42
 41      2.050000e+00   7.50000000e-01  2.917064e-04 3.712532e-06 -1.98030e-43
 42      2.100000e+00   7.50000000e-01  2.924391e-04 3.692035e-06 -3.58928e-44
 43      2.150000e+00   7.50000000e-01  2.931735e-04 3.668576e-06 -6.27909e-45
 44      2.200000e+00   7.50000000e-01  2.939102e-04 3.641863e-06 -1.07115e-45
 45      2.250000e+00   7.50000000e-01  2.946497e-04 3.611590e-06 -1.79310e-46
 46      2.300000e+00   7.50000000e-01  2.953925e-04 3.577442e-06 -2.95782e-47
 47      2.350000e+00   7.50000000e-01  2.961394e-04 3.539086e-06 -4.82171e-48
 48      2.400000e+00   7.50000000e-01  2.968907e-04 3.496181e-06 -7.78397e-49
 49      2.450000e+00   7.50000000e-01  2.976473e-04 3.448371e-06 -1.24637e-49
 50      2.500000e+00   7.50000000e-01  2.984096e-04 3.395290e-06 -1.98182e-50
 51      2.550000e+00   7.50000000e-01  2.991784e-04 3.336562e-06 -3.13222e-51
 52      2.600000e+00   7.50000000e-01  2.999543e-04 3.271799e-06 -4.92430e-52
 53      2.650000e+00   7.50000000e-01  3.007380e-04 3.200603e-06 -7.70557e-53
 54      2.700000e+00   7.50000000e-01  3.015301e-04 3.122567e-06 -1.20075e-53
 55      2.750000e+00   7.50000000e-01  3.023313e-04 3.037275e-06 -1.86413e-54
 56      2.800000e+00   7.50000000e-01  3.031424e-04 2.944301e-06 -2.88421e-55
 57      2.850000e+00   7.50000000e-01  3.039640e-04 2.843211e-06 -4.44878e-56
 58      2.900000e+00   7.50000000e-01  3.047969e-04 2.733565e-06 -6.84283e-57
 59      2.950000e+00   7.50000000e-01  3.056418e-04 2.614912e-06 -1.04981e-57
 60      3.000000e+00   7.50000000e-01  3.064995e-04 2.486797e-06 -1.60678e-58
 61      3.050000e+00   7.50000000e-01  3.073708e-04 2.348755e-06 -2.45386e-59
 62      3.100000e+00   7.50000000e-01  3.082563e-04 2.200317e-06 -3.73992e-60
 63      3.150000e+00   7.50000000e-01  3.091569e-04 2.041006e-06 -5.68929e-61
 64      3.200000e+00   7.50000000e-01  3.100734e-04 1.870339e-06 -8.63957e-62
 65      3.250000e+00   7.50000000e-01  3.110065e-04 1.687829e-06 -1.30984e-62
 66      3.300000e+00   7.50000000e-01  3.119572e-04 1.492982e-06 -1.98281e-63
 67      3.350000e+00   7.50000000e-01  3.129261e-04 1.285297e-06 -2.99726e-64
 68      3.400000e+00   7.50000000e-01  3.139142e-04 1.064272e-06 -4.52468e-65
 69      3.450000e+00   7.50000000e-01  3.149222e-04 8.293959e-07 -6.82194e-66
 70      3.500000e+00   7.50000000e-01  3.159511e-04 5.801550e-07 -1.02735e-66
 71      3.550000e+00   7.50000000e-01  3.170016e-04 3.160300e-07 -1.54544e-67
 72      3.600000e+00   7.50000000e-01  3.180746e-04 3.649701e-08 -2.32238e-68
 73      3.650000e+00   7.50000000e-01  3.191711e-04 -2.58972e-07 -3.48654e-69
 74      3.700000e+00   7.50000000e-01  3.202919e-04 -5.70911e-07 -5.22947e-70
 75      3.750000e+00   7.50000000e-01  3.214378e-04 -8.99858e-07 -7.83697e-71
 76      3.800000e+00   7.50000000e-01  3.226099e-04 -1.24635e-06 -1.17351e-71
 77      3.850000e+00   7.50000000e-01  3.238089e-04 -1.61095e-06 -1.75589e-72
 78      3.900000e+00   7.50000000e-01  3.250359e-04 -1.99419e-06 -2.62541e-73
 79      3.950000e+00   7.50000000e-01  3.262917e-04 -2.39663e-06 -3.92289e-74
 80      4.000000e+00   7.50000000e-01  3.275773e-04 -2.81885e-06 -5.85790e-75
 81      4.050000e+00   7.50000000e-01  3.288937e-04 -3.26139e-06 -8.74221e-76
 82      4.100000e+00   7.50000000e-01  3.302418e-04 -3.72484e-06 -1.30395e-76
 83      4.150000e+00   7.50000000e-01  3.316226e-04 -4.20977e-06 -1.94390e-77
 84      4.200000e+00   7.50000000e-01  3.330371e-04 -4.71677e-06 -2.89654e-78
 85      4.250000e+00   7.50000000e-01  3.344863e-04 -5.24642e-06 -4.31407e-79
 86      4.300000e+00   7.50000000e-01  3.359712e-04 -5.79932e-06 -6.42261e-80
 87      4.350000e+00   7.50000000e-01  3.374928e-04 -6.37606e-06 -9.55798e-81
 88      4.400000e+00   7.50000000e-01  3.390522e-04 -6.97726e-06 -1.42188e-81
 89      4.450000e+00   7.50000000e-01  3.406504e-04 -7.60353e-06 -2.11453e-82
 90      4.500000e+00   7.50000000e-01  3.422886e-04 -8.25549e-06 -3.14362e-83
 91      4.550000e+00   7.50000000e-01  3.439678e-04 -8.93378e-06 -4.67220e-84
 92      4.600000e+00   7.50000000e-01  3.456890e-04 -9.63902e-06 -6.94225e-85
 93      4.650000e+00   7.50000000e-01  3.474535e-04 -1.03719e-05 -1.03128e-85
 94      4.700000e+00   7.50000000e-01  3.492624e-04 -1.11330e-05 -1.53165e-86
 95      4.750000e+00   7.50000000e-01  3.511169e-04 -1.19230e-05 -2.27435e-87
 96      4.800000e+00   7.50000000e-01  3.530180e-04 -1.27426e-05 -3.37660e-88
 97      4.850000e+00   7.50000000e-01  3.549671e-04 -1.35926e-05 -5.01231e-89
 98      4.900000e+00   7.50000000e-01  3.569654e-04 -1.44735e-05 -7.43941e-90
 99      4.950000e+00   7.50000000e-01  3.590140e-04 -1.53860e-05 -1.10405e-90
100      5.000000e+00   7.50000000e-01  3.611144e-04 -1.63310e-05 -1.63833e-91
  0      0.000000e+00   8.00000000e-01  -1.78156e-04 1.740943e-03 -1.50907e-03
  1      5.000000e-02   8.00000000e-01  4.603451e-04 8.284247e-04 -7.30516e-04
  2      1.000000e-01   8.00000000e-01  8.779868e-04 3.365808e-04 -2.87046e-04
  3      1.500000e-01   8.00000000e-01  1.083307e-03 1.170882e-04 -8.39571e-05
  4      2.000000e-01   8.00000000e-01  1.167765e-03 4.387159e-05 -1.69035e-05
  5      2.500000e-01   8.00000000e-01  1.198463e-03 2.733916e-05 -2.66594e-06
  6      3.000000e-01   8.00000000e-01  1.208511e-03 2.447382e-05 -3.92082e-07
  7      3.500000e-01   8.00000000e-01  1.212986e-03 2.402963e-05 -5.69362e-08
  8      4.000000e-01   8.00000000e-01  1.216303e-03 2.395863e-05 -8.25128e-09
  9      4.500000e-01   8.00000000e-01  1.219301e-03 2.394277e-05 -1.19537e-09
 10      5.000000e-01   8.00000000e-01  1.222137e-03 2.393518e-05 -1.73157e-10
 11      5.500000e-01   8.00000000e-01  1.224856e-03 2.392901e-05 -2.50816e-11
 12      6.000000e-01   8.00000000e-01  1.227478e-03 2.392323e-05 -3.63291e-12
 13      6.500000e-01   8.00000000e-01  1.230017e-03 2.391765e-05 -5.26186e-13
 14      7.000000e-01   8.00000000e-01  1.232484e-03 2.391224e-05 -7.62102e-14
 15      7.500000e-01   8.00000000e-01  1.234887e-03 2.390696e-05 -1.10376e-14
 16      8.000000e-01   8.00000000e-01  1.237235e-03 2.390181e-05 -1.59856e-15
 17      8.500000e-01   8.00000000e-01  1.239532e-03 2.389677e-05 -2.31512e-16
 18      9.000000e-01   8.00000000e-01  1.241783e-03 2.389182e-05 -3.35282e-17
 19      9.500000e-01   8.00000000e-01  1.243992e-03 2.388694e-05 -4.85557e-18
 20      1.000000e+00   8.00000000e-01  1.246163e-03 2.388210e-05 -7.03176e-19
 21      1.050000e+00   8.00000000e-01  1.248300e-03 2.387729e-05 -1.01831e-19
 22      1.100000e+00   8.00000000e-01  1.250404e-03 2.387245e-05 -1.47467e-20
 23      1.150000e+00   8.00000000e-01  1.252478e-03 2.386753e-05 -2.13551e-21
 24      1.200000e+00   8.00000000e-01  1.254524e-03 2.386245e-05 -3.09246e-22
 25      1.250000e+00   8.00000000e-01  1.256545e-03 2.385712e-05 -4.47819e-23
 26      1.300000e+00   8.00000000e-01  1.258542e-03 2.385139e-05 -6.48480e-24
 27      1.350000e+00   8.00000000e-01  1.260517e-03 2.384513e-05 -9.39047e-25
 28      1.400000e+00   8.00000000e-01  1.262472e-03 2.383814e-05 -1.35980e-25
 29      1.450000e+00   8.00000000e-01  1.264409e-03 2.383017e-05 -1.96906e-26
 30      1.500000e+00   8.00000000e-01  1.266328e-03 2.382096e-05 -2.85132e-27
 31      1.550000e+00   8.00000000e-01  1.268233e-03 2.381017e-05 -4.12967e-28
 32      1.600000e+00   8.00000000e-01  1.270124e-03 2.379745e-05 -5.97559e-29
 33      1.650000e+00   8.00000000e-01  1.272003e-03 2.378235e-05 -8.67744e-30
 34      1.700000e+00   8.00000000e-01  1.273873e-03 2.376439e-05 -1.18329e-30
 35      1.750000e+00   8.00000000e-01  1.275735e-03 2.374303e-05 -1.97215e-31
 36      1.800000e+00   8.00000000e-01  1.277590e-03 2.371768e-05 2.083825e-38
 37      1.850000e+00   8.00000000e-01  1.279442e-03 2.368767e-05 -9.34874e-40
 38      1.900000e+00   8.00000000e-01  1.281291e-03 2.365228e-05 -7.39620e-40
 39      1.950000e+00   8.00000000e-01  1.283141e-03 2.361073e-05 -1.99395e-40
 40      2.000000e+00   8.00000000e-01  1.284994e-03 2.356217e-05 -4.29507e-41
 41      2.050000e+00   8.00000000e-01  1.286851e-03 2.350571e-05 -8.36289e-42
 42      2.100000e+00   8.00000000e-01  1.288716e-03 2.344038e-05 -1.53670e-42
 43      2.150000e+00   8.00000000e-01  1.290592e-03 2.336516e-05 -2.71911e-43
 44      2.200000e+00   8.00000000e-01  1.292480e-03 2.327896e-05 -4.68469e-44
 45      2.250000e+00   8.00000000e-01  1.294384e-03 2.318064e-05 -7.91187e-45
 46      2.300000e+00   8.00000000e-01  1.296306e-03 2.306902e-05 -1.31564e-45
 47      2.350000e+00   8.00000000e-01  1.298250e-03 2.294283e-05 -2.16059e-46
 48      2.400000e+00   8.00000000e-01  1.300219e-03 2.280079e-05 -3.51192e-47
 49      2.450000e+00   8.00000000e-01  1.302216e-03 2.264155e-05 -5.65928e-48
 50      2.500000e+00   8.00000000e-01  1.304244e-03 2.246369e-05 -9.05248e-49
 51      2.550000e+00   8.00000000e-01  1.306307e-03 2.226578e-05 -1.43877e-49
 52      2.600000e+00   8.00000000e-01  1.308409e-03 2.204633e-05 -2.27395e-50
 53      2.650000e+00   8.00000000e-01  1.310552e-03 2.180380e-05 -3.57612e-51
 54      2.700000e+00   8.00000000e-01  1.312741e-03 2.153661e-05 -5.59911e-52
 55      2.750000e+00   8.00000000e-01  1.314979e-03 2.124315e-05 -8.73170e-53
 56      2.800000e+00   8.00000000e-01  1.317270e-03 2.092177e-05 -1.35680e-53
 57      2.850000e+00   8.00000000e-01  1.319619e-03 2.057077e-05 -2.10144e-54
 58      2.900000e+00   8.00000000e-01  1.322029e-03 2.018844e-05 -3.24508e-55
 59      2.950000e+00   8.00000000e-01  1.324504e-03 1.977302e-05 -4.99748e-56
 60      3.000000e+00   8.00000000e-01  1.327048e-03 1.932271e-05 -7.67697e-57
 61      3.050000e+00   8.00000000e-01  1.329666e-03 1.883570e-05 -1.17660e-57
 62      3.100000e+00   8.00000000e-01  1.332362e-03 1.831015e-05 -1.79948e-58
 63      3.150000e+00   8.00000000e-01  1.335140e-03 1.774417e-05 -3.37467e-65
 64      3.200000e+00   8.00000000e-01  1.338005e-03 1.713585e-05 -5.28602e-66
 65      3.250000e+00   8.00000000e-01  1.340961e-03 1.648328e-05 -8.25374e-67
 66      3.300000e+00   8.00000000e-01  1.344013e-03 1.578449e-05 -1.28512e-67
 67      3.350000e+00   8.00000000e-01  1.347165e-03 1.503749e-05 -1.99595e-68
 68      3.400000e+00   8.00000000e-01  1.350422e-03 1.424028e-05 -3.09153e-69
 69      3.450000e+00   8.00000000e-01  1.353789e-03 1.339083e-05 -4.77746e-70
 70      3.500000e+00   8.00000000e-01  1.357271e-03 1.248708e-05 -7.36450e-71
 71      3.550000e+00   8.00000000e-01  1.360871e-03 1.152693e-05 -1.13274e-71
 72      3.600000e+00   8.00000000e-01  1.364597e-03 1.050829e-05 -1.73833e-72
 73      3.650000e+00   8.00000000e-01  1.368451e-03 9.429010e-06 -2.66184e-73
 74      3.700000e+00   8.00000000e-01  1.372440e-03 8.286937e-06 -4.06841e-74
 75      3.750000e+00   8.00000000e-01  1.376569e-03 7.079877e-06 -6.20487e-75
 76      3.800000e+00   8.00000000e-01  1.380842e-03 5.805613e-06 -9.44598e-76
 77      3.850000e+00   8.00000000e-01  1.385265e-03 4.461899e-06 -1.43524e-76
 78      3.900000e+00   8.00000000e-01  1.389844e-03 3.046458e-06 -2.17670e-77
 79      3.950000e+00   8.00000000e-01  1.394583e-03 1.556982e-06 -3.29571e-78
 80      4.000000e+00   8.00000000e-01  1.399489e-03 -8.87072e-09 -4.98151e-79
 81      4.050000e+00   8.00000000e-01  1.404567e-03 -1.65348e-06 -7.51617e-80
 82      4.100000e+00   8.00000000e-01  1.409823e-03 -3.37924e-06 -1.13221e-80
 83      4.150000e+00   8.00000000e-01  1.415262e-03 -5.18863e-06 -1.70286e-81
 84      4.200000e+00   8.00000000e-01  1.420891e-03 -7.08411e-06 -2.55680e-82
 85      4.250000e+00   8.00000000e-01  1.426715e-03 -9.06823e-06 -3.83273e-83
 86      4.300000e+00   8.00000000e-01  1.432741e-03 -1.11436e-05 -5.73622e-84
 87      4.350000e+00   8.00000000e-01  1.438975e-03 -1.33127e-05 -8.57110e-85
 88      4.400000e+00   8.00000000e-01  1.445423e-03 -1.55784e-05 -1.27864e-85
 89      4.450000e+00   8.00000000e-01  1.452091e-03 -1.79433e-05 -1.90435e-86
 90      4.500000e+00   8.00000000e-01  1.458987e-03 -2.04103e-05 -2.83188e-87
 91      4.550000e+00   8.00000000e-01  1.466118e-03 -2.29821e-05 -4.20327e-88
 92      4.600000e+00   8.00000000e-01  1.473489e-03 -2.56616e-05 -6.22726e-89
 93      4.650000e+00   8.00000000e-01  1.481109e-03 -2.84519e-05 -9.20951e-90
 94      4.700000e+00   8.00000000e-01  1.488984e-03 -3.13560e-05 -1.35944e-90
 95      4.750000e+00   8.00000000e-01  1.497122e-03 -3.43769e-05 -2.00255e-91
 96      4.800000e+00   8.00000000e-01  1.505532e-03 -3.75180e-05 -2.94326e-92
 97      4.850000e+00   8.00000000e-01  1.514219e-03 -4.07823e-05 -4.31551e-93
 98      4.900000e+00   8.00000000e-01  1.523194e-03 -4.41734e-05 -6.31200e-94
 99      4.950000e+00   8.00000000e-01  1.532463e-03 -4.76946e-05 -9.20628e-95
100      5.000000e+00   8.00000000e-01  1.542036e-03 -5.13495e-05 -1.33866e-95
  0      0.000000e+00   8.50000000e-01  -4.53981e-04 3.444223e-03 -2.78145e-03
  1      5.000000e-02   8.50000000e-01  7.917507e-04 2.112136e-03 -1.70578e-03
  2      1.000000e-01   8.50000000e-01  1.900459e-03 1.194961e-03 -9.19547e-04
  3      1.500000e-01   8.50000000e-01  2.695621e-03 6.249877e-04 -4.12365e-04
  4      2.000000e-01   8.50000000e-01  3.160991e-03 3.250192e-04 -1.43146e-04
  5      2.500000e-01   8.50000000e-01  3.408652e-03 1.981412e-04 -3.49627e-05
  6      3.000000e-01   8.50000000e-01  3.552057e-03 1.549588e-04 -6.19600e-06
  7      3.500000e-01   8.50000000e-01  3.649292e-03 1.386490e-04 -9.61175e-07
  8      4.000000e-01   8.50000000e-01  3.714911e-03 1.303894e-04 -1.43693e-07
  9      4.500000e-01   8.50000000e-01  3.752031e-03 1.263213e-04 -2.11386e-08
 10      5.000000e-01   8.50000000e-01  3.768298e-03 1.248927e-04 -3.07995e-09
 11      5.500000e-01   8.50000000e-01  3.775549e-03 1.245480e-04 -4.46975e-10
 12      6.000000e-01   8.50000000e-01  3.780471e-03 1.244517e-04 -6.48015e-11
 13      6.500000e-01   8.50000000e-01  3.784779e-03 1.243983e-04 -9.39239e-12
 14      7.000000e-01   8.50000000e-01  3.788810e-03 1.243534e-04 -1.36119e-12
 15      7.500000e-01   8.50000000e-01  3.792648e-03 1.243114e-04 -1.97255e-13
 16      8.000000e-01   8.50000000e-01  3.796330e-03 1.242712e-04 -2.85832e-14
 17      8.500000e-01   8.50000000e-01  3.799882e-03 1.242325e-04 -4.14164e-15
 18      9.000000e-01   8.50000000e-01  3.803320e-03 1.241950e-04 -6.00087e-16
 19      9.500000e-01   8.50000000e-01  3.806659e-03 1.241587e-04 -8.69439e-17
 20      1.000000e+00   8.50000000e-01  3.809910e-03 1.241233e-04 -1.25965e-17
 21      1.050000e+00   8.50000000e-01  3.813082e-03 1.240887e-04 -1.82493e-18
 22      1.100000e+00   8.50000000e-01  3.816183e-03 1.240549e-04 -2.64381e-19
 23      1.150000e+00   8.50000000e-01  3.819219e-03 1.240218e-04 -3.83004e-20
 24      1.200000e+00   8.50000000e-01  3.822196e-03 1.239893e-04 -5.54839e-21
 25      1.250000e+00   8.50000000e-01  3.825118e-03 1.239572e-04 -8.03750e-22
 26      1.300000e+00   8.50000000e-01  3.827991e-03 1.239255e-04 -1.16431e-22
 27      1.350000e+00   8.50000000e-01  3.830818e-03 1.238940e-04 -1.68657e-23
 28      1.400000e+00   8.50000000e-01  3.833602e-03 1.238625e-04 -2.44307e-24
 29      1.450000e+00   8.50000000e-01  3.836347e-03 1.238307e-04 -3.53884e-25
 30      1.500000e+00   8.50000000e-01  3.839057e-03 1.237982e-04 -5.12601e-26
 31      1.550000e+00   8.50000000e-01  3.841735e-03 1.237648e-04 -7.42506e-27
 32      1.600000e+00   8.50000000e-01  3.844385e-03 1.237298e-04 -1.07540e-27
 33      1.650000e+00   8.50000000e-01  3.847009e-03 1.236928e-04 -1.55799e-28
 34      1.700000e+00   8.50000000e-01  3.849612e-03 1.236528e-04 -2.24824e-29
 35      1.750000e+00   8.50000000e-01  3.852197e-03 1.236092e-04 -3.15543e-30
 36      1.800000e+00   8.50000000e-01  3.854769e-03 1.235610e-04 -3.94429e-31
 37      1.850000e+00   8.50000000e-01  3.857332e-03 1.235069e-04 -1.97215e-31
 38      1.900000e+00   8.50000000e-01  3.859891e-03 1.234458e-04 -1.14384e-38
 39      1.950000e+00   8.50000000e-01  3.862451e-03 1.233762e-04 -5.32516e-39
 40      2.000000e+00   8.50000000e-01  3.865017e-03 1.232965e-04 -1.34643e-39
 41      2.050000e+00   8.50000000e-01  3.867596e-03 1.232050e-04 -2.84916e-40
 42      2.100000e+00   8.50000000e-01  3.870195e-03 1.230998e-04 -5.52706e-41
 43      2.150000e+00   8.50000000e-01  3.872819e-03 1.229787e-04 -1.01787e-41
 44      2.200000e+00   8.50000000e-01  3.875475e-03 1.228396e-04 -1.81029e-42
 45      2.250000e+00   8.50000000e-01  3.878173e-03 1.226800e-04 -3.13959e-43
 46      2.300000e+00   8.50000000e-01  3.880919e-03 1.224973e-04 -5.34165e-44
 47      2.350000e+00   8.50000000e-01  3.883723e-03 1.222889e-04 -8.95143e-45
 48      2.400000e+00   8.50000000e-01  3.886593e-03 1.220518e-04 -1.48163e-45
 49      2.450000e+00   8.50000000e-01  3.889538e-03 1.217829e-04 -2.42716e-46
 50      2.500000e+00   8.50000000e-01  3.892569e-03 1.214792e-04 1.550658e-53
 51      2.550000e+00   8.50000000e-01  3.895695e-03 1.211372e-04 2.798762e-54
 52      2.600000e+00   8.50000000e-01  3.898927e-03 1.207534e-04 4.983169e-55
 53      2.650000e+00   8.50000000e-01  3.902276e-03 1.203244e-04 8.776384e-56
 54      2.700000e+00   8.50000000e-01  3.905753e-03 1.198462e-04 1.530679e-56
 55      2.750000e+00   8.50000000e-01  3.909370e-03 1.193151e-04 2.645779e-57
 56      2.800000e+00   8.50000000e-01  3.913139e-03 1.187271e-04 4.536446e-58
 57      2.850000e+00   8.50000000e-01  3.917072e-03 1.180781e-04 7.722898e-59
 58      2.900000e+00   8.50000000e-01  3.921182e-03 1.173639e-04 1.306378e-59
 59      2.950000e+00   8.50000000e-01  3.925481e-03 1.165803e-04 2.196326e-60
 60      3.000000e+00   8.50000000e-01  3.929982e-03 1.157227e-04 3.672457e-61
 61      3.050000e+00   8.50000000e-01  3.934699e-03 1.147869e-04 6.108428e-62
 62      3.100000e+00   8.50000000e-01  3.939646e-03 1.137681e-04 1.011405e-62
 63      3.150000e+00   8.50000000e-01  3.944836e-03 1.126619e-04 1.667062e-63
 64      3.200000e+00   8.50000000e-01  3.950284e-03 1.114633e-04 2.736725e-64
 65      3.250000e+00   8.50000000e-01  3.956003e-03 1.101677e-04 4.476194e-65
 66      3.300000e+00   8.50000000e-01  3.962009e-03 1.087702e-04 7.294457e-66
 67      3.350000e+00   8.50000000e-01  3.968315e-03 1.072659e-04 1.184785e-66
 68      3.400000e+00   8.50000000e-01  3.974937e-03 1.056498e-04 1.918538e-67
 69      3.450000e+00   8.50000000e-01  3.981890e-03 1.039168e-04 3.097702e-68
 70      3.500000e+00   8.50000000e-01  3.989189e-03 1.020618e-04 4.988194e-69
 71      3.550000e+00   8.50000000e-01  3.996850e-03 1.000796e-04 8.012115e-70
 72      3.600000e+00   8.50000000e-01  4.004887e-03 9.796506e-05 1.283874e-70
 73      3.650000e+00   8.50000000e-01  4.013318e-03 9.571283e-05 2.052753e-71
 74      3.700000e+00   8.50000000e-01  4.022157e-03 9.331756e-05 3.275226e-72
 75      3.750000e+00   8.50000000e-01  4.031421e-03 9.077385e-05 5.215767e-73
 76      3.800000e+00   8.50000000e-01  4.041126e-03 8.807624e-05 8.291013e-74
 77      3.850000e+00   8.50000000e-01  4.051289e-03 8.521919e-05 1.315681e-74
 78      3.900000e+00   8.50000000e-01  4.061927e-03 8.219713e-05 2.084534e-75
 79      3.950000e+00   8.50000000e-01  4.073056e-03 7.900439e-05 3.297767e-76
 80      4.000000e+00   8.50000000e-01  4.084693e-03 7.563526e-05 5.209842e-77
 81      4.050000e+00   8.50000000e-01  4.096856e-03 7.208394e-05 8.220394e-78
 82      4.100000e+00   8.50000000e-01  4.109561e-03 6.834458e-05 1.295435e-78
 83      4.150000e+00   8.50000000e-01  4.122828e-03 6.441123e-05 2.039300e-79
 84      4.200000e+00   8.50000000e-01  4.136673e-03 6.027789e-05 3.206969e-80
 85      4.250000e+00   8.50000000e-01  4.151116e-03 5.593844e-05 5.038414e-81
 86      4.300000e+00   8.50000000e-01  4.166174e-03 5.138670e-05 7.908777e-82
 87      4.350000e+00   8.50000000e-01  4.181866e-03 4.661637e-05 1.240507e-82
 88      4.400000e+00   8.50000000e-01  4.198211e-03 4.162109e-05 1.944314e-83
 89      4.450000e+00   8.50000000e-01  4.215230e-03 3.639436e-05 3.045421e-84
 90      4.500000e+00   8.50000000e-01  4.232940e-03 3.092957e-05 4.767342e-85
 91      4.550000e+00   8.50000000e-01  4.251363e-03 2.522003e-05 7.458913e-86
 92      4.600000e+00   8.50000000e-01  4.270519e-03 1.925888e-05 1.166464e-86
 93      4.650000e+00   8.50000000e-01  4.290428e-03 1.303918e-05 1.823464e-87
 94      4.700000e+00   8.50000000e-01  4.311112e-03 6.553798e-06 2.849496e-88
 95      4.750000e+00   8.50000000e-01  4.332593e-03 -2.04494e-07 4.451584e-89
 96      4.800000e+00   8.50000000e-01  4.354891e-03 -7.24310e-06 6.952803e-90
 97      4.850000e+00   8.50000000e-01  4.378031e-03 -1.45696e-05 1.085726e-90
 98      4.900000e+00   8.50000000e-01  4.402035e-03 -2.21916e-05 1.695227e-91
 99      4.950000e+00   8.50000000e-01  4.426927e-03 -3.01172e-05 2.646658e-92
100      5.000000e+00   8.50000000e-01  4.452730e-03 -3.83544e-05 4.131980e-93
  0      0.000000e+00   9.00000000e-01  -8.55566e-04 5.774025e-03 -4.36600e-03
  1      5.000000e-02   9.00000000e-01  9.351071e-04 4.230123e-03 -3.13741e-03
  2      1.000000e-01   9.00000000e-01  2.735874e-03 3.014150e-03 -2.10767e-03
  3      1.500000e-01   9.00000000e-01  4.344452e-03 2.076431e-03 -1.27606e-03
  4      2.000000e-01   9.00000000e-01  5.597084e-03 1.405807e-03 -6.63727e-04
  5      2.500000e-01   9.00000000e-01  6.432215e-03 9.883120e-04 -2.80306e-04
  6      3.000000e-01   9.00000000e-01  6.924348e-03 7.700756e-04 -8.87806e-05
  7      3.500000e-01   9.00000000e-01  7.216682e-03 6.728677e-04 -1.96358e-05
  8      4.000000e-01   9.00000000e-01  7.427158e-03 6.270673e-04 -3.38778e-06
  9      4.500000e-01   9.00000000e-01  7.609163e-03 5.959028e-04 -5.39872e-07
 10      5.000000e-01   9.00000000e-01  7.774925e-03 5.695107e-04 -8.43337e-08
 11      5.500000e-01   9.00000000e-01  7.925107e-03 5.462487e-04 -1.30538e-08
 12      6.000000e-01   9.00000000e-01  8.058082e-03 5.260275e-04 -2.00420e-09
 13      6.500000e-01   9.00000000e-01  8.171685e-03 5.090344e-04 -3.05022e-10
 14      7.000000e-01   9.00000000e-01  8.263638e-03 4.955102e-04 -4.59728e-11
 15      7.500000e-01   9.00000000e-01  8.332003e-03 4.856638e-04 -6.85633e-12
 16      8.000000e-01   9.00000000e-01  8.376229e-03 4.795217e-04 -1.01160e-12
 17      8.500000e-01   9.00000000e-01  8.399366e-03 4.765982e-04 -1.47857e-13
 18      9.000000e-01   9.00000000e-01  8.409726e-03 4.756199e-04 -2.14883e-14
 19      9.500000e-01   9.00000000e-01  8.415613e-03 4.752946e-04 -3.11676e-15
 20      1.000000e+00   9.00000000e-01  8.420355e-03 4.751059e-04 -4.51846e-16
 21      1.050000e+00   9.00000000e-01  8.424692e-03 4.749467e-04 -6.54943e-17
 22      1.100000e+00   9.00000000e-01  8.428789e-03 4.747984e-04 -9.49236e-18
 23      1.150000e+00   9.00000000e-01  8.432700e-03 4.746571e-04 -1.37567e-18
 24      1.200000e+00   9.00000000e-01  8.436457e-03 4.745215e-04 -1.99354e-19
 25      1.250000e+00   9.00000000e-01  8.440084e-03 4.743907e-04 -2.88878e-20
 26      1.300000e+00   9.00000000e-01  8.443597e-03 4.742639e-04 -4.18584e-21
 27      1.350000e+00   9.00000000e-01  8.447009e-03 4.741409e-04 -6.06506e-22
 28      1.400000e+00   9.00000000e-01  8.450332e-03 4.740210e-04 -8.78761e-23
 29      1.450000e+00   9.00000000e-01  8.453575e-03 4.739041e-04 -1.27319e-23
 30      1.500000e+00   9.00000000e-01  8.456744e-03 4.737898e-04 -1.84460e-24
 31      1.550000e+00   9.00000000e-01  8.459848e-03 4.736778e-04 -2.67240e-25
 32      1.600000e+00   9.00000000e-01  8.462891e-03 4.735679e-04 -3.87160e-26
 33      1.650000e+00   9.00000000e-01  8.465879e-03 4.734597e-04 -5.60868e-27
 34      1.700000e+00   9.00000000e-01  8.468816e-03 4.733529e-04 -8.12510e-28
 35      1.750000e+00   9.00000000e-01  8.471707e-03 4.732471e-04 -1.17735e-28
 36      1.800000e+00   9.00000000e-01  8.474557e-03 4.731419e-04 -1.71574e-29
 37      1.850000e+00   9.00000000e-01  8.477371e-03 4.730366e-04 -2.36655e-30
 38      1.900000e+00   9.00000000e-01  8.480152e-03 4.729306e-04 -3.94426e-31
 39      1.950000e+00   9.00000000e-01  8.482907e-03 4.728228e-04 5.022033e-37
 40      2.000000e+00   9.00000000e-01  8.485640e-03 4.727123e-04 5.322228e-38
 41      2.050000e+00   9.00000000e-01  8.488359e-03 4.725978e-04 4.554233e-39
 42      2.100000e+00   9.00000000e-01  8.491069e-03 4.724777e-04 1.480867e-40
 43      2.150000e+00   9.00000000e-01  8.493780e-03 4.723503e-04 -6.14972e-41
 44      2.200000e+00   9.00000000e-01  8.496498e-03 4.722137e-04 -2.23235e-41
 45      2.250000e+00   9.00000000e-01  8.499234e-03 4.720654e-04 -5.39468e-42
 46      2.300000e+00   9.00000000e-01  8.501998e-03 4.719030e-04 -1.12784e-42
 47      2.350000e+00   9.00000000e-01  8.504802e-03 4.717235e-04 -2.18600e-43
 48      2.400000e+00   9.00000000e-01  8.507656e-03 4.715238e-04 -4.04206e-44
 49      2.450000e+00   9.00000000e-01  8.510576e-03 4.713004e-04 -7.23537e-45
 50      2.500000e+00   9.00000000e-01  8.513575e-03 4.710494e-04 9.911127e-52
 51      2.550000e+00   9.00000000e-01  8.516670e-03 4.707667e-04 1.861846e-52
 52      2.600000e+00   9.00000000e-01  8.519876e-03 4.704479e-04 3.450221e-53
 53      2.650000e+00   9.00000000e-01  8.523211e-03 4.700883e-04 6.317674e-54
 54      2.700000e+00   9.00000000e-01  8.526695e-03 4.696827e-04 1.143650e-54
 55      2.750000e+00   9.00000000e-01  8.530347e-03 4.692259e-04 2.048388e-55
 56      2.800000e+00   9.00000000e-01  8.534187e-03 4.687123e-04 3.632366e-56
 57      2.850000e+00   9.00000000e-01  8.538238e-03 4.681359e-04 6.381081e-57
 58      2.900000e+00   9.00000000e-01  8.542522e-03 4.674905e-04 1.111276e-57
 59      2.950000e+00   9.00000000e-01  8.547064e-03 4.667699e-04 1.919379e-58
 60      3.000000e+00   9.00000000e-01  8.551886e-03 4.659672e-04 3.290307e-59
 61      3.050000e+00   9.00000000e-01  8.557015e-03 4.650756e-04 5.600302e-60
 62      3.100000e+00   9.00000000e-01  8.562476e-03 4.640881e-04 9.468360e-61
 63      3.150000e+00   9.00000000e-01  8.568297e-03 4.629972e-04 1.590838e-61
 64      3.200000e+00   9.00000000e-01  8.574505e-03 4.617956e-04 2.657382e-62
 65      3.250000e+00   9.00000000e-01  8.581127e-03 4.604756e-04 4.415033e-63
 66      3.300000e+00   9.00000000e-01  8.588192e-03 4.590293e-04 7.297873e-64
 67      3.350000e+00   9.00000000e-01  8.595729e-03 4.574488e-04 1.200642e-64
 68      3.400000e+00   9.00000000e-01  8.603769e-03 4.557259e-04 1.966527e-65
 69      3.450000e+00   9.00000000e-01  8.612340e-03 4.538526e-04 3.207621e-66
 70      3.500000e+00   9.00000000e-01  8.621474e-03 4.518203e-04 5.211851e-67
 71      3.550000e+00   9.00000000e-01  8.631201e-03 4.496206e-04 8.437847e-68
 72      3.600000e+00   9.00000000e-01  8.641552e-03 4.472452e-04 1.361501e-68
 73      3.650000e+00   9.00000000e-01  8.652559e-03 4.446852e-04 2.189975e-69
 74      3.700000e+00   9.00000000e-01  8.664253e-03 4.419321e-04 3.512238e-70
 75      3.750000e+00   9.00000000e-01  8.676667e-03 4.389770e-04 5.617472e-71
 76      3.800000e+00   9.00000000e-01  8.689832e-03 4.358113e-04 8.961882e-72
 77      3.850000e+00   9.00000000e-01  8.703780e-03 4.324260e-04 1.426346e-72
 78      3.900000e+00   9.00000000e-01  8.718545e-03 4.288122e-04 2.265147e-73
 79      3.950000e+00   9.00000000e-01  8.734159e-03 4.249610e-04 3.589875e-74
 80      4.000000e+00   9.00000000e-01  8.750654e-03 4.208634e-04 5.678520e-75
 81      4.050000e+00   9.00000000e-01  8.768063e-03 4.165104e-04 8.966628e-76
 82      4.100000e+00   9.00000000e-01  8.786419e-03 4.118931e-04 1.413548e-76
 83      4.150000e+00   9.00000000e-01  8.805756e-03 4.070023e-04 2.225048e-77
 84      4.200000e+00   9.00000000e-01  8.826106e-03 4.018289e-04 3.497548e-78
 85      4.250000e+00   9.00000000e-01  8.847502e-03 3.963639e-04 5.490768e-79
 86      4.300000e+00   9.00000000e-01  8.869979e-03 3.905982e-04 8.609787e-80
 87      4.350000e+00   9.00000000e-01  8.893568e-03 3.845225e-04 1.348608e-80
 88      4.400000e+00   9.00000000e-01  8.918304e-03 3.781279e-04 2.110333e-81
 89      4.450000e+00   9.00000000e-01  8.944220e-03 3.714049e-04 3.299354e-82
 90      4.500000e+00   9.00000000e-01  8.971350e-03 3.643446e-04 5.154161e-83
 91      4.550000e+00   9.00000000e-01  8.999727e-03 3.569376e-04 8.045915e-84
 92      4.600000e+00   9.00000000e-01  9.029385e-03 3.491747e-04 1.255190e-84
 93      4.650000e+00   9.00000000e-01  9.060359e-03 3.410466e-04 1.957028e-85
 94      4.700000e+00   9.00000000e-01  9.092681e-03 3.325441e-04 3.049774e-86
 95      4.750000e+00   9.00000000e-01  9.126386e-03 3.236577e-04 4.750608e-87
 96      4.800000e+00   9.00000000e-01  9.161508e-03 3.143781e-04 7.397276e-88
 97      4.850000e+00   9.00000000e-01  9.198082e-03 3.046959e-04 1.151497e-88
 98      4.900000e+00   9.00000000e-01  9.236142e-03 2.946017e-04 1.792037e-89
 99      4.950000e+00   9.00000000e-01  9.275723e-03 2.840860e-04 2.788365e-90
100      5.000000e+00   9.00000000e-01  9.316860e-03 2.731392e-04 4.338019e-91
  0      0.000000e+00   9.50000000e-01  -1.32424e-03 8.578039e-03 -6.13563e-03
  1      5.000000e-02   9.50000000e-01  8.711071e-04 6.983029e-03 -4.83582e-03
  2      1.000000e-01   9.50000000e-01  3.147061e-03 5.648477e-03 -3.67371e-03
  3      1.500000e-01   9.50000000e-01  5.351049e-03 4.518410e-03 -2.63554e-03
  4      2.000000e-01   9.50000000e-01  7.339339e-03 3.578511e-03 -1.73427e-03
  5      2.500000e-01   9.50000000e-01  8.976332e-03 2.843115e-03 -1.00662e-03
  6      3.000000e-01   9.50000000e-01  1.016909e-02 2.329401e-03 -4.91571e-04
  7      3.500000e-01   9.50000000e-01  1.093140e-02 2.021603e-03 -1.90513e-04
  8      4.000000e-01   9.50000000e-01  1.138927e-02 1.862416e-03 -5.38362e-05
  9      4.500000e-01   9.50000000e-01  1.169490e-02 1.783031e-03 -1.08817e-05
 10      5.000000e-01   9.50000000e-01  1.194851e-02 1.732044e-03 -1.85058e-06
 11      5.500000e-01   9.50000000e-01  1.218633e-02 1.688355e-03 -3.00870e-07
 12      6.000000e-01   9.50000000e-01  1.241588e-02 1.647184e-03 -4.83995e-08
 13      6.500000e-01   9.50000000e-01  1.263808e-02 1.607742e-03 -7.75034e-09
 14      7.000000e-01   9.50000000e-01  1.285266e-02 1.569951e-03 -1.23642e-09
 15      7.500000e-01   9.50000000e-01  1.305906e-02 1.533860e-03 -1.96492e-10
 16      8.000000e-01   9.50000000e-01  1.325666e-02 1.499547e-03 -3.10988e-11
 17      8.500000e-01   9.50000000e-01  1.344472e-02 1.467109e-03 -4.90032e-12
 18      9.000000e-01   9.50000000e-01  1.362239e-02 1.436658e-03 -7.68473e-13
 19      9.500000e-01   9.50000000e-01  1.378874e-02 1.408326e-03 -1.19888e-13
 20      1.000000e+00   9.50000000e-01  1.394266e-02 1.382266e-03 -1.85974e-14
 21      1.050000e+00   9.50000000e-01  1.408292e-02 1.358658e-03 -2.86699e-15
 22      1.100000e+00   9.50000000e-01  1.420812e-02 1.337706e-03 -4.38960e-16
 23      1.150000e+00   9.50000000e-01  1.431673e-02 1.319642e-03 -6.67042e-17
 24      1.200000e+00   9.50000000e-01  1.440714e-02 1.304710e-03 -1.00531e-17
 25      1.250000e+00   9.50000000e-01  1.447782e-02 1.293147e-03 -1.50164e-18
 26      1.300000e+00   9.50000000e-01  1.452788e-02 1.285094e-03 -2.22219e-19
 27      1.350000e+00   9.50000000e-01  1.455814e-02 1.280414e-03 -3.25917e-20
 28      1.400000e+00   9.50000000e-01  1.457312e-02 1.278347e-03 -4.74709e-21
 29      1.450000e+00   9.50000000e-01  1.458055e-02 1.277565e-03 -6.89071e-22
 30      1.500000e+00   9.50000000e-01  1.458571e-02 1.277142e-03 -9.99217e-23
 31      1.550000e+00   9.50000000e-01  1.459022e-02 1.276800e-03 -1.44855e-23
 32      1.600000e+00   9.50000000e-01  1.459443e-02 1.276487e-03 -2.09966e-24
 33      1.650000e+00   9.50000000e-01  1.459842e-02 1.276190e-03 -3.04318e-25
 34      1.700000e+00   9.50000000e-01  1.460224e-02 1.275906e-03 -4.41036e-26
 35      1.750000e+00   9.50000000e-01  1.460591e-02 1.275632e-03 -6.39135e-27
 36      1.800000e+00   9.50000000e-01  1.460947e-02 1.275368e-03 -9.26123e-28
 37      1.850000e+00   9.50000000e-01  1.461291e-02 1.275112e-03 -1.34304e-28
 38      1.900000e+00   9.50000000e-01  1.461626e-02 1.274863e-03 -1.95243e-29
 39      1.950000e+00   9.50000000e-01  1.461952e-02 1.274621e-03 -2.76101e-30
 40      2.000000e+00   9.50000000e-01  1.462270e-02 1.274384e-03 -3.94430e-31
 41      2.050000e+00   9.50000000e-01  1.462581e-02 1.274153e-03 -1.97215e-31
 42      2.100000e+00   9.50000000e-01  1.462886e-02 1.273926e-03 2.266484e-37
 43      2.150000e+00   9.50000000e-01  1.463186e-02 1.273703e-03 2.982873e-38
 44      2.200000e+00   9.50000000e-01  1.463480e-02 1.273484e-03 3.909712e-39
 45      2.250000e+00   9.50000000e-01  1.463769e-02 1.273268e-03 5.075881e-40
 46      2.300000e+00   9.50000000e-01  1.464054e-02 1.273054e-03 6.476619e-41
 47      2.350000e+00   9.50000000e-01  1.464335e-02 1.272842e-03 8.025297e-42
 48      2.400000e+00   9.50000000e-01  1.464613e-02 1.272630e-03 9.461685e-43
 49      2.450000e+00   9.50000000e-01  1.464889e-02 1.272417e-03 1.018393e-43
 50      2.500000e+00   9.50000000e-01  1.465164e-02 1.272202e-03 8.949294e-45
 51      2.550000e+00   9.50000000e-01  1.465437e-02 1.271983e-03 3.352529e-46
 52      2.600000e+00   9.50000000e-01  1.465711e-02 1.271759e-03 -1.10674e-46
 53      2.650000e+00   9.50000000e-01  1.465986e-02 1.271526e-03 -4.23351e-47
 54      2.700000e+00   9.50000000e-01  1.466264e-02 1.271282e-03 -1.04553e-47
 55      2.750000e+00   9.50000000e-01  1.466545e-02 1.271023e-03 -2.22047e-48
 56      2.800000e+00   9.50000000e-01  1.466833e-02 1.270748e-03 -4.36148e-49
 57      2.850000e+00   9.50000000e-01  1.467127e-02 1.270450e-03 7.555701e-56
 58      2.900000e+00   9.50000000e-01  1.467431e-02 1.270127e-03 1.458928e-56
 59      2.950000e+00   9.50000000e-01  1.467746e-02 1.269773e-03 2.785224e-57
 60      3.000000e+00   9.50000000e-01  1.468075e-02 1.269383e-03 5.255377e-58
 61      3.050000e+00   9.50000000e-01  1.468420e-02 1.268951e-03 9.801079e-59
 62      3.100000e+00   9.50000000e-01  1.468784e-02 1.268472e-03 1.805984e-59
 63      3.150000e+00   9.50000000e-01  1.469170e-02 1.267937e-03 3.290312e-60
 64      3.200000e+00   9.50000000e-01  1.469580e-02 1.267342e-03 5.928556e-61
 65      3.250000e+00   9.50000000e-01  1.470018e-02 1.266677e-03 1.057108e-61
 66      3.300000e+00   9.50000000e-01  1.470487e-02 1.265936e-03 1.866047e-62
 67      3.350000e+00   9.50000000e-01  1.470991e-02 1.265109e-03 3.263170e-63
 68      3.400000e+00   9.50000000e-01  1.471533e-02 1.264189e-03 5.655479e-64
 69      3.450000e+00   9.50000000e-01  1.472117e-02 1.263167e-03 9.719343e-65
 70      3.500000e+00   9.50000000e-01  1.472748e-02 1.262032e-03 1.657168e-65
 71      3.550000e+00   9.50000000e-01  1.473429e-02 1.260777e-03 2.804777e-66
 72      3.600000e+00   9.50000000e-01  1.474164e-02 1.259390e-03 4.714179e-67
 73      3.650000e+00   9.50000000e-01  1.474958e-02 1.257862e-03 7.872229e-68
 74      3.700000e+00   9.50000000e-01  1.475815e-02 1.256183e-03 1.306640e-68
 75      3.750000e+00   9.50000000e-01  1.476740e-02 1.254342e-03 2.156517e-69
 76      3.800000e+00   9.50000000e-01  1.477737e-02 1.252328e-03 3.540456e-70
 77      3.850000e+00   9.50000000e-01  1.478810e-02 1.250131e-03 5.784026e-71
 78      3.900000e+00   9.50000000e-01  1.479965e-02 1.247740e-03 9.406076e-72
 79      3.950000e+00   9.50000000e-01  1.481206e-02 1.245143e-03 1.523115e-72
 80      4.000000e+00   9.50000000e-01  1.482538e-02 1.242331e-03 2.456631e-73
 81      4.050000e+00   9.50000000e-01  1.483965e-02 1.239290e-03 3.947721e-74
 82      4.100000e+00   9.50000000e-01  1.485493e-02 1.236011e-03 6.322245e-75
 83      4.150000e+00   9.50000000e-01  1.487125e-02 1.232483e-03 1.009293e-75
 84      4.200000e+00   9.50000000e-01  1.488868e-02 1.228693e-03 1.606523e-76
 85      4.250000e+00   9.50000000e-01  1.490725e-02 1.224631e-03 2.550209e-77
 86      4.300000e+00   9.50000000e-01  1.492701e-02 1.220286e-03 4.038075e-78
 87      4.350000e+00   9.50000000e-01  1.494801e-02 1.215647e-03 6.379084e-79
 88      4.400000e+00   9.50000000e-01  1.497030e-02 1.210702e-03 1.005564e-79
 89      4.450000e+00   9.50000000e-01  1.499392e-02 1.205442e-03 1.581976e-80
 90      4.500000e+00   9.50000000e-01  1.501892e-02 1.199855e-03 2.484244e-81
 91      4.550000e+00   9.50000000e-01  1.504534e-02 1.193930e-03 3.894536e-82
 92      4.600000e+00   9.50000000e-01  1.507323e-02 1.187658e-03 6.095968e-83
 93      4.650000e+00   9.50000000e-01  1.510263e-02 1.181027e-03 9.528180e-84
 94      4.700000e+00   9.50000000e-01  1.513359e-02 1.174028e-03 1.487322e-84
 95      4.750000e+00   9.50000000e-01  1.516616e-02 1.166650e-03 2.318871e-85
 96      4.800000e+00   9.50000000e-01  1.520036e-02 1.158883e-03 3.611348e-86
 97      4.850000e+00   9.50000000e-01  1.523624e-02 1.150718e-03 5.618535e-87
 98      4.900000e+00   9.50000000e-01  1.527385e-02 1.142146e-03 8.733184e-88
 99      4.950000e+00   9.50000000e-01  1.531323e-02 1.133156e-03 1.356310e-88
100      5.000000e+00   9.50000000e-01  1.535441e-02 1.123740e-03 2.104793e-89
  0      0.000000e+00   1.00000000e+00  -1.81663e-03 1.172460e-02 -8.01192e-03
  1      5.000000e-02   1.00000000e+00  6.700157e-04 1.014950e-02 -6.66656e-03
  2      1.000000e-01   1.00000000e+00  3.253328e-03 8.786392e-03 -5.42000e-03
  3      1.500000e-01   1.00000000e+00  5.819251e-03 7.581580e-03 -4.25292e-03
  4      2.000000e-01   1.00000000e+00  8.263653e-03 6.514213e-03 -3.16532e-03
  5      2.500000e-01   1.00000000e+00  1.047688e-02 5.589226e-03 -2.17948e-03
  6      3.000000e-01   1.00000000e+00  1.234001e-02 4.831324e-03 -1.34126e-03
  7      3.500000e-01   1.00000000e+00  1.375164e-02 4.270286e-03 -7.07041e-04
  8      4.000000e-01   1.00000000e+00  1.469364e-02 3.910523e-03 -3.04351e-04
  9      4.500000e-01   1.00000000e+00  1.527001e-02 3.710919e-03 -9.99546e-05
 10      5.000000e-01   1.00000000e+00  1.564200e-02 3.607193e-03 -2.33461e-05
 11      5.500000e-01   1.00000000e+00  1.593529e-02 3.543963e-03 -4.24007e-06
 12      6.000000e-01   1.00000000e+00  1.620678e-02 3.491916e-03 -7.07510e-07
 13      6.500000e-01   1.00000000e+00  1.647120e-02 3.442681e-03 -1.15915e-07
 14      7.000000e-01   1.00000000e+00  1.673120e-02 3.394672e-03 -1.89028e-08
 15      7.500000e-01   1.00000000e+00  1.698714e-02 3.347630e-03 -3.07532e-09
 16      8.000000e-01   1.00000000e+00  1.723895e-02 3.301524e-03 -4.99317e-10
 17      8.500000e-01   1.00000000e+00  1.748651e-02 3.256362e-03 -8.09071e-11
 18      9.000000e-01   1.00000000e+00  1.772970e-02 3.212159e-03 -1.30828e-11
 19      9.500000e-01   1.00000000e+00  1.796833e-02 3.168933e-03 -2.11098e-12
 20      1.000000e+00   1.00000000e+00  1.820225e-02 3.126708e-03 -3.39867e-13
 21      1.050000e+00   1.00000000e+00  1.843124e-02 3.085509e-03 -5.45928e-14
 22      1.100000e+00   1.00000000e+00  1.865510e-02 3.045365e-03 -8.74827e-15
 23      1.150000e+00   1.00000000e+00  1.887358e-02 3.006311e-03 -1.39837e-15
 24      1.200000e+00   1.00000000e+00  1.908640e-02 2.968388e-03 -2.22937e-16
 25      1.250000e+00   1.00000000e+00  1.929324e-02 2.931640e-03 -3.54438e-17
 26      1.300000e+00   1.00000000e+00  1.949376e-02 2.896121e-03 -5.61864e-18
 27      1.350000e+00   1.00000000e+00  1.968754e-02 2.861893e-03 -8.87921e-19
 28      1.400000e+00   1.00000000e+00  1.987414e-02 2.829027e-03 -1.39856e-19
 29      1.450000e+00   1.00000000e+00  2.005302e-02 2.797604e-03 -2.19509e-20
 30      1.500000e+00   1.00000000e+00  2.022359e-02 2.767722e-03 -3.43216e-21
 31      1.550000e+00   1.00000000e+00  2.038514e-02 2.739490e-03 -5.34432e-22
 32      1.600000e+00   1.00000000e+00  2.053689e-02 2.713038e-03 -8.28462e-23
 33      1.650000e+00   1.00000000e+00  2.067792e-02 2.688517e-03 -1.27799e-23
 34      1.700000e+00   1.00000000e+00  2.080716e-02 2.666102e-03 -1.96088e-24
 35      1.750000e+00   1.00000000e+00  2.092342e-02 2.645992e-03 -2.99092e-25
 36      1.800000e+00   1.00000000e+00  2.102532e-02 2.628415e-03 -4.53238e-26
 37      1.850000e+00   1.00000000e+00  2.111142e-02 2.613620e-03 -6.81911e-27
 38      1.900000e+00   1.00000000e+00  2.118025e-02 2.601855e-03 -1.01802e-27
 39      1.950000e+00   1.00000000e+00  2.123074e-02 2.593307e-03 -1.50672e-28
 40      2.000000e+00   1.00000000e+00  2.126304e-02 2.587957e-03 -2.20881e-29
 41      2.050000e+00   1.00000000e+00  2.128016e-02 2.585284e-03 -3.15544e-30
 42      2.100000e+00   1.00000000e+00  2.128864e-02 2.584137e-03 -3.94430e-31
 43      2.150000e+00   1.00000000e+00  2.129417e-02 2.583493e-03 -1.97215e-31
 44      2.200000e+00   1.00000000e+00  2.129888e-02 2.582973e-03 2.399508e-40
 45      2.250000e+00   1.00000000e+00  2.130323e-02 2.582498e-03 9.404711e-43
 46      2.300000e+00   1.00000000e+00  2.130735e-02 2.582049e-03 1.693133e-44
 47      2.350000e+00   1.00000000e+00  2.131128e-02 2.581621e-03 1.226815e-45
 48      2.400000e+00   1.00000000e+00  2.131505e-02 2.581209e-03 1.191701e-46
 49      2.450000e+00   1.00000000e+00  2.131870e-02 2.580812e-03 1.245457e-47
 50      2.500000e+00   1.00000000e+00  2.132223e-02 2.580427e-03 1.351393e-48
 51      2.550000e+00   1.00000000e+00  2.132566e-02 2.580053e-03 1.511833e-49
 52      2.600000e+00   1.00000000e+00  2.132900e-02 2.579690e-03 1.730157e-50
 53      2.650000e+00   1.00000000e+00  2.133225e-02 2.579335e-03 2.027119e-51
 54      2.700000e+00   1.00000000e+00  2.133544e-02 2.578988e-03 2.421498e-52
 55      2.750000e+00   1.00000000e+00  2.133856e-02 2.578648e-03 2.959024e-53
 56      2.800000e+00   1.00000000e+00  2.134161e-02 2.578315e-03 3.705341e-54
 57      2.850000e+00   1.00000000e+00  2.134461e-02 2.577987e-03 2.857886e-48
 58      2.900000e+00   1.00000000e+00  2.134757e-02 2.577664e-03 3.690485e-49
 59      2.950000e+00   1.00000000e+00  2.135048e-02 2.577346e-03 4.666236e-50
 60      3.000000e+00   1.00000000e+00  2.135335e-02 2.577030e-03 5.689289e-51
 61      3.050000e+00   1.00000000e+00  2.135619e-02 2.576716e-03 6.504854e-52
 62      3.100000e+00   1.00000000e+00  2.135902e-02 2.576403e-03 6.548747e-53
 63      3.150000e+00   1.00000000e+00  2.136183e-02 2.576088e-03 4.679726e-54
 64      3.200000e+00   1.00000000e+00  2.136464e-02 2.575769e-03 -1.28685e-55
 65      3.250000e+00   1.00000000e+00  2.136746e-02 2.575445e-03 -1.53777e-55
 66      3.300000e+00   1.00000000e+00  2.137030e-02 2.575112e-03 -4.48100e-56
 67      3.350000e+00   1.00000000e+00  2.137319e-02 2.574768e-03 -1.02241e-56
 68      3.400000e+00   1.00000000e+00  2.137614e-02 2.574407e-03 1.929653e-63
 69      3.450000e+00   1.00000000e+00  2.137916e-02 2.574027e-03 3.799000e-64
 70      3.500000e+00   1.00000000e+00  2.138229e-02 2.573622e-03 7.412083e-65
 71      3.550000e+00   1.00000000e+00  2.138555e-02 2.573188e-03 1.429819e-65
 72      3.600000e+00   1.00000000e+00  2.138896e-02 2.572717e-03 2.723760e-66
 73      3.650000e+00   1.00000000e+00  2.139256e-02 2.572205e-03 5.122153e-67
 74      3.700000e+00   1.00000000e+00  2.139637e-02 2.571645e-03 9.503559e-68
 75      3.750000e+00   1.00000000e+00  2.140045e-02 2.571028e-03 1.740622e-68
 76      3.800000e+00   1.00000000e+00  2.140481e-02 2.570347e-03 3.147499e-69
 77      3.850000e+00   1.00000000e+00  2.140950e-02 2.569594e-03 5.622433e-70
 78      3.900000e+00   1.00000000e+00  2.141458e-02 2.568759e-03 9.924859e-71
 79      3.950000e+00   1.00000000e+00  2.142006e-02 2.567833e-03 1.732598e-71
 80      4.000000e+00   1.00000000e+00  2.142602e-02 2.566807e-03 2.992508e-72
 81      4.050000e+00   1.00000000e+00  2.143249e-02 2.565671e-03 5.117116e-73
 82      4.100000e+00   1.00000000e+00  2.143952e-02 2.564413e-03 8.667016e-74
 83      4.150000e+00   1.00000000e+00  2.144717e-02 2.563022e-03 1.454963e-74
 84      4.200000e+00   1.00000000e+00  2.145549e-02 2.561489e-03 2.421986e-75
 85      4.250000e+00   1.00000000e+00  2.146454e-02 2.559800e-03 4.000185e-76
 86      4.300000e+00   1.00000000e+00  2.147436e-02 2.557945e-03 6.558334e-77
 87      4.350000e+00   1.00000000e+00  2.148502e-02 2.555911e-03 1.067852e-77
 88      4.400000e+00   1.00000000e+00  2.149658e-02 2.553686e-03 1.727594e-78
 89      4.450000e+00   1.00000000e+00  2.150908e-02 2.551259e-03 2.778332e-79
 90      4.500000e+00   1.00000000e+00  2.152260e-02 2.548616e-03 4.443409e-80
 91      4.550000e+00   1.00000000e+00  2.153718e-02 2.545747e-03 7.070174e-81
 92      4.600000e+00   1.00000000e+00  2.155289e-02 2.542637e-03 1.119621e-81
 93      4.650000e+00   1.00000000e+00  2.156978e-02 2.539276e-03 1.765355e-82
 94      4.700000e+00   1.00000000e+00  2.158792e-02 2.535651e-03 2.772312e-83
 95      4.750000e+00   1.00000000e+00  2.160735e-02 2.531750e-03 4.337735e-84
 96      4.800000e+00   1.00000000e+00  2.162814e-02 2.527561e-03 6.764365e-85
 97      4.850000e+00   1.00000000e+00  2.165034e-02 2.523073e-03 1.051637e-85
 98      4.900000e+00   1.00000000e+00  2.167400e-02 2.518273e-03 1.630431e-86
 99      4.950000e+00   1.00000000e+00  2.169919e-02 2.513151e-03 2.521425e-87
100      5.000000e+00   1.00000000e+00  2.172594e-02 2.507695e-03 3.890521e-88
End of Xyce(TM) Parameter Sweep