Index       V(C)              V(B)             I(V_C)            I(V_B)      
0        0.00000000e+00    7.00000000e-01   -1.04607734e-05    1.15600947e-05
1        5.00000000e-02    7.00000000e-01    3.29742499e-05    2.32356283e-06
2        1.00000000e-01    7.00000000e-01    4.10494913e-05    8.32425459e-07
3        1.50000000e-01    7.00000000e-01    4.25167018e-05    6.07113062e-07
4        2.00000000e-01    7.00000000e-01    4.29352153e-05    5.74109694e-07
5        2.50000000e-01    7.00000000e-01    4.31882056e-05    5.69302193e-07
6        3.00000000e-01    7.00000000e-01    4.34088739e-05    5.68604824e-07
7        3.50000000e-01    7.00000000e-01    4.36182707e-05    5.68510805e-07
8        4.00000000e-01    7.00000000e-01    4.38206058e-05    5.68507479e-07
9        4.50000000e-01    7.00000000e-01    4.40173446e-05    5.68518780e-07
10       5.00000000e-01    7.00000000e-01    4.42093579e-05    5.68532977e-07
11       5.50000000e-01    7.00000000e-01    4.43972922e-05    5.68548068e-07
12       6.00000000e-01    7.00000000e-01    4.45816614e-05    5.68563607e-07
13       6.50000000e-01    7.00000000e-01    4.47628857e-05    5.68579395e-07
14       7.00000000e-01    7.00000000e-01    4.49413144e-05    5.68595220e-07
15       7.50000000e-01    7.00000000e-01    4.51172422e-05    5.68610757e-07
16       8.00000000e-01    7.00000000e-01    4.52909205e-05    5.68625476e-07
17       8.50000000e-01    7.00000000e-01    4.54625663e-05    5.68638550e-07
18       9.00000000e-01    7.00000000e-01    4.56323687e-05    5.68648735e-07
19       9.50000000e-01    7.00000000e-01    4.58004941e-05    5.68654234e-07
20       1.00000000e+00    7.00000000e-01    4.59670904e-05    5.68652556e-07
21       1.05000000e+00    7.00000000e-01    4.61322898e-05    5.68640348e-07
22       1.10000000e+00    7.00000000e-01    4.62962122e-05    5.68613231e-07
23       1.15000000e+00    7.00000000e-01    4.64589667e-05    5.68565624e-07
24       1.20000000e+00    7.00000000e-01    4.66206540e-05    5.68490574e-07
25       1.25000000e+00    7.00000000e-01    4.67813676e-05    5.68379587e-07
26       1.30000000e+00    7.00000000e-01    4.69411953e-05    5.68222461e-07
27       1.35000000e+00    7.00000000e-01    4.71002201e-05    5.68007140e-07
28       1.40000000e+00    7.00000000e-01    4.72585216e-05    5.67719568e-07
29       1.45000000e+00    7.00000000e-01    4.74161762e-05    5.67343562e-07
30       1.50000000e+00    7.00000000e-01    4.75732585e-05    5.66860699e-07
31       1.55000000e+00    7.00000000e-01    4.77298412e-05    5.66250217e-07
32       1.60000000e+00    7.00000000e-01    4.78859964e-05    5.65488935e-07
33       1.65000000e+00    7.00000000e-01    4.80417954e-05    5.64551182e-07
34       1.70000000e+00    7.00000000e-01    4.81973093e-05    5.63408748e-07
35       1.75000000e+00    7.00000000e-01    4.83526095e-05    5.62030846e-07
36       1.80000000e+00    7.00000000e-01    4.85077678e-05    5.60384092e-07
37       1.85000000e+00    7.00000000e-01    4.86628568e-05    5.58432491e-07
38       1.90000000e+00    7.00000000e-01    4.88179499e-05    5.56137444e-07
39       1.95000000e+00    7.00000000e-01    4.89731214e-05    5.53457759e-07
40       2.00000000e+00    7.00000000e-01    4.91284472e-05    5.50349679e-07
41       2.05000000e+00    7.00000000e-01    4.92840042e-05    5.46766910e-07
42       2.10000000e+00    7.00000000e-01    4.94398708e-05    5.42660672e-07
43       2.15000000e+00    7.00000000e-01    4.95961267e-05    5.37979741e-07
44       2.20000000e+00    7.00000000e-01    4.97528533e-05    5.32670506e-07
45       2.25000000e+00    7.00000000e-01    4.99101336e-05    5.26677033e-07
46       2.30000000e+00    7.00000000e-01    5.00680518e-05    5.19941129e-07
47       2.35000000e+00    7.00000000e-01    5.02266941e-05    5.12402410e-07
48       2.40000000e+00    7.00000000e-01    5.03861478e-05    5.03998375e-07
49       2.45000000e+00    7.00000000e-01    5.05465021e-05    4.94664481e-07
50       2.50000000e+00    7.00000000e-01    5.07078477e-05    4.84334215e-07
51       2.55000000e+00    7.00000000e-01    5.08702764e-05    4.72939176e-07
52       2.60000000e+00    7.00000000e-01    5.10338820e-05    4.60409153e-07
53       2.65000000e+00    7.00000000e-01    5.11987594e-05    4.46672196e-07
54       2.70000000e+00    7.00000000e-01    5.13650049e-05    4.31654700e-07
55       2.75000000e+00    7.00000000e-01    5.15327162e-05    4.15281480e-07
56       2.80000000e+00    7.00000000e-01    5.17019924e-05    3.97475843e-07
57       2.85000000e+00    7.00000000e-01    5.18729337e-05    3.78159666e-07
58       2.90000000e+00    7.00000000e-01    5.20456415e-05    3.57253467e-07
59       2.95000000e+00    7.00000000e-01    5.22202186e-05    3.34676473e-07
60       3.00000000e+00    7.00000000e-01    5.23967687e-05    3.10346693e-07
61       3.05000000e+00    7.00000000e-01    5.25753966e-05    2.84180978e-07
62       3.10000000e+00    7.00000000e-01    5.27562082e-05    2.56095091e-07
63       3.15000000e+00    7.00000000e-01    5.29393104e-05    2.26003762e-07
64       3.20000000e+00    7.00000000e-01    5.31248111e-05    1.93820754e-07
65       3.25000000e+00    7.00000000e-01    5.33128188e-05    1.59458910e-07
66       3.30000000e+00    7.00000000e-01    5.35034434e-05    1.22830216e-07
67       3.35000000e+00    7.00000000e-01    5.36967951e-05    8.38458417e-08
68       3.40000000e+00    7.00000000e-01    5.38929854e-05    4.24161973e-08
69       3.45000000e+00    7.00000000e-01    5.40921261e-05   -1.54902724e-09
70       3.50000000e+00    7.00000000e-01    5.42943301e-05   -4.81408175e-08
71       3.55000000e+00    7.00000000e-01    5.44997108e-05   -9.74507956e-08
72       3.60000000e+00    7.00000000e-01    5.47083825e-05   -1.49571183e-07
73       3.65000000e+00    7.00000000e-01    5.49204599e-05   -2.04594767e-07
74       3.70000000e+00    7.00000000e-01    5.51360586e-05   -2.62614868e-07
75       3.75000000e+00    7.00000000e-01    5.53552947e-05   -3.23725312e-07
76       3.80000000e+00    7.00000000e-01    5.55782850e-05   -3.88020403e-07
77       3.85000000e+00    7.00000000e-01    5.58051466e-05   -4.55594901e-07
78       3.90000000e+00    7.00000000e-01    5.60359977e-05   -5.26543999e-07
79       3.95000000e+00    7.00000000e-01    5.62709567e-05   -6.00963304e-07
80       4.00000000e+00    7.00000000e-01    5.65101426e-05   -6.78948825e-07
81       4.05000000e+00    7.00000000e-01    5.67536751e-05   -7.60596951e-07
82       4.10000000e+00    7.00000000e-01    5.70016744e-05   -8.46004449e-07
83       4.15000000e+00    7.00000000e-01    5.72542613e-05   -9.35268447e-07
84       4.20000000e+00    7.00000000e-01    5.75115572e-05   -1.02848643e-06
85       4.25000000e+00    7.00000000e-01    5.77736839e-05   -1.12575624e-06
86       4.30000000e+00    7.00000000e-01    5.80407640e-05   -1.22717605e-06
87       4.35000000e+00    7.00000000e-01    5.83129205e-05   -1.33284440e-06
88       4.40000000e+00    7.00000000e-01    5.85902772e-05   -1.44286018e-06
89       4.45000000e+00    7.00000000e-01    5.88729585e-05   -1.55732263e-06
90       4.50000000e+00    7.00000000e-01    5.91610891e-05   -1.67633133e-06
91       4.55000000e+00    7.00000000e-01    5.94547948e-05   -1.79998626e-06
92       4.60000000e+00    7.00000000e-01    5.97542018e-05   -1.92838773e-06
93       4.65000000e+00    7.00000000e-01    6.00594370e-05   -2.06163649e-06
94       4.70000000e+00    7.00000000e-01    6.03706282e-05   -2.19983364e-06
95       4.75000000e+00    7.00000000e-01    6.06879037e-05   -2.34308073e-06
96       4.80000000e+00    7.00000000e-01    6.10113928e-05   -2.49147971e-06
97       4.85000000e+00    7.00000000e-01    6.13412254e-05   -2.64513299e-06
98       4.90000000e+00    7.00000000e-01    6.16775323e-05   -2.80414347e-06
99       4.95000000e+00    7.00000000e-01    6.20204453e-05   -2.96861450e-06
100      5.00000000e+00    7.00000000e-01    6.23700969e-05   -3.13864998e-06
0        0.00000000e+00    7.50000000e-01   -6.04933347e-05    7.24196774e-05
1        5.00000000e-02    7.50000000e-01    1.69048882e-04    1.77596161e-05
2        1.00000000e-01    7.50000000e-01    2.39272622e-04    6.48202243e-06
3        1.50000000e-01    7.50000000e-01    2.56161607e-04    4.28228393e-06
4        2.00000000e-01    7.50000000e-01    2.60313569e-04    3.90018195e-06
5        2.50000000e-01    7.50000000e-01    2.62024227e-04    3.84201604e-06
6        3.00000000e-01    7.50000000e-01    2.63295103e-04    3.83384916e-06
7        3.50000000e-01    7.50000000e-01    2.64455393e-04    3.83306755e-06
8        4.00000000e-01    7.50000000e-01    2.65563023e-04    3.83338875e-06
9        4.50000000e-01    7.50000000e-01    2.66632940e-04    3.83389001e-06
10       5.00000000e-01    7.50000000e-01    2.67672104e-04    3.83443305e-06
11       5.50000000e-01    7.50000000e-01    2.68685188e-04    3.83499547e-06
12       6.00000000e-01    7.50000000e-01    2.69675745e-04    3.83557250e-06
13       6.50000000e-01    7.50000000e-01    2.70646604e-04    3.83616226e-06
14       7.00000000e-01    7.50000000e-01    2.71600066e-04    3.83676332e-06
15       7.50000000e-01    7.50000000e-01    2.72538039e-04    3.83737410e-06
16       8.00000000e-01    7.50000000e-01    2.73462128e-04    3.83799245e-06
17       8.50000000e-01    7.50000000e-01    2.74373695e-04    3.83861523e-06
18       9.00000000e-01    7.50000000e-01    2.75273916e-04    3.83923773e-06
19       9.50000000e-01    7.50000000e-01    2.76163814e-04    3.83985305e-06
20       1.00000000e+00    7.50000000e-01    2.77044286e-04    3.84045129e-06
21       1.05000000e+00    7.50000000e-01    2.77916130e-04    3.84101872e-06
22       1.10000000e+00    7.50000000e-01    2.78780063e-04    3.84153684e-06
23       1.15000000e+00    7.50000000e-01    2.79636733e-04    3.84198136e-06
24       1.20000000e+00    7.50000000e-01    2.80486734e-04    3.84232123e-06
25       1.25000000e+00    7.50000000e-01    2.81330616e-04    3.84251758e-06
26       1.30000000e+00    7.50000000e-01    2.82168895e-04    3.84252272e-06
27       1.35000000e+00    7.50000000e-01    2.83002060e-04    3.84227919e-06
28       1.40000000e+00    7.50000000e-01    2.83830577e-04    3.84171884e-06
29       1.45000000e+00    7.50000000e-01    2.84654898e-04    3.84076198e-06
30       1.50000000e+00    7.50000000e-01    2.85475467e-04    3.83931660e-06
31       1.55000000e+00    7.50000000e-01    2.86292719e-04    3.83727771e-06
32       1.60000000e+00    7.50000000e-01    2.87107089e-04    3.83452674e-06
33       1.65000000e+00    7.50000000e-01    2.87919011e-04    3.83093106e-06
34       1.70000000e+00    7.50000000e-01    2.88728923e-04    3.82634354e-06
35       1.75000000e+00    7.50000000e-01    2.89537271e-04    3.82060229e-06
36       1.80000000e+00    7.50000000e-01    2.90344506e-04    3.81353039e-06
37       1.85000000e+00    7.50000000e-01    2.91151092e-04    3.80493580e-06
38       1.90000000e+00    7.50000000e-01    2.91957500e-04    3.79461125e-06
39       1.95000000e+00    7.50000000e-01    2.92764218e-04    3.78233432e-06
40       2.00000000e+00    7.50000000e-01    2.93571743e-04    3.76786746e-06
41       2.05000000e+00    7.50000000e-01    2.94380589e-04    3.75095821e-06
42       2.10000000e+00    7.50000000e-01    2.95191283e-04    3.73133932e-06
43       2.15000000e+00    7.50000000e-01    2.96004368e-04    3.70872906e-06
44       2.20000000e+00    7.50000000e-01    2.96820402e-04    3.68283150e-06
45       2.25000000e+00    7.50000000e-01    2.97639959e-04    3.65333681e-06
46       2.30000000e+00    7.50000000e-01    2.98463628e-04    3.61992163e-06
47       2.35000000e+00    7.50000000e-01    2.99292015e-04    3.58224948e-06
48       2.40000000e+00    7.50000000e-01    3.00125740e-04    3.53997112e-06
49       2.45000000e+00    7.50000000e-01    3.00965441e-04    3.49272495e-06
50       2.50000000e+00    7.50000000e-01    3.01811771e-04    3.44013750e-06
51       2.55000000e+00    7.50000000e-01    3.02665396e-04    3.38182380e-06
52       2.60000000e+00    7.50000000e-01    3.03527000e-04    3.31738780e-06
53       2.65000000e+00    7.50000000e-01    3.04397282e-04    3.24642284e-06
54       2.70000000e+00    7.50000000e-01    3.05276952e-04    3.16851205e-06
55       2.75000000e+00    7.50000000e-01    3.06166739e-04    3.08322874e-06
56       2.80000000e+00    7.50000000e-01    3.07067385e-04    2.99013685e-06
57       2.85000000e+00    7.50000000e-01    3.07979643e-04    2.88879127e-06
58       2.90000000e+00    7.50000000e-01    3.08904283e-04    2.77873827e-06
59       2.95000000e+00    7.50000000e-01    3.09842087e-04    2.65951583e-06
60       3.00000000e+00    7.50000000e-01    3.10793851e-04    2.53065397e-06
61       3.05000000e+00    7.50000000e-01    3.11760383e-04    2.39167507e-06
62       3.10000000e+00    7.50000000e-01    3.12742505e-04    2.24209418e-06
63       3.15000000e+00    7.50000000e-01    3.13741050e-04    2.08141926e-06
64       3.20000000e+00    7.50000000e-01    3.14756865e-04    1.90915147e-06
65       3.25000000e+00    7.50000000e-01    3.15790809e-04    1.72478533e-06
66       3.30000000e+00    7.50000000e-01    3.16843753e-04    1.52780901e-06
67       3.35000000e+00    7.50000000e-01    3.17916580e-04    1.31770441e-06
68       3.40000000e+00    7.50000000e-01    3.19010187e-04    1.09394737e-06
69       3.45000000e+00    7.50000000e-01    3.20125480e-04    8.56007778e-07
70       3.50000000e+00    7.50000000e-01    3.21263381e-04    6.03349658e-07
71       3.55000000e+00    7.50000000e-01    3.22424823e-04    3.35431244e-07
72       3.60000000e+00    7.50000000e-01    3.23610750e-04    5.17050293e-08
73       3.65000000e+00    7.50000000e-01    3.24822120e-04   -2.48382226e-07
74       3.70000000e+00    7.50000000e-01    3.26059905e-04   -5.65389501e-07
75       3.75000000e+00    7.50000000e-01    3.27325089e-04   -8.99881550e-07
76       3.80000000e+00    7.50000000e-01    3.28618668e-04   -1.25242897e-06
77       3.85000000e+00    7.50000000e-01    3.29941655e-04   -1.62360830e-06
78       3.90000000e+00    7.50000000e-01    3.31295076e-04   -2.01400213e-06
79       3.95000000e+00    7.50000000e-01    3.32679969e-04   -2.42419925e-06
80       4.00000000e+00    7.50000000e-01    3.34097392e-04   -2.85479482e-06
81       4.05000000e+00    7.50000000e-01    3.35548413e-04   -3.30639062e-06
82       4.10000000e+00    7.50000000e-01    3.37034121e-04   -3.77959519e-06
83       4.15000000e+00    7.50000000e-01    3.38555620e-04   -4.27502419e-06
84       4.20000000e+00    7.50000000e-01    3.40114030e-04   -4.79330063e-06
85       4.25000000e+00    7.50000000e-01    3.41710490e-04   -5.33505519e-06
86       4.30000000e+00    7.50000000e-01    3.43346160e-04   -5.90092662e-06
87       4.35000000e+00    7.50000000e-01    3.45022217e-04   -6.49156203e-06
88       4.40000000e+00    7.50000000e-01    3.46739860e-04   -7.10761740e-06
89       4.45000000e+00    7.50000000e-01    3.48500310e-04   -7.74975795e-06
90       4.50000000e+00    7.50000000e-01    3.50304808e-04   -8.41865864e-06
91       4.55000000e+00    7.50000000e-01    3.52154623e-04   -9.11500469e-06
92       4.60000000e+00    7.50000000e-01    3.54051044e-04   -9.83949209e-06
93       4.65000000e+00    7.50000000e-01    3.55995389e-04   -1.05928282e-05
94       4.70000000e+00    7.50000000e-01    3.57989002e-04   -1.13757324e-05
95       4.75000000e+00    7.50000000e-01    3.60033257e-04   -1.21889365e-05
96       4.80000000e+00    7.50000000e-01    3.62129557e-04   -1.30331860e-05
97       4.85000000e+00    7.50000000e-01    3.64279336e-04   -1.39092401e-05
98       4.90000000e+00    7.50000000e-01    3.66484062e-04   -1.48178730e-05
99       4.95000000e+00    7.50000000e-01    3.68745237e-04   -1.57598744e-05
100      5.00000000e+00    7.50000000e-01    3.71064399e-04   -1.67360507e-05
0        0.00000000e+00    8.00000000e-01   -2.69153971e-04    3.66031270e-04
1        5.00000000e-02    8.00000000e-01    5.23371816e-04    1.29412220e-04
2        1.00000000e-01    8.00000000e-01    9.36434126e-04    5.60254995e-05
3        1.50000000e-01    8.00000000e-01    1.10749811e-03    3.44493942e-05
4        2.00000000e-01    8.00000000e-01    1.17581280e-03    2.72692954e-05
5        2.50000000e-01    8.00000000e-01    1.20333409e-03    2.48179125e-05
6        3.00000000e-01    8.00000000e-01    1.21357530e-03    2.42178571e-05
7        3.50000000e-01    8.00000000e-01    1.21878448e-03    2.41248978e-05
8        4.00000000e-01    8.00000000e-01    1.22291309e-03    2.41229827e-05
9        4.50000000e-01    8.00000000e-01    1.22673891e-03    2.41353630e-05
10       5.00000000e-01    8.00000000e-01    1.23041041e-03    2.41502117e-05
11       5.50000000e-01    8.00000000e-01    1.23396964e-03    2.41657295e-05
12       6.00000000e-01    8.00000000e-01    1.23743743e-03    2.41816156e-05
13       6.50000000e-01    8.00000000e-01    1.24082797e-03    2.41977988e-05
14       7.00000000e-01    8.00000000e-01    1.24415201e-03    2.42142480e-05
15       7.50000000e-01    8.00000000e-01    1.24741807e-03    2.42309419e-05
16       8.00000000e-01    8.00000000e-01    1.25063306e-03    2.42478628e-05
17       8.50000000e-01    8.00000000e-01    1.25380268e-03    2.42649946e-05
18       9.00000000e-01    8.00000000e-01    1.25693172e-03    2.42823209e-05
19       9.50000000e-01    8.00000000e-01    1.26002424e-03    2.42998225e-05
20       1.00000000e+00    8.00000000e-01    1.26308374e-03    2.43174758e-05
21       1.05000000e+00    8.00000000e-01    1.26611327e-03    2.43352490e-05
22       1.10000000e+00    8.00000000e-01    1.26911551e-03    2.43530994e-05
23       1.15000000e+00    8.00000000e-01    1.27209289e-03    2.43709695e-05
24       1.20000000e+00    8.00000000e-01    1.27504759e-03    2.43887829e-05
25       1.25000000e+00    8.00000000e-01    1.27798162e-03    2.44064401e-05
26       1.30000000e+00    8.00000000e-01    1.28089687e-03    2.44238139e-05
27       1.35000000e+00    8.00000000e-01    1.28379512e-03    2.44407455e-05
28       1.40000000e+00    8.00000000e-01    1.28667812e-03    2.44570395e-05
29       1.45000000e+00    8.00000000e-01    1.28954756e-03    2.44724598e-05
30       1.50000000e+00    8.00000000e-01    1.29240514e-03    2.44867259e-05
31       1.55000000e+00    8.00000000e-01    1.29525255e-03    2.44995091e-05
32       1.60000000e+00    8.00000000e-01    1.29809155e-03    2.45104287e-05
33       1.65000000e+00    8.00000000e-01    1.30092391e-03    2.45190498e-05
34       1.70000000e+00    8.00000000e-01    1.30375151e-03    2.45248798e-05
35       1.75000000e+00    8.00000000e-01    1.30657626e-03    2.45273671e-05
36       1.80000000e+00    8.00000000e-01    1.30940019e-03    2.45258987e-05
37       1.85000000e+00    8.00000000e-01    1.31222541e-03    2.45197992e-05
38       1.90000000e+00    8.00000000e-01    1.31505415e-03    2.45083295e-05
39       1.95000000e+00    8.00000000e-01    1.31788875e-03    2.44906867e-05
40       2.00000000e+00    8.00000000e-01    1.32073165e-03    2.44660034e-05
41       2.05000000e+00    8.00000000e-01    1.32358543e-03    2.44333480e-05
42       2.10000000e+00    8.00000000e-01    1.32645279e-03    2.43917253e-05
43       2.15000000e+00    8.00000000e-01    1.32933654e-03    2.43400765e-05
44       2.20000000e+00    8.00000000e-01    1.33223965e-03    2.42772807e-05
45       2.25000000e+00    8.00000000e-01    1.33516519e-03    2.42021557e-05
46       2.30000000e+00    8.00000000e-01    1.33811638e-03    2.41134594e-05
47       2.35000000e+00    8.00000000e-01    1.34109656e-03    2.40098909e-05
48       2.40000000e+00    8.00000000e-01    1.34410919e-03    2.38900923e-05
49       2.45000000e+00    8.00000000e-01    1.34715786e-03    2.37526500e-05
50       2.50000000e+00    8.00000000e-01    1.35024632e-03    2.35960966e-05
51       2.55000000e+00    8.00000000e-01    1.35337839e-03    2.34189124e-05
52       2.60000000e+00    8.00000000e-01    1.35655805e-03    2.32195272e-05
53       2.65000000e+00    8.00000000e-01    1.35978939e-03    2.29963217e-05
54       2.70000000e+00    8.00000000e-01    1.36307663e-03    2.27476295e-05
55       2.75000000e+00    8.00000000e-01    1.36642409e-03    2.24717384e-05
56       2.80000000e+00    8.00000000e-01    1.36983622e-03    2.21668920e-05
57       2.85000000e+00    8.00000000e-01    1.37331759e-03    2.18312913e-05
58       2.90000000e+00    8.00000000e-01    1.37687286e-03    2.14630958e-05
59       2.95000000e+00    8.00000000e-01    1.38050682e-03    2.10604249e-05
60       3.00000000e+00    8.00000000e-01    1.38422438e-03    2.06213588e-05
61       3.05000000e+00    8.00000000e-01    1.38803055e-03    2.01439399e-05
62       3.10000000e+00    8.00000000e-01    1.39193043e-03    1.96261734e-05
63       3.15000000e+00    8.00000000e-01    1.39592928e-03    1.90660279e-05
64       3.20000000e+00    8.00000000e-01    1.40003242e-03    1.84614363e-05
65       3.25000000e+00    8.00000000e-01    1.40424530e-03    1.78102960e-05
66       3.30000000e+00    8.00000000e-01    1.40857350e-03    1.71104691e-05
67       3.35000000e+00    8.00000000e-01    1.41302268e-03    1.63597828e-05
68       3.40000000e+00    8.00000000e-01    1.41759864e-03    1.55560289e-05
69       3.45000000e+00    8.00000000e-01    1.42230729e-03    1.46969640e-05
70       3.50000000e+00    8.00000000e-01    1.42715465e-03    1.37803087e-05
71       3.55000000e+00    8.00000000e-01    1.43214687e-03    1.28037470e-05
72       3.60000000e+00    8.00000000e-01    1.43729022e-03    1.17649260e-05
73       3.65000000e+00    8.00000000e-01    1.44259111e-03    1.06614541e-05
74       3.70000000e+00    8.00000000e-01    1.44805607e-03    9.49090055e-06
75       3.75000000e+00    8.00000000e-01    1.45369178e-03    8.25079374e-06
76       3.80000000e+00    8.00000000e-01    1.45950505e-03    6.93861965e-06
77       3.85000000e+00    8.00000000e-01    1.46550285e-03    5.55182009e-06
78       3.90000000e+00    8.00000000e-01    1.47169230e-03    4.08779076e-06
79       3.95000000e+00    8.00000000e-01    1.47808069e-03    2.54387902e-06
80       4.00000000e+00    8.00000000e-01    1.48467548e-03    9.17381481e-07
81       4.05000000e+00    8.00000000e-01    1.49148430e-03   -7.94458628e-07
82       4.10000000e+00    8.00000000e-01    1.49851496e-03   -2.59445432e-06
83       4.15000000e+00    8.00000000e-01    1.50577549e-03   -4.48547793e-06
84       4.20000000e+00    8.00000000e-01    1.51327411e-03   -6.47046451e-06
85       4.25000000e+00    8.00000000e-01    1.52101927e-03   -8.55241536e-06
86       4.30000000e+00    8.00000000e-01    1.52901963e-03   -1.07344019e-05
87       4.35000000e+00    8.00000000e-01    1.53728411e-03   -1.30195699e-05
88       4.40000000e+00    8.00000000e-01    1.54582189e-03   -1.54111436e-05
89       4.45000000e+00    8.00000000e-01    1.55464239e-03   -1.79124307e-05
90       4.50000000e+00    8.00000000e-01    1.56375535e-03   -2.05268274e-05
91       4.55000000e+00    8.00000000e-01    1.57317079e-03   -2.32578233e-05
92       4.60000000e+00    8.00000000e-01    1.58289904e-03   -2.61090076e-05
93       4.65000000e+00    8.00000000e-01    1.59295079e-03   -2.90840747e-05
94       4.70000000e+00    8.00000000e-01    1.60333707e-03   -3.21868310e-05
95       4.75000000e+00    8.00000000e-01    1.61406930e-03   -3.54212012e-05
96       4.80000000e+00    8.00000000e-01    1.62515926e-03   -3.87912359e-05
97       4.85000000e+00    8.00000000e-01    1.63661920e-03   -4.23011192e-05
98       4.90000000e+00    8.00000000e-01    1.64846179e-03   -4.59551765e-05
99       4.95000000e+00    8.00000000e-01    1.66070016e-03   -4.97578835e-05
100      5.00000000e+00    8.00000000e-01    1.67334798e-03   -5.37138753e-05
0        0.00000000e+00    8.50000000e-01   -7.77451280e-04    1.25212320e-03
1        5.00000000e-02    8.50000000e-01    8.87714358e-04    6.80213774e-04
2        1.00000000e-01    8.50000000e-01    2.13097947e-03    3.81268707e-04
3        1.50000000e-01    8.50000000e-01    2.87411244e-03    2.48554150e-04
4        2.00000000e-01    8.50000000e-01    3.24936792e-03    1.93394208e-04
5        2.50000000e-01    8.50000000e-01    3.44880491e-03    1.67372970e-04
6        3.00000000e-01    8.50000000e-01    3.58151590e-03    1.51435968e-04
7        3.50000000e-01    8.50000000e-01    3.68151420e-03    1.40246002e-04
8        4.00000000e-01    8.50000000e-01    3.75316136e-03    1.32869333e-04
9        4.50000000e-01    8.50000000e-01    3.79707686e-03    1.28986166e-04
10       5.00000000e-01    8.50000000e-01    3.81969357e-03    1.27698107e-04
11       5.50000000e-01    8.50000000e-01    3.83249752e-03    1.27575109e-04
12       6.00000000e-01    8.50000000e-01    3.84265664e-03    1.27739025e-04
13       6.50000000e-01    8.50000000e-01    3.85215300e-03    1.27955275e-04
14       7.00000000e-01    8.50000000e-01    3.86138162e-03    1.28182808e-04
15       7.50000000e-01    8.50000000e-01    3.87043873e-03    1.28414928e-04
16       8.00000000e-01    8.50000000e-01    3.87936405e-03    1.28650350e-04
17       8.50000000e-01    8.50000000e-01    3.88818231e-03    1.28888681e-04
18       9.00000000e-01    8.50000000e-01    3.89691162e-03    1.29129706e-04
19       9.50000000e-01    8.50000000e-01    3.90556610e-03    1.29373274e-04
20       1.00000000e+00    8.50000000e-01    3.91415708e-03    1.29619265e-04
21       1.05000000e+00    8.50000000e-01    3.92269382e-03    1.29867580e-04
22       1.10000000e+00    8.50000000e-01    3.93118406e-03    1.30118131e-04
23       1.15000000e+00    8.50000000e-01    3.93963435e-03    1.30370836e-04
24       1.20000000e+00    8.50000000e-01    3.94805033e-03    1.30625613e-04
25       1.25000000e+00    8.50000000e-01    3.95643694e-03    1.30882368e-04
26       1.30000000e+00    8.50000000e-01    3.96479859e-03    1.31140985e-04
27       1.35000000e+00    8.50000000e-01    3.97313928e-03    1.31401321e-04
28       1.40000000e+00    8.50000000e-01    3.98146273e-03    1.31663191e-04
29       1.45000000e+00    8.50000000e-01    3.98977247e-03    1.31926359e-04
30       1.50000000e+00    8.50000000e-01    3.99807195e-03    1.32190521e-04
31       1.55000000e+00    8.50000000e-01    4.00636463e-03    1.32455298e-04
32       1.60000000e+00    8.50000000e-01    4.01465400e-03    1.32720220e-04
33       1.65000000e+00    8.50000000e-01    4.02294372e-03    1.32984717e-04
34       1.70000000e+00    8.50000000e-01    4.03123762e-03    1.33248103e-04
35       1.75000000e+00    8.50000000e-01    4.03953982e-03    1.33509569e-04
36       1.80000000e+00    8.50000000e-01    4.04785471e-03    1.33768171e-04
37       1.85000000e+00    8.50000000e-01    4.05618706e-03    1.34022823e-04
38       1.90000000e+00    8.50000000e-01    4.06454202e-03    1.34272286e-04
39       1.95000000e+00    8.50000000e-01    4.07292518e-03    1.34515164e-04
40       2.00000000e+00    8.50000000e-01    4.08134259e-03    1.34749896e-04
41       2.05000000e+00    8.50000000e-01    4.08980079e-03    1.34974754e-04
42       2.10000000e+00    8.50000000e-01    4.09830685e-03    1.35187840e-04
43       2.15000000e+00    8.50000000e-01    4.10686835e-03    1.35387079e-04
44       2.20000000e+00    8.50000000e-01    4.11549343e-03    1.35570224e-04
45       2.25000000e+00    8.50000000e-01    4.12419080e-03    1.35734853e-04
46       2.30000000e+00    8.50000000e-01    4.13296973e-03    1.35878369e-04
47       2.35000000e+00    8.50000000e-01    4.14184006e-03    1.35998004e-04
48       2.40000000e+00    8.50000000e-01    4.15081223e-03    1.36090820e-04
49       2.45000000e+00    8.50000000e-01    4.15989724e-03    1.36153709e-04
50       2.50000000e+00    8.50000000e-01    4.16910667e-03    1.36183403e-04
51       2.55000000e+00    8.50000000e-01    4.17845269e-03    1.36176473e-04
52       2.60000000e+00    8.50000000e-01    4.18794803e-03    1.36129335e-04
53       2.65000000e+00    8.50000000e-01    4.19760598e-03    1.36038252e-04
54       2.70000000e+00    8.50000000e-01    4.20744041e-03    1.35899345e-04
55       2.75000000e+00    8.50000000e-01    4.21746573e-03    1.35708593e-04
56       2.80000000e+00    8.50000000e-01    4.22769688e-03    1.35461837e-04
57       2.85000000e+00    8.50000000e-01    4.23814936e-03    1.35154789e-04
58       2.90000000e+00    8.50000000e-01    4.24883919e-03    1.34783036e-04
59       2.95000000e+00    8.50000000e-01    4.25978291e-03    1.34342044e-04
60       3.00000000e+00    8.50000000e-01    4.27099757e-03    1.33827160e-04
61       3.05000000e+00    8.50000000e-01    4.28250074e-03    1.33233622e-04
62       3.10000000e+00    8.50000000e-01    4.29431047e-03    1.32556561e-04
63       3.15000000e+00    8.50000000e-01    4.30644532e-03    1.31791001e-04
64       3.20000000e+00    8.50000000e-01    4.31892436e-03    1.30931871e-04
65       3.25000000e+00    8.50000000e-01    4.33176711e-03    1.29973997e-04
66       3.30000000e+00    8.50000000e-01    4.34499361e-03    1.28912117e-04
67       3.35000000e+00    8.50000000e-01    4.35862436e-03    1.27740874e-04
68       3.40000000e+00    8.50000000e-01    4.37268039e-03    1.26454821e-04
69       3.45000000e+00    8.50000000e-01    4.38718317e-03    1.25048425e-04
70       3.50000000e+00    8.50000000e-01    4.40215470e-03    1.23516065e-04
71       3.55000000e+00    8.50000000e-01    4.41761748e-03    1.21852034e-04
72       3.60000000e+00    8.50000000e-01    4.43359450e-03    1.20050538e-04
73       3.65000000e+00    8.50000000e-01    4.45010929e-03    1.18105698e-04
74       3.70000000e+00    8.50000000e-01    4.46718589e-03    1.16011545e-04
75       3.75000000e+00    8.50000000e-01    4.48484889e-03    1.13762025e-04
76       3.80000000e+00    8.50000000e-01    4.50312346e-03    1.11350991e-04
77       3.85000000e+00    8.50000000e-01    4.52203532e-03    1.08772203e-04
78       3.90000000e+00    8.50000000e-01    4.54161079e-03    1.06019327e-04
79       3.95000000e+00    8.50000000e-01    4.56187681e-03    1.03085931e-04
80       4.00000000e+00    8.50000000e-01    4.58286098e-03    9.99654767e-05
81       4.05000000e+00    8.50000000e-01    4.60459154e-03    9.66513236e-05
82       4.10000000e+00    8.50000000e-01    4.62709745e-03    9.31367179e-05
83       4.15000000e+00    8.50000000e-01    4.65040837e-03    8.94147886e-05
84       4.20000000e+00    8.50000000e-01    4.67455474e-03    8.54785442e-05
85       4.25000000e+00    8.50000000e-01    4.69956780e-03    8.13208645e-05
86       4.30000000e+00    8.50000000e-01    4.72547960e-03    7.69344952e-05
87       4.35000000e+00    8.50000000e-01    4.75232308e-03    7.23120402e-05
88       4.40000000e+00    8.50000000e-01    4.78013210e-03    6.74459554e-05
89       4.45000000e+00    8.50000000e-01    4.80894148e-03    6.23285398e-05
90       4.50000000e+00    8.50000000e-01    4.83878705e-03    5.69519283e-05
91       4.55000000e+00    8.50000000e-01    4.86970570e-03    5.13080829e-05
92       4.60000000e+00    8.50000000e-01    4.90173544e-03    4.53887838e-05
93       4.65000000e+00    8.50000000e-01    4.93491545e-03    3.91856203e-05
94       4.70000000e+00    8.50000000e-01    4.96928616e-03    3.26899813e-05
95       4.75000000e+00    8.50000000e-01    5.00488928e-03    2.58930454e-05
96       4.80000000e+00    8.50000000e-01    5.04176789e-03    1.87857706e-05
97       4.85000000e+00    8.50000000e-01    5.07996652e-03    1.13588843e-05
98       4.90000000e+00    8.50000000e-01    5.11953117e-03    3.60287233e-06
99       4.95000000e+00    8.50000000e-01    5.16050946e-03   -4.49203163e-06
100      5.00000000e+00    8.50000000e-01    5.20295066e-03   -1.29358573e-05
0        0.00000000e+00    9.00000000e-01   -1.51653183e-03    2.91224927e-03
1        5.00000000e-02    9.00000000e-01    8.72567386e-04    2.11091602e-03
2        1.00000000e-01    9.00000000e-01    3.03257508e-03    1.52618277e-03
3        1.50000000e-01    9.00000000e-01    4.77588340e-03    1.13281495e-03
4        2.00000000e-01    9.00000000e-01    5.97106712e-03    8.98971330e-04
5        2.50000000e-01    9.00000000e-01    6.66767144e-03    7.76166632e-04
6        3.00000000e-01    9.00000000e-01    7.05779649e-03    7.12712929e-04
7        3.50000000e-01    9.00000000e-01    7.31396685e-03    6.73766751e-04
8        4.00000000e-01    9.00000000e-01    7.52502410e-03    6.43226015e-04
9        4.50000000e-01    9.00000000e-01    7.71840481e-03    6.16276032e-04
10       5.00000000e-01    9.00000000e-01    7.89857498e-03    5.92046078e-04
11       5.50000000e-01    9.00000000e-01    8.06490748e-03    5.70505473e-04
12       6.00000000e-01    9.00000000e-01    8.21575905e-03    5.51782140e-04
13       6.50000000e-01    9.00000000e-01    8.34917597e-03    5.36049664e-04
14       7.00000000e-01    9.00000000e-01    8.46308326e-03    5.23501773e-04
15       7.50000000e-01    9.00000000e-01    8.55554153e-03    5.14320784e-04
16       8.00000000e-01    9.00000000e-01    8.62536404e-03    5.08596601e-04
17       8.50000000e-01    9.00000000e-01    8.67351988e-03    5.06129690e-04
18       9.00000000e-01    9.00000000e-01    8.70533893e-03    5.06109260e-04
19       9.50000000e-01    9.00000000e-01    8.72935958e-03    5.07250033e-04
20       1.00000000e+00    9.00000000e-01    8.75111982e-03    5.08712682e-04
21       1.05000000e+00    9.00000000e-01    8.77229158e-03    5.10250827e-04
22       1.10000000e+00    9.00000000e-01    8.79323962e-03    5.11816937e-04
23       1.15000000e+00    9.00000000e-01    8.81406054e-03    5.13402046e-04
24       1.20000000e+00    9.00000000e-01    8.83479625e-03    5.15003875e-04
25       1.25000000e+00    9.00000000e-01    8.85547320e-03    5.16621448e-04
26       1.30000000e+00    9.00000000e-01    8.87611087e-03    5.18254150e-04
27       1.35000000e+00    9.00000000e-01    8.89672450e-03    5.19901538e-04
28       1.40000000e+00    9.00000000e-01    8.91732639e-03    5.21563275e-04
29       1.45000000e+00    9.00000000e-01    8.93792670e-03    5.23239097e-04
30       1.50000000e+00    9.00000000e-01    8.95853395e-03    5.24928793e-04
31       1.55000000e+00    9.00000000e-01    8.97915548e-03    5.26632184e-04
32       1.60000000e+00    9.00000000e-01    8.99979768e-03    5.28349110e-04
33       1.65000000e+00    9.00000000e-01    9.02046629e-03    5.30079407e-04
34       1.70000000e+00    9.00000000e-01    9.04116655e-03    5.31822895e-04
35       1.75000000e+00    9.00000000e-01    9.06190343e-03    5.33579359e-04
36       1.80000000e+00    9.00000000e-01    9.08268172e-03    5.35348523e-04
37       1.85000000e+00    9.00000000e-01    9.10350624e-03    5.37130038e-04
38       1.90000000e+00    9.00000000e-01    9.12438195e-03    5.38923452e-04
39       1.95000000e+00    9.00000000e-01    9.14531411e-03    5.40728195e-04
40       2.00000000e+00    9.00000000e-01    9.16630838e-03    5.42543554e-04
41       2.05000000e+00    9.00000000e-01    9.18737093e-03    5.44368650e-04
42       2.10000000e+00    9.00000000e-01    9.20850863e-03    5.46202423e-04
43       2.15000000e+00    9.00000000e-01    9.22972906e-03    5.48043609e-04
44       2.20000000e+00    9.00000000e-01    9.25104069e-03    5.49890723e-04
45       2.25000000e+00    9.00000000e-01    9.27245294e-03    5.51742044e-04
46       2.30000000e+00    9.00000000e-01    9.29397625e-03    5.53595602e-04
47       2.35000000e+00    9.00000000e-01    9.31562222e-03    5.55449167e-04
48       2.40000000e+00    9.00000000e-01    9.33740358e-03    5.57300236e-04
49       2.45000000e+00    9.00000000e-01    9.35933435e-03    5.59146031e-04
50       2.50000000e+00    9.00000000e-01    9.38142982e-03    5.60983491e-04
51       2.55000000e+00    9.00000000e-01    9.40370662e-03    5.62809268e-04
52       2.60000000e+00    9.00000000e-01    9.42618275e-03    5.64619732e-04
53       2.65000000e+00    9.00000000e-01    9.44887760e-03    5.66410964e-04
54       2.70000000e+00    9.00000000e-01    9.47181197e-03    5.68178768e-04
55       2.75000000e+00    9.00000000e-01    9.49500809e-03    5.69918669e-04
56       2.80000000e+00    9.00000000e-01    9.51848961e-03    5.71625922e-04
57       2.85000000e+00    9.00000000e-01    9.54228157e-03    5.73295522e-04
58       2.90000000e+00    9.00000000e-01    9.56641047e-03    5.74922208e-04
59       2.95000000e+00    9.00000000e-01    9.59090418e-03    5.76500479e-04
60       3.00000000e+00    9.00000000e-01    9.61579194e-03    5.78024602e-04
61       3.05000000e+00    9.00000000e-01    9.64110436e-03    5.79488622e-04
62       3.10000000e+00    9.00000000e-01    9.66687338e-03    5.80886382e-04
63       3.15000000e+00    9.00000000e-01    9.69313223e-03    5.82211529e-04
64       3.20000000e+00    9.00000000e-01    9.71991542e-03    5.83457530e-04
65       3.25000000e+00    9.00000000e-01    9.74725870e-03    5.84617689e-04
66       3.30000000e+00    9.00000000e-01    9.77519899e-03    5.85685157e-04
67       3.35000000e+00    9.00000000e-01    9.80377441e-03    5.86652950e-04
68       3.40000000e+00    9.00000000e-01    9.83302418e-03    5.87513959e-04
69       3.45000000e+00    9.00000000e-01    9.86298863e-03    5.88260970e-04
70       3.50000000e+00    9.00000000e-01    9.89370913e-03    5.88886674e-04
71       3.55000000e+00    9.00000000e-01    9.92522808e-03    5.89383680e-04
72       3.60000000e+00    9.00000000e-01    9.95758884e-03    5.89744534e-04
73       3.65000000e+00    9.00000000e-01    9.99083574e-03    5.89961727e-04
74       3.70000000e+00    9.00000000e-01    1.00250140e-02    5.90027709e-04
75       3.75000000e+00    9.00000000e-01    1.00601698e-02    5.89934903e-04
76       3.80000000e+00    9.00000000e-01    1.00963500e-02    5.89675719e-04
77       3.85000000e+00    9.00000000e-01    1.01336024e-02    5.89242559e-04
78       3.90000000e+00    9.00000000e-01    1.01719756e-02    5.88627835e-04
79       3.95000000e+00    9.00000000e-01    1.02115189e-02    5.87823978e-04
80       4.00000000e+00    9.00000000e-01    1.02522825e-02    5.86823447e-04
81       4.05000000e+00    9.00000000e-01    1.02943170e-02    5.85618739e-04
82       4.10000000e+00    9.00000000e-01    1.03376741e-02    5.84202401e-04
83       4.15000000e+00    9.00000000e-01    1.03824059e-02    5.82567039e-04
84       4.20000000e+00    9.00000000e-01    1.04285652e-02    5.80705326e-04
85       4.25000000e+00    9.00000000e-01    1.04762055e-02    5.78610009e-04
86       4.30000000e+00    9.00000000e-01    1.05253810e-02    5.76273924e-04
87       4.35000000e+00    9.00000000e-01    1.05761463e-02    5.73689998e-04
88       4.40000000e+00    9.00000000e-01    1.06285568e-02    5.70851262e-04
89       4.45000000e+00    9.00000000e-01    1.06826684e-02    5.67750855e-04
90       4.50000000e+00    9.00000000e-01    1.07385377e-02    5.64382038e-04
91       4.55000000e+00    9.00000000e-01    1.07962216e-02    5.60738200e-04
92       4.60000000e+00    9.00000000e-01    1.08557779e-02    5.56812865e-04
93       4.65000000e+00    9.00000000e-01    1.09172646e-02    5.52599703e-04
94       4.70000000e+00    9.00000000e-01    1.09807404e-02    5.48092542e-04
95       4.75000000e+00    9.00000000e-01    1.10462645e-02    5.43285372e-04
96       4.80000000e+00    9.00000000e-01    1.11138967e-02    5.38172359e-04
97       4.85000000e+00    9.00000000e-01    1.11836969e-02    5.32747857e-04
98       4.90000000e+00    9.00000000e-01    1.12557258e-02    5.27006416e-04
99       4.95000000e+00    9.00000000e-01    1.13300445e-02    5.20942797e-04
100      5.00000000e+00    9.00000000e-01    1.14067142e-02    5.14551981e-04
0        0.00000000e+00    9.50000000e-01   -2.33537992e-03    5.22620612e-03
1        5.00000000e-02    9.50000000e-01    5.06661660e-04    4.35342580e-03
2        1.00000000e-01    9.50000000e-01    3.24201050e-03    3.62615758e-03
3        1.50000000e-01    9.50000000e-01    5.75020513e-03    3.03398434e-03
4        2.00000000e-01    9.50000000e-01    7.88415111e-03    2.57670872e-03
5        2.50000000e-01    9.50000000e-01    9.50328379e-03    2.25581428e-03
6        3.00000000e-01    9.50000000e-01    1.05682029e-02    2.05800047e-03
7        3.50000000e-01    9.50000000e-01    1.12004507e-02    1.94773639e-03
8        4.00000000e-01    9.50000000e-01    1.15914411e-02    1.88422099e-03
9        4.50000000e-01    9.50000000e-01    1.18861195e-02    1.83928421e-03
10       5.00000000e-01    9.50000000e-01    1.21521121e-02    1.80026367e-03
11       5.50000000e-01    9.50000000e-01    1.24083440e-02    1.76365583e-03
12       6.00000000e-01    9.50000000e-01    1.26582431e-02    1.72879997e-03
13       6.50000000e-01    9.50000000e-01    1.29020839e-02    1.69560440e-03
14       7.00000000e-01    9.50000000e-01    1.31395771e-02    1.66407687e-03
15       7.50000000e-01    9.50000000e-01    1.33702933e-02    1.63424861e-03
16       8.00000000e-01    9.50000000e-01    1.35937552e-02    1.60615755e-03
17       8.50000000e-01    9.50000000e-01    1.38094262e-02    1.57985023e-03
18       9.00000000e-01    9.50000000e-01    1.40166982e-02    1.55538374e-03
19       9.50000000e-01    9.50000000e-01    1.42149191e-02    1.53282045e-03
20       1.00000000e+00    9.50000000e-01    1.44033303e-02    1.51223887e-03
21       1.05000000e+00    9.50000000e-01    1.45810890e-02    1.49372922e-03
22       1.10000000e+00    9.50000000e-01    1.47472503e-02    1.47739637e-03
23       1.15000000e+00    9.50000000e-01    1.49007618e-02    1.46336076e-03
24       1.20000000e+00    9.50000000e-01    1.50404667e-02    1.45175799e-03
25       1.25000000e+00    9.50000000e-01    1.51651328e-02    1.44273502e-03
26       1.30000000e+00    9.50000000e-01    1.52735338e-02    1.43643852e-03
27       1.35000000e+00    9.50000000e-01    1.53646553e-02    1.43298530e-03
28       1.40000000e+00    9.50000000e-01    1.54381679e-02    1.43239206e-03
29       1.45000000e+00    9.50000000e-01    1.54954069e-02    1.43442541e-03
30       1.50000000e+00    9.50000000e-01    1.55407129e-02    1.43839449e-03
31       1.55000000e+00    9.50000000e-01    1.55802748e-02    1.44331190e-03
32       1.60000000e+00    9.50000000e-01    1.56180761e-02    1.44853739e-03
33       1.65000000e+00    9.50000000e-01    1.56554118e-02    1.45386790e-03
34       1.70000000e+00    9.50000000e-01    1.56925977e-02    1.45925864e-03
35       1.75000000e+00    9.50000000e-01    1.57297252e-02    1.46469942e-03
36       1.80000000e+00    9.50000000e-01    1.57668353e-02    1.47018700e-03
37       1.85000000e+00    9.50000000e-01    1.58039539e-02    1.47571977e-03
38       1.90000000e+00    9.50000000e-01    1.58411000e-02    1.48129670e-03
39       1.95000000e+00    9.50000000e-01    1.58782889e-02    1.48691707e-03
40       2.00000000e+00    9.50000000e-01    1.59155325e-02    1.49258033e-03
41       2.05000000e+00    9.50000000e-01    1.59528412e-02    1.49828612e-03
42       2.10000000e+00    9.50000000e-01    1.59902235e-02    1.50403413e-03
43       2.15000000e+00    9.50000000e-01    1.60276869e-02    1.50982417e-03
44       2.20000000e+00    9.50000000e-01    1.60652379e-02    1.51565607e-03
45       2.25000000e+00    9.50000000e-01    1.61028826e-02    1.52152971e-03
46       2.30000000e+00    9.50000000e-01    1.61406264e-02    1.52744496e-03
47       2.35000000e+00    9.50000000e-01    1.61784747e-02    1.53340168e-03
48       2.40000000e+00    9.50000000e-01    1.62164328e-02    1.53939967e-03
49       2.45000000e+00    9.50000000e-01    1.62545062e-02    1.54543868e-03
50       2.50000000e+00    9.50000000e-01    1.62927007e-02    1.55151836e-03
51       2.55000000e+00    9.50000000e-01    1.63310225e-02    1.55763826e-03
52       2.60000000e+00    9.50000000e-01    1.63694785e-02    1.56379778e-03
53       2.65000000e+00    9.50000000e-01    1.64080764e-02    1.56999614e-03
54       2.70000000e+00    9.50000000e-01    1.64468249e-02    1.57623241e-03
55       2.75000000e+00    9.50000000e-01    1.64857339e-02    1.58250541e-03
56       2.80000000e+00    9.50000000e-01    1.65248143e-02    1.58881378e-03
57       2.85000000e+00    9.50000000e-01    1.65640787e-02    1.59515587e-03
58       2.90000000e+00    9.50000000e-01    1.66035409e-02    1.60152981e-03
59       2.95000000e+00    9.50000000e-01    1.66432166e-02    1.60793345e-03
60       3.00000000e+00    9.50000000e-01    1.66831231e-02    1.61436435e-03
61       3.05000000e+00    9.50000000e-01    1.67232795e-02    1.62081979e-03
62       3.10000000e+00    9.50000000e-01    1.67637067e-02    1.62729678e-03
63       3.15000000e+00    9.50000000e-01    1.68044277e-02    1.63379201e-03
64       3.20000000e+00    9.50000000e-01    1.68454673e-02    1.64030191e-03
65       3.25000000e+00    9.50000000e-01    1.68868524e-02    1.64682262e-03
66       3.30000000e+00    9.50000000e-01    1.69286119e-02    1.65334999e-03
67       3.35000000e+00    9.50000000e-01    1.69707767e-02    1.65987962e-03
68       3.40000000e+00    9.50000000e-01    1.70133796e-02    1.66640687e-03
69       3.45000000e+00    9.50000000e-01    1.70564557e-02    1.67292682e-03
70       3.50000000e+00    9.50000000e-01    1.71000416e-02    1.67943436e-03
71       3.55000000e+00    9.50000000e-01    1.71441763e-02    1.68592417e-03
72       3.60000000e+00    9.50000000e-01    1.71889002e-02    1.69239073e-03
73       3.65000000e+00    9.50000000e-01    1.72342559e-02    1.69882836e-03
74       3.70000000e+00    9.50000000e-01    1.72802873e-02    1.70523124e-03
75       3.75000000e+00    9.50000000e-01    1.73270403e-02    1.71159343e-03
76       3.80000000e+00    9.50000000e-01    1.73745621e-02    1.71790889e-03
77       3.85000000e+00    9.50000000e-01    1.74229016e-02    1.72417149e-03
78       3.90000000e+00    9.50000000e-01    1.74721087e-02    1.73037508e-03
79       3.95000000e+00    9.50000000e-01    1.75222348e-02    1.73651346e-03
80       4.00000000e+00    9.50000000e-01    1.75733325e-02    1.74258044e-03
81       4.05000000e+00    9.50000000e-01    1.76254552e-02    1.74856988e-03
82       4.10000000e+00    9.50000000e-01    1.76786574e-02    1.75447565e-03
83       4.15000000e+00    9.50000000e-01    1.77329942e-02    1.76029173e-03
84       4.20000000e+00    9.50000000e-01    1.77885215e-02    1.76601219e-03
85       4.25000000e+00    9.50000000e-01    1.78452959e-02    1.77163122e-03
86       4.30000000e+00    9.50000000e-01    1.79033740e-02    1.77714316e-03
87       4.35000000e+00    9.50000000e-01    1.79628132e-02    1.78254255e-03
88       4.40000000e+00    9.50000000e-01    1.80236707e-02    1.78782407e-03
89       4.45000000e+00    9.50000000e-01    1.80860040e-02    1.79298267e-03
90       4.50000000e+00    9.50000000e-01    1.81498705e-02    1.79801350e-03
91       4.55000000e+00    9.50000000e-01    1.82153273e-02    1.80291199e-03
92       4.60000000e+00    9.50000000e-01    1.82824314e-02    1.80767384e-03
93       4.65000000e+00    9.50000000e-01    1.83512393e-02    1.81229502e-03
94       4.70000000e+00    9.50000000e-01    1.84218070e-02    1.81677184e-03
95       4.75000000e+00    9.50000000e-01    1.84941900e-02    1.82110092e-03
96       4.80000000e+00    9.50000000e-01    1.85684429e-02    1.82527924e-03
97       4.85000000e+00    9.50000000e-01    1.86446195e-02    1.82930411e-03
98       4.90000000e+00    9.50000000e-01    1.87227727e-02    1.83317323e-03
99       4.95000000e+00    9.50000000e-01    1.88029545e-02    1.83688467e-03
100      5.00000000e+00    9.50000000e-01    1.88852155e-02    1.84043689e-03
0        0.00000000e+00    1.00000000e+00   -3.16265994e-03    8.00577282e-03
1        5.00000000e-02    1.00000000e+00   -3.85413386e-05    7.12877321e-03
2        1.00000000e-01    1.00000000e+00    3.02807293e-03    6.35403995e-03
3        1.50000000e-01    1.00000000e+00    5.96406693e-03    5.67401545e-03
4        2.00000000e-01    1.00000000e+00    8.67484743e-03    5.08985197e-03
5        2.50000000e-01    1.00000000e+00    1.10377626e-02    4.61049083e-03
6        3.00000000e-01    1.00000000e+00    1.29186850e-02    4.24812894e-03
7        3.50000000e-01    1.00000000e+00    1.42405611e-02    4.00549576e-03
8        4.00000000e-01    1.00000000e+00    1.50661278e-02    3.86222093e-03
9        4.50000000e-01    1.00000000e+00    1.55700616e-02    3.78123010e-03
10       5.00000000e-01    1.00000000e+00    1.59233040e-02    3.72916397e-03
11       5.50000000e-01    1.00000000e+00    1.62267927e-02    3.68695978e-03
12       6.00000000e-01    1.00000000e+00    1.65169834e-02    3.64783610e-03
13       6.50000000e-01    1.00000000e+00    1.68022031e-02    3.61024487e-03
14       7.00000000e-01    1.00000000e+00    1.70838974e-02    3.57390435e-03
15       7.50000000e-01    1.00000000e+00    1.73622433e-02    3.53876364e-03
16       8.00000000e-01    1.00000000e+00    1.76371995e-02    3.50481131e-03
17       8.50000000e-01    1.00000000e+00    1.79086861e-02    3.47204283e-03
18       9.00000000e-01    1.00000000e+00    1.81766138e-02    3.44045523e-03
19       9.50000000e-01    1.00000000e+00    1.84408881e-02    3.41004651e-03
20       1.00000000e+00    1.00000000e+00    1.87014080e-02    3.38081563e-03
21       1.05000000e+00    1.00000000e+00    1.89580653e-02    3.35276272e-03
22       1.10000000e+00    1.00000000e+00    1.92107430e-02    3.32588925e-03
23       1.15000000e+00    1.00000000e+00    1.94593141e-02    3.30019823e-03
24       1.20000000e+00    1.00000000e+00    1.97036396e-02    3.27569441e-03
25       1.25000000e+00    1.00000000e+00    1.99435673e-02    3.25238449e-03
26       1.30000000e+00    1.00000000e+00    2.01789293e-02    3.23027741e-03
27       1.35000000e+00    1.00000000e+00    2.04095400e-02    3.20938459e-03
28       1.40000000e+00    1.00000000e+00    2.06351935e-02    3.18972032e-03
29       1.45000000e+00    1.00000000e+00    2.08556607e-02    3.17130206e-03
30       1.50000000e+00    1.00000000e+00    2.10706857e-02    3.15415091e-03
31       1.55000000e+00    1.00000000e+00    2.12799818e-02    3.13829215e-03
32       1.60000000e+00    1.00000000e+00    2.14832273e-02    3.12375575e-03
33       1.65000000e+00    1.00000000e+00    2.16800595e-02    3.11057708e-03
34       1.70000000e+00    1.00000000e+00    2.18700694e-02    3.09879770e-03
35       1.75000000e+00    1.00000000e+00    2.20527944e-02    3.08846616e-03
36       1.80000000e+00    1.00000000e+00    2.22276988e-02    3.07964089e-03
37       1.85000000e+00    1.00000000e+00    2.23942110e-02    3.07238411e-03
38       1.90000000e+00    1.00000000e+00    2.25516524e-02    3.06677270e-03
39       1.95000000e+00    1.00000000e+00    2.26992734e-02    3.06289240e-03
40       2.00000000e+00    1.00000000e+00    2.28362451e-02    3.06083890e-03
41       2.05000000e+00    1.00000000e+00    2.29616776e-02    3.06071525e-03
42       2.10000000e+00    1.00000000e+00    2.30746714e-02    3.06262451e-03
43       2.15000000e+00    1.00000000e+00    2.31744430e-02    3.06665214e-03
44       2.20000000e+00    1.00000000e+00    2.32606011e-02    3.07282714e-03
45       2.25000000e+00    1.00000000e+00    2.33336933e-02    3.08104384e-03
46       2.30000000e+00    1.00000000e+00    2.33960799e-02    3.09093857e-03
47       2.35000000e+00    1.00000000e+00    2.34520075e-02    3.10187584e-03
48       2.40000000e+00    1.00000000e+00    2.35053435e-02    3.11327505e-03
49       2.45000000e+00    1.00000000e+00    2.35579083e-02    3.12486465e-03
50       2.50000000e+00    1.00000000e+00    2.36102560e-02    3.13656530e-03
51       2.55000000e+00    1.00000000e+00    2.36625453e-02    3.14835655e-03
52       2.60000000e+00    1.00000000e+00    2.37148350e-02    3.16023219e-03
53       2.65000000e+00    1.00000000e+00    2.37671566e-02    3.17218954e-03
54       2.70000000e+00    1.00000000e+00    2.38195312e-02    3.18422708e-03
55       2.75000000e+00    1.00000000e+00    2.38719751e-02    3.19634378e-03
56       2.80000000e+00    1.00000000e+00    2.39245014e-02    3.20853891e-03
57       2.85000000e+00    1.00000000e+00    2.39771206e-02    3.22081198e-03
58       2.90000000e+00    1.00000000e+00    2.40298417e-02    3.23316263e-03
59       2.95000000e+00    1.00000000e+00    2.40826725e-02    3.24559064e-03
60       3.00000000e+00    1.00000000e+00    2.41356196e-02    3.25809587e-03
61       3.05000000e+00    1.00000000e+00    2.41886891e-02    3.27067825e-03
62       3.10000000e+00    1.00000000e+00    2.42418864e-02    3.28333774e-03
63       3.15000000e+00    1.00000000e+00    2.42952167e-02    3.29607434e-03
64       3.20000000e+00    1.00000000e+00    2.43486850e-02    3.30888803e-03
65       3.25000000e+00    1.00000000e+00    2.44022961e-02    3.32177878e-03
66       3.30000000e+00    1.00000000e+00    2.44560554e-02    3.33474654e-03
67       3.35000000e+00    1.00000000e+00    2.45099683e-02    3.34779117e-03
68       3.40000000e+00    1.00000000e+00    2.45640407e-02    3.36091247e-03
69       3.45000000e+00    1.00000000e+00    2.46182793e-02    3.37411014e-03
70       3.50000000e+00    1.00000000e+00    2.46726915e-02    3.38738376e-03
71       3.55000000e+00    1.00000000e+00    2.47272857e-02    3.40073278e-03
72       3.60000000e+00    1.00000000e+00    2.47820714e-02    3.41415651e-03
73       3.65000000e+00    1.00000000e+00    2.48370594e-02    3.42765407e-03
74       3.70000000e+00    1.00000000e+00    2.48922617e-02    3.44122443e-03
75       3.75000000e+00    1.00000000e+00    2.49476919e-02    3.45486637e-03
76       3.80000000e+00    1.00000000e+00    2.50033652e-02    3.46857846e-03
77       3.85000000e+00    1.00000000e+00    2.50592985e-02    3.48235909e-03
78       3.90000000e+00    1.00000000e+00    2.51155105e-02    3.49620645e-03
79       3.95000000e+00    1.00000000e+00    2.51720217e-02    3.51011849e-03
80       4.00000000e+00    1.00000000e+00    2.52288545e-02    3.52409301e-03
81       4.05000000e+00    1.00000000e+00    2.52860331e-02    3.53812758e-03
82       4.10000000e+00    1.00000000e+00    2.53435839e-02    3.55221958e-03
83       4.15000000e+00    1.00000000e+00    2.54015352e-02    3.56636622e-03
84       4.20000000e+00    1.00000000e+00    2.54599169e-02    3.58056453e-03
85       4.25000000e+00    1.00000000e+00    2.55187614e-02    3.59481139e-03
86       4.30000000e+00    1.00000000e+00    2.55781024e-02    3.60910354e-03
87       4.35000000e+00    1.00000000e+00    2.56379759e-02    3.62343757e-03
88       4.40000000e+00    1.00000000e+00    2.56984194e-02    3.63781001e-03
89       4.45000000e+00    1.00000000e+00    2.57594720e-02    3.65221725e-03
90       4.50000000e+00    1.00000000e+00    2.58211747e-02    3.66665564e-03
91       4.55000000e+00    1.00000000e+00    2.58835695e-02    3.68112150e-03
92       4.60000000e+00    1.00000000e+00    2.59467002e-02    3.69561111e-03
93       4.65000000e+00    1.00000000e+00    2.60106115e-02    3.71012076e-03
94       4.70000000e+00    1.00000000e+00    2.60753494e-02    3.72464675e-03
95       4.75000000e+00    1.00000000e+00    2.61409608e-02    3.73918547e-03
96       4.80000000e+00    1.00000000e+00    2.62074931e-02    3.75373335e-03
97       4.85000000e+00    1.00000000e+00    2.62749948e-02    3.76828694e-03
98       4.90000000e+00    1.00000000e+00    2.63435145e-02    3.78284292e-03
99       4.95000000e+00    1.00000000e+00    2.64131013e-02    3.79739810e-03
100      5.00000000e+00    1.00000000e+00    2.64838043e-02    3.81194949e-03
End of Xyce(TM) Parameter Sweep
