Index       V(E)              V(B)             I(V_E)            I(V_B)      
0        0.00000000e+00    7.00000000e-01   -1.09910958e-06    1.15583376e-05
1        5.00000000e-02    7.00000000e-01    3.00226524e-05    1.06226896e-05
2        1.00000000e-01    7.00000000e-01    3.50739083e-05    1.04781848e-05
3        1.50000000e-01    7.00000000e-01    3.61734891e-05    1.04504603e-05
4        2.00000000e-01    7.00000000e-01    3.66711235e-05    1.04402507e-05
5        2.50000000e-01    7.00000000e-01    3.70658004e-05    1.04329076e-05
6        3.00000000e-01    7.00000000e-01    3.74341770e-05    1.04262054e-05
7        3.50000000e-01    7.00000000e-01    3.77898599e-05    1.04197659e-05
8        4.00000000e-01    7.00000000e-01    3.81365500e-05    1.04134984e-05
9        4.50000000e-01    7.00000000e-01    3.84760662e-05    1.04073652e-05
10       5.00000000e-01    7.00000000e-01    3.88096592e-05    1.04013420e-05
11       5.50000000e-01    7.00000000e-01    3.91382913e-05    1.03954110e-05
12       6.00000000e-01    7.00000000e-01    3.94627326e-05    1.03895580e-05
13       6.50000000e-01    7.00000000e-01    3.97836133e-05    1.03837715e-05
14       7.00000000e-01    7.00000000e-01    4.01014577e-05    1.03780419e-05
15       7.50000000e-01    7.00000000e-01    4.04167082e-05    1.03723613e-05
16       8.00000000e-01    7.00000000e-01    4.07297420e-05    1.03667228e-05
17       8.50000000e-01    7.00000000e-01    4.10408844e-05    1.03611204e-05
18       9.00000000e-01    7.00000000e-01    4.13504187e-05    1.03555490e-05
19       9.50000000e-01    7.00000000e-01    4.16585933e-05    1.03500042e-05
20       1.00000000e+00    7.00000000e-01    4.19656277e-05    1.03444820e-05
21       1.05000000e+00    7.00000000e-01    4.22717172e-05    1.03389787e-05
22       1.10000000e+00    7.00000000e-01    4.25770368e-05    1.03334913e-05
23       1.15000000e+00    7.00000000e-01    4.28817440e-05    1.03280170e-05
24       1.20000000e+00    7.00000000e-01    4.31859811e-05    1.03225530e-05
25       1.25000000e+00    7.00000000e-01    4.34898777e-05    1.03170972e-05
26       1.30000000e+00    7.00000000e-01    4.37935522e-05    1.03116474e-05
27       1.35000000e+00    7.00000000e-01    4.40971129e-05    1.03062016e-05
28       1.40000000e+00    7.00000000e-01    4.44006598e-05    1.03007580e-05
29       1.45000000e+00    7.00000000e-01    4.47042850e-05    1.02953150e-05
30       1.50000000e+00    7.00000000e-01    4.50080741e-05    1.02898711e-05
31       1.55000000e+00    7.00000000e-01    4.53121065e-05    1.02844248e-05
32       1.60000000e+00    7.00000000e-01    4.56164563e-05    1.02789748e-05
33       1.65000000e+00    7.00000000e-01    4.59211929e-05    1.02735199e-05
34       1.70000000e+00    7.00000000e-01    4.62263813e-05    1.02680589e-05
35       1.75000000e+00    7.00000000e-01    4.65320825e-05    1.02625907e-05
36       1.80000000e+00    7.00000000e-01    4.68383542e-05    1.02571143e-05
37       1.85000000e+00    7.00000000e-01    4.71452507e-05    1.02516289e-05
38       1.90000000e+00    7.00000000e-01    4.74528234e-05    1.02461333e-05
39       1.95000000e+00    7.00000000e-01    4.77611212e-05    1.02406268e-05
40       2.00000000e+00    7.00000000e-01    4.80701903e-05    1.02351087e-05
41       2.05000000e+00    7.00000000e-01    4.83800751e-05    1.02295780e-05
42       2.10000000e+00    7.00000000e-01    4.86908174e-05    1.02240341e-05
43       2.15000000e+00    7.00000000e-01    4.90024576e-05    1.02184762e-05
44       2.20000000e+00    7.00000000e-01    4.93150340e-05    1.02129038e-05
45       2.25000000e+00    7.00000000e-01    4.96285836e-05    1.02073161e-05
46       2.30000000e+00    7.00000000e-01    4.99431417e-05    1.02017126e-05
47       2.35000000e+00    7.00000000e-01    5.02587421e-05    1.01960927e-05
48       2.40000000e+00    7.00000000e-01    5.05754177e-05    1.01904557e-05
49       2.45000000e+00    7.00000000e-01    5.08931999e-05    1.01848012e-05
50       2.50000000e+00    7.00000000e-01    5.12121190e-05    1.01791287e-05
51       2.55000000e+00    7.00000000e-01    5.15322043e-05    1.01734376e-05
52       2.60000000e+00    7.00000000e-01    5.18534842e-05    1.01677276e-05
53       2.65000000e+00    7.00000000e-01    5.21759860e-05    1.01619980e-05
54       2.70000000e+00    7.00000000e-01    5.24997363e-05    1.01562485e-05
55       2.75000000e+00    7.00000000e-01    5.28247608e-05    1.01504786e-05
56       2.80000000e+00    7.00000000e-01    5.31510844e-05    1.01446879e-05
57       2.85000000e+00    7.00000000e-01    5.34787312e-05    1.01388761e-05
58       2.90000000e+00    7.00000000e-01    5.38077250e-05    1.01330427e-05
59       2.95000000e+00    7.00000000e-01    5.41380884e-05    1.01271873e-05
60       3.00000000e+00    7.00000000e-01    5.44698438e-05    1.01213096e-05
61       3.05000000e+00    7.00000000e-01    5.48030127e-05    1.01154093e-05
62       3.10000000e+00    7.00000000e-01    5.51376164e-05    1.01094859e-05
63       3.15000000e+00    7.00000000e-01    5.54736753e-05    1.01035392e-05
64       3.20000000e+00    7.00000000e-01    5.58112094e-05    1.00975689e-05
65       3.25000000e+00    7.00000000e-01    5.61502384e-05    1.00915745e-05
66       3.30000000e+00    7.00000000e-01    5.64907813e-05    1.00855559e-05
67       3.35000000e+00    7.00000000e-01    5.68328568e-05    1.00795127e-05
68       3.40000000e+00    7.00000000e-01    5.71764829e-05    1.00734446e-05
69       3.45000000e+00    7.00000000e-01    5.75216776e-05    1.00673513e-05
70       3.50000000e+00    7.00000000e-01    5.78684582e-05    1.00612327e-05
71       3.55000000e+00    7.00000000e-01    5.82168416e-05    1.00550883e-05
72       3.60000000e+00    7.00000000e-01    5.85668444e-05    1.00489180e-05
73       3.65000000e+00    7.00000000e-01    5.89184830e-05    1.00427215e-05
74       3.70000000e+00    7.00000000e-01    5.92717731e-05    1.00364986e-05
75       3.75000000e+00    7.00000000e-01    5.96267303e-05    1.00302490e-05
76       3.80000000e+00    7.00000000e-01    5.99833699e-05    1.00239724e-05
77       3.85000000e+00    7.00000000e-01    6.03417066e-05    1.00176688e-05
78       3.90000000e+00    7.00000000e-01    6.07017552e-05    1.00113378e-05
79       3.95000000e+00    7.00000000e-01    6.10635297e-05    1.00049793e-05
80       4.00000000e+00    7.00000000e-01    6.14270441e-05    9.99859295e-06
81       4.05000000e+00    7.00000000e-01    6.17923122e-05    9.99217867e-06
82       4.10000000e+00    7.00000000e-01    6.21593472e-05    9.98573624e-06
83       4.15000000e+00    7.00000000e-01    6.25281621e-05    9.97926546e-06
84       4.20000000e+00    7.00000000e-01    6.28987699e-05    9.97276616e-06
85       4.25000000e+00    7.00000000e-01    6.32711829e-05    9.96623815e-06
86       4.30000000e+00    7.00000000e-01    6.36454134e-05    9.95968126e-06
87       4.35000000e+00    7.00000000e-01    6.40214734e-05    9.95309534e-06
88       4.40000000e+00    7.00000000e-01    6.43993745e-05    9.94648021e-06
89       4.45000000e+00    7.00000000e-01    6.47791282e-05    9.93983572e-06
90       4.50000000e+00    7.00000000e-01    6.51607456e-05    9.93316172e-06
91       4.55000000e+00    7.00000000e-01    6.55442377e-05    9.92645806e-06
92       4.60000000e+00    7.00000000e-01    6.59296150e-05    9.91972461e-06
93       4.65000000e+00    7.00000000e-01    6.63168879e-05    9.91296122e-06
94       4.70000000e+00    7.00000000e-01    6.67060667e-05    9.90616778e-06
95       4.75000000e+00    7.00000000e-01    6.70971612e-05    9.89934414e-06
96       4.80000000e+00    7.00000000e-01    6.74901809e-05    9.89249020e-06
97       4.85000000e+00    7.00000000e-01    6.78851354e-05    9.88560583e-06
98       4.90000000e+00    7.00000000e-01    6.82820338e-05    9.87869092e-06
99       4.95000000e+00    7.00000000e-01    6.86808849e-05    9.87174537e-06
100      5.00000000e+00    7.00000000e-01    6.90816974e-05    9.86476908e-06
0        0.00000000e+00    7.50000000e-01   -1.19134161e-05    7.23573805e-05
1        5.00000000e-02    7.50000000e-01    1.22010988e-04    6.24706414e-05
2        1.00000000e-01    7.50000000e-01    1.44216257e-04    6.09009061e-05
3        1.50000000e-01    7.50000000e-01    1.48385887e-04    6.06082192e-05
4        2.00000000e-01    7.50000000e-01    1.49804980e-04    6.05085258e-05
5        2.50000000e-01    7.50000000e-01    1.50768410e-04    6.04408424e-05
6        3.00000000e-01    7.50000000e-01    1.51625350e-04    6.03806998e-05
7        3.50000000e-01    7.50000000e-01    1.52435373e-04    6.03239023e-05
8        4.00000000e-01    7.50000000e-01    1.53213086e-04    6.02694111e-05
9        4.50000000e-01    7.50000000e-01    1.53964890e-04    6.02167690e-05
10       5.00000000e-01    7.50000000e-01    1.54694920e-04    6.01656815e-05
11       5.50000000e-01    7.50000000e-01    1.55406257e-04    6.01159297e-05
12       6.00000000e-01    7.50000000e-01    1.56101314e-04    6.00673428e-05
13       6.50000000e-01    7.50000000e-01    1.56782032e-04    6.00197831e-05
14       7.00000000e-01    7.50000000e-01    1.57450000e-04    5.99731381e-05
15       7.50000000e-01    7.50000000e-01    1.58106545e-04    5.99273138e-05
16       8.00000000e-01    7.50000000e-01    1.58752782e-04    5.98822313e-05
17       8.50000000e-01    7.50000000e-01    1.59389666e-04    5.98378228e-05
18       9.00000000e-01    7.50000000e-01    1.60018017e-04    5.97940305e-05
19       9.50000000e-01    7.50000000e-01    1.60638549e-04    5.97508035e-05
20       1.00000000e+00    7.50000000e-01    1.61251886e-04    5.97080978e-05
21       1.05000000e+00    7.50000000e-01    1.61858579e-04    5.96658743e-05
22       1.10000000e+00    7.50000000e-01    1.62459117e-04    5.96240983e-05
23       1.15000000e+00    7.50000000e-01    1.63053936e-04    5.95827390e-05
24       1.20000000e+00    7.50000000e-01    1.63643428e-04    5.95417685e-05
25       1.25000000e+00    7.50000000e-01    1.64227944e-04    5.95011620e-05
26       1.30000000e+00    7.50000000e-01    1.64807804e-04    5.94608968e-05
27       1.35000000e+00    7.50000000e-01    1.65383297e-04    5.94209524e-05
28       1.40000000e+00    7.50000000e-01    1.65954687e-04    5.93813101e-05
29       1.45000000e+00    7.50000000e-01    1.66522215e-04    5.93419527e-05
30       1.50000000e+00    7.50000000e-01    1.67086104e-04    5.93028646e-05
31       1.55000000e+00    7.50000000e-01    1.67646558e-04    5.92640313e-05
32       1.60000000e+00    7.50000000e-01    1.68203764e-04    5.92254395e-05
33       1.65000000e+00    7.50000000e-01    1.68757896e-04    5.91870767e-05
34       1.70000000e+00    7.50000000e-01    1.69309116e-04    5.91489316e-05
35       1.75000000e+00    7.50000000e-01    1.69857575e-04    5.91109936e-05
36       1.80000000e+00    7.50000000e-01    1.70403411e-04    5.90732527e-05
37       1.85000000e+00    7.50000000e-01    1.70946756e-04    5.90356997e-05
38       1.90000000e+00    7.50000000e-01    1.71487730e-04    5.89983260e-05
39       1.95000000e+00    7.50000000e-01    1.72026449e-04    5.89611235e-05
40       2.00000000e+00    7.50000000e-01    1.72563018e-04    5.89240845e-05
41       2.05000000e+00    7.50000000e-01    1.73097540e-04    5.88872020e-05
42       2.10000000e+00    7.50000000e-01    1.73630108e-04    5.88504693e-05
43       2.15000000e+00    7.50000000e-01    1.74160812e-04    5.88138801e-05
44       2.20000000e+00    7.50000000e-01    1.74689735e-04    5.87774283e-05
45       2.25000000e+00    7.50000000e-01    1.75216958e-04    5.87411084e-05
46       2.30000000e+00    7.50000000e-01    1.75742555e-04    5.87049151e-05
47       2.35000000e+00    7.50000000e-01    1.76266598e-04    5.86688433e-05
48       2.40000000e+00    7.50000000e-01    1.76789154e-04    5.86328882e-05
49       2.45000000e+00    7.50000000e-01    1.77310287e-04    5.85970453e-05
50       2.50000000e+00    7.50000000e-01    1.77830059e-04    5.85613103e-05
51       2.55000000e+00    7.50000000e-01    1.78348527e-04    5.85256791e-05
52       2.60000000e+00    7.50000000e-01    1.78865746e-04    5.84901477e-05
53       2.65000000e+00    7.50000000e-01    1.79381769e-04    5.84547126e-05
54       2.70000000e+00    7.50000000e-01    1.79896646e-04    5.84193702e-05
55       2.75000000e+00    7.50000000e-01    1.80410424e-04    5.83841170e-05
56       2.80000000e+00    7.50000000e-01    1.80923150e-04    5.83489499e-05
57       2.85000000e+00    7.50000000e-01    1.81434867e-04    5.83138657e-05
58       2.90000000e+00    7.50000000e-01    1.81945617e-04    5.82788616e-05
59       2.95000000e+00    7.50000000e-01    1.82455440e-04    5.82439347e-05
60       3.00000000e+00    7.50000000e-01    1.82964374e-04    5.82090823e-05
61       3.05000000e+00    7.50000000e-01    1.83472456e-04    5.81743018e-05
62       3.10000000e+00    7.50000000e-01    1.83979721e-04    5.81395907e-05
63       3.15000000e+00    7.50000000e-01    1.84486203e-04    5.81049467e-05
64       3.20000000e+00    7.50000000e-01    1.84991934e-04    5.80703675e-05
65       3.25000000e+00    7.50000000e-01    1.85496946e-04    5.80358509e-05
66       3.30000000e+00    7.50000000e-01    1.86001268e-04    5.80013947e-05
67       3.35000000e+00    7.50000000e-01    1.86504931e-04    5.79669970e-05
68       3.40000000e+00    7.50000000e-01    1.87007960e-04    5.79326557e-05
69       3.45000000e+00    7.50000000e-01    1.87510383e-04    5.78983691e-05
70       3.50000000e+00    7.50000000e-01    1.88012227e-04    5.78641353e-05
71       3.55000000e+00    7.50000000e-01    1.88513515e-04    5.78299525e-05
72       3.60000000e+00    7.50000000e-01    1.89014272e-04    5.77958191e-05
73       3.65000000e+00    7.50000000e-01    1.89514520e-04    5.77617335e-05
74       3.70000000e+00    7.50000000e-01    1.90014283e-04    5.77276941e-05
75       3.75000000e+00    7.50000000e-01    1.90513581e-04    5.76936993e-05
76       3.80000000e+00    7.50000000e-01    1.91012436e-04    5.76597478e-05
77       3.85000000e+00    7.50000000e-01    1.91510868e-04    5.76258381e-05
78       3.90000000e+00    7.50000000e-01    1.92008896e-04    5.75919689e-05
79       3.95000000e+00    7.50000000e-01    1.92506539e-04    5.75581388e-05
80       4.00000000e+00    7.50000000e-01    1.93003815e-04    5.75243466e-05
81       4.05000000e+00    7.50000000e-01    1.93500742e-04    5.74905911e-05
82       4.10000000e+00    7.50000000e-01    1.93997336e-04    5.74568710e-05
83       4.15000000e+00    7.50000000e-01    1.94493616e-04    5.74231853e-05
84       4.20000000e+00    7.50000000e-01    1.94989595e-04    5.73895327e-05
85       4.25000000e+00    7.50000000e-01    1.95485290e-04    5.73559123e-05
86       4.30000000e+00    7.50000000e-01    1.95980717e-04    5.73223230e-05
87       4.35000000e+00    7.50000000e-01    1.96475889e-04    5.72887637e-05
88       4.40000000e+00    7.50000000e-01    1.96970820e-04    5.72552335e-05
89       4.45000000e+00    7.50000000e-01    1.97465525e-04    5.72217315e-05
90       4.50000000e+00    7.50000000e-01    1.97960017e-04    5.71882567e-05
91       4.55000000e+00    7.50000000e-01    1.98454308e-04    5.71548082e-05
92       4.60000000e+00    7.50000000e-01    1.98948412e-04    5.71213852e-05
93       4.65000000e+00    7.50000000e-01    1.99442340e-04    5.70879869e-05
94       4.70000000e+00    7.50000000e-01    1.99936104e-04    5.70546123e-05
95       4.75000000e+00    7.50000000e-01    2.00429716e-04    5.70212607e-05
96       4.80000000e+00    7.50000000e-01    2.00923186e-04    5.69879314e-05
97       4.85000000e+00    7.50000000e-01    2.01416527e-04    5.69546236e-05
98       4.90000000e+00    7.50000000e-01    2.01909748e-04    5.69213366e-05
99       4.95000000e+00    7.50000000e-01    2.02402859e-04    5.68880696e-05
100      5.00000000e+00    7.50000000e-01    2.02895871e-04    5.68548220e-05
0        0.00000000e+00    8.00000000e-01   -9.64651326e-05    3.64774432e-04
1        5.00000000e-02    8.00000000e-01    3.19644271e-04    2.91602101e-04
2        1.00000000e-01    8.00000000e-01    3.95358296e-04    2.79002308e-04
3        1.50000000e-01    8.00000000e-01    4.08147415e-04    2.76829940e-04
4        2.00000000e-01    8.00000000e-01    4.11189798e-04    2.76260021e-04
5        2.50000000e-01    8.00000000e-01    4.12700509e-04    2.75946844e-04
6        3.00000000e-01    8.00000000e-01    4.13913940e-04    2.75687203e-04
7        3.50000000e-01    8.00000000e-01    4.15027786e-04    2.75447612e-04
8        4.00000000e-01    8.00000000e-01    4.16082490e-04    2.75220656e-04
9        4.50000000e-01    8.00000000e-01    4.17092009e-04    2.75003499e-04
10       5.00000000e-01    8.00000000e-01    4.18064235e-04    2.74794458e-04
11       5.50000000e-01    8.00000000e-01    4.19004730e-04    2.74592328e-04
12       6.00000000e-01    8.00000000e-01    4.19917733e-04    2.74396190e-04
13       6.50000000e-01    8.00000000e-01    4.20806588e-04    2.74205319e-04
14       7.00000000e-01    8.00000000e-01    4.21673998e-04    2.74019129e-04
15       7.50000000e-01    8.00000000e-01    4.22522186e-04    2.73837136e-04
16       8.00000000e-01    8.00000000e-01    4.23353006e-04    2.73658939e-04
17       8.50000000e-01    8.00000000e-01    4.24168029e-04    2.73484196e-04
18       9.00000000e-01    8.00000000e-01    4.24968597e-04    2.73312615e-04
19       9.50000000e-01    8.00000000e-01    4.25755871e-04    2.73143946e-04
20       1.00000000e+00    8.00000000e-01    4.26530859e-04    2.72977969e-04
21       1.05000000e+00    8.00000000e-01    4.27294449e-04    2.72814491e-04
22       1.10000000e+00    8.00000000e-01    4.28047424e-04    2.72653342e-04
23       1.15000000e+00    8.00000000e-01    4.28790481e-04    2.72494370e-04
24       1.20000000e+00    8.00000000e-01    4.29524242e-04    2.72337440e-04
25       1.25000000e+00    8.00000000e-01    4.30249267e-04    2.72182431e-04
26       1.30000000e+00    8.00000000e-01    4.30966061e-04    2.72029233e-04
27       1.35000000e+00    8.00000000e-01    4.31675084e-04    2.71877745e-04
28       1.40000000e+00    8.00000000e-01    4.32376750e-04    2.71727878e-04
29       1.45000000e+00    8.00000000e-01    4.33071442e-04    2.71579548e-04
30       1.50000000e+00    8.00000000e-01    4.33759509e-04    2.71432680e-04
31       1.55000000e+00    8.00000000e-01    4.34441270e-04    2.71287204e-04
32       1.60000000e+00    8.00000000e-01    4.35117022e-04    2.71143056e-04
33       1.65000000e+00    8.00000000e-01    4.35787039e-04    2.71000175e-04
34       1.70000000e+00    8.00000000e-01    4.36451573e-04    2.70858507e-04
35       1.75000000e+00    8.00000000e-01    4.37110860e-04    2.70718001e-04
36       1.80000000e+00    8.00000000e-01    4.37765119e-04    2.70578609e-04
37       1.85000000e+00    8.00000000e-01    4.38414554e-04    2.70440286e-04
38       1.90000000e+00    8.00000000e-01    4.39059357e-04    2.70302991e-04
39       1.95000000e+00    8.00000000e-01    4.39699705e-04    2.70166685e-04
40       2.00000000e+00    8.00000000e-01    4.40335768e-04    2.70031331e-04
41       2.05000000e+00    8.00000000e-01    4.40967703e-04    2.69896895e-04
42       2.10000000e+00    8.00000000e-01    4.41595657e-04    2.69763345e-04
43       2.15000000e+00    8.00000000e-01    4.42219771e-04    2.69630650e-04
44       2.20000000e+00    8.00000000e-01    4.42840177e-04    2.69498781e-04
45       2.25000000e+00    8.00000000e-01    4.43457000e-04    2.69367712e-04
46       2.30000000e+00    8.00000000e-01    4.44070357e-04    2.69237417e-04
47       2.35000000e+00    8.00000000e-01    4.44680361e-04    2.69107870e-04
48       2.40000000e+00    8.00000000e-01    4.45287117e-04    2.68979050e-04
49       2.45000000e+00    8.00000000e-01    4.45890727e-04    2.68850933e-04
50       2.50000000e+00    8.00000000e-01    4.46491286e-04    2.68723500e-04
51       2.55000000e+00    8.00000000e-01    4.47088885e-04    2.68596730e-04
52       2.60000000e+00    8.00000000e-01    4.47683611e-04    2.68470604e-04
53       2.65000000e+00    8.00000000e-01    4.48275547e-04    2.68345105e-04
54       2.70000000e+00    8.00000000e-01    4.48864772e-04    2.68220215e-04
55       2.75000000e+00    8.00000000e-01    4.49451362e-04    2.68095917e-04
56       2.80000000e+00    8.00000000e-01    4.50035389e-04    2.67972196e-04
57       2.85000000e+00    8.00000000e-01    4.50616921e-04    2.67849037e-04
58       2.90000000e+00    8.00000000e-01    4.51196026e-04    2.67726425e-04
59       2.95000000e+00    8.00000000e-01    4.51772766e-04    2.67604347e-04
60       3.00000000e+00    8.00000000e-01    4.52347202e-04    2.67482789e-04
61       3.05000000e+00    8.00000000e-01    4.52919393e-04    2.67361738e-04
62       3.10000000e+00    8.00000000e-01    4.53489394e-04    2.67241183e-04
63       3.15000000e+00    8.00000000e-01    4.54057260e-04    2.67121111e-04
64       3.20000000e+00    8.00000000e-01    4.54623042e-04    2.67001511e-04
65       3.25000000e+00    8.00000000e-01    4.55186790e-04    2.66882372e-04
66       3.30000000e+00    8.00000000e-01    4.55748552e-04    2.66763685e-04
67       3.35000000e+00    8.00000000e-01    4.56308375e-04    2.66645438e-04
68       3.40000000e+00    8.00000000e-01    4.56866302e-04    2.66527622e-04
69       3.45000000e+00    8.00000000e-01    4.57422377e-04    2.66410227e-04
70       3.50000000e+00    8.00000000e-01    4.57976642e-04    2.66293246e-04
71       3.55000000e+00    8.00000000e-01    4.58529136e-04    2.66176668e-04
72       3.60000000e+00    8.00000000e-01    4.59079898e-04    2.66060485e-04
73       3.65000000e+00    8.00000000e-01    4.59628965e-04    2.65944690e-04
74       3.70000000e+00    8.00000000e-01    4.60176374e-04    2.65829273e-04
75       3.75000000e+00    8.00000000e-01    4.60722159e-04    2.65714229e-04
76       3.80000000e+00    8.00000000e-01    4.61266354e-04    2.65599549e-04
77       3.85000000e+00    8.00000000e-01    4.61808992e-04    2.65485226e-04
78       3.90000000e+00    8.00000000e-01    4.62350105e-04    2.65371253e-04
79       3.95000000e+00    8.00000000e-01    4.62889724e-04    2.65257624e-04
80       4.00000000e+00    8.00000000e-01    4.63427877e-04    2.65144332e-04
81       4.05000000e+00    8.00000000e-01    4.63964595e-04    2.65031370e-04
82       4.10000000e+00    8.00000000e-01    4.64499904e-04    2.64918733e-04
83       4.15000000e+00    8.00000000e-01    4.65033833e-04    2.64806415e-04
84       4.20000000e+00    8.00000000e-01    4.65566407e-04    2.64694409e-04
85       4.25000000e+00    8.00000000e-01    4.66097653e-04    2.64582711e-04
86       4.30000000e+00    8.00000000e-01    4.66627595e-04    2.64471315e-04
87       4.35000000e+00    8.00000000e-01    4.67156257e-04    2.64360215e-04
88       4.40000000e+00    8.00000000e-01    4.67683662e-04    2.64249406e-04
89       4.45000000e+00    8.00000000e-01    4.68209835e-04    2.64138884e-04
90       4.50000000e+00    8.00000000e-01    4.68734796e-04    2.64028643e-04
91       4.55000000e+00    8.00000000e-01    4.69258568e-04    2.63918680e-04
92       4.60000000e+00    8.00000000e-01    4.69781171e-04    2.63808988e-04
93       4.65000000e+00    8.00000000e-01    4.70302627e-04    2.63699564e-04
94       4.70000000e+00    8.00000000e-01    4.70822954e-04    2.63590404e-04
95       4.75000000e+00    8.00000000e-01    4.71342173e-04    2.63481502e-04
96       4.80000000e+00    8.00000000e-01    4.71860302e-04    2.63372856e-04
97       4.85000000e+00    8.00000000e-01    4.72377361e-04    2.63264461e-04
98       4.90000000e+00    8.00000000e-01    4.72893366e-04    2.63156312e-04
99       4.95000000e+00    8.00000000e-01    4.73408336e-04    2.63048407e-04
100      5.00000000e+00    8.00000000e-01    4.73922287e-04    2.62940741e-04
0        0.00000000e+00    8.50000000e-01   -4.70054234e-04    1.24208837e-03
1        5.00000000e-02    8.50000000e-01    5.34869635e-04    9.39953507e-04
2        1.00000000e-01    8.50000000e-01    7.59795644e-04    8.75832763e-04
3        1.50000000e-01    8.50000000e-01    7.97507358e-04    8.64972946e-04
4        2.00000000e-01    8.50000000e-01    8.04528177e-04    8.62749701e-04
5        2.50000000e-01    8.50000000e-01    8.06823248e-04    8.61880482e-04
6        3.00000000e-01    8.50000000e-01    8.08319574e-04    8.61255937e-04
7        3.50000000e-01    8.50000000e-01    8.09619791e-04    8.60701394e-04
8        4.00000000e-01    8.50000000e-01    8.10830193e-04    8.60183413e-04
9        4.50000000e-01    8.50000000e-01    8.11978542e-04    8.59691834e-04
10       5.00000000e-01    8.50000000e-01    8.13077469e-04    8.59221486e-04
11       5.50000000e-01    8.50000000e-01    8.14135097e-04    8.58768913e-04
12       6.00000000e-01    8.50000000e-01    8.15157369e-04    8.58331567e-04
13       6.50000000e-01    8.50000000e-01    8.16148871e-04    8.57907476e-04
14       7.00000000e-01    8.50000000e-01    8.17113241e-04    8.57495077e-04
15       7.50000000e-01    8.50000000e-01    8.18053431e-04    8.57093100e-04
16       8.00000000e-01    8.50000000e-01    8.18971877e-04    8.56700498e-04
17       8.50000000e-01    8.50000000e-01    8.19870619e-04    8.56316394e-04
18       9.00000000e-01    8.50000000e-01    8.20751389e-04    8.55940043e-04
19       9.50000000e-01    8.50000000e-01    8.21615669e-04    8.55570808e-04
20       1.00000000e+00    8.50000000e-01    8.22464744e-04    8.55208135e-04
21       1.05000000e+00    8.50000000e-01    8.23299733e-04    8.54851543e-04
22       1.10000000e+00    8.50000000e-01    8.24121623e-04    8.54500609e-04
23       1.15000000e+00    8.50000000e-01    8.24931285e-04    8.54154956e-04
24       1.20000000e+00    8.50000000e-01    8.25729496e-04    8.53814250e-04
25       1.25000000e+00    8.50000000e-01    8.26516953e-04    8.53478193e-04
26       1.30000000e+00    8.50000000e-01    8.27294280e-04    8.53146514e-04
27       1.35000000e+00    8.50000000e-01    8.28062044e-04    8.52818971e-04
28       1.40000000e+00    8.50000000e-01    8.28820758e-04    8.52495342e-04
29       1.45000000e+00    8.50000000e-01    8.29570890e-04    8.52175425e-04
30       1.50000000e+00    8.50000000e-01    8.30312869e-04    8.51859037e-04
31       1.55000000e+00    8.50000000e-01    8.31047086e-04    8.51546008e-04
32       1.60000000e+00    8.50000000e-01    8.31773904e-04    8.51236183e-04
33       1.65000000e+00    8.50000000e-01    8.32493655e-04    8.50929418e-04
34       1.70000000e+00    8.50000000e-01    8.33206649e-04    8.50625580e-04
35       1.75000000e+00    8.50000000e-01    8.33913170e-04    8.50324547e-04
36       1.80000000e+00    8.50000000e-01    8.34613486e-04    8.50026203e-04
37       1.85000000e+00    8.50000000e-01    8.35307844e-04    8.49730442e-04
38       1.90000000e+00    8.50000000e-01    8.35996476e-04    8.49437164e-04
39       1.95000000e+00    8.50000000e-01    8.36679598e-04    8.49146275e-04
40       2.00000000e+00    8.50000000e-01    8.37357413e-04    8.48857689e-04
41       2.05000000e+00    8.50000000e-01    8.38030112e-04    8.48571324e-04
42       2.10000000e+00    8.50000000e-01    8.38697873e-04    8.48287101e-04
43       2.15000000e+00    8.50000000e-01    8.39360866e-04    8.48004949e-04
44       2.20000000e+00    8.50000000e-01    8.40019250e-04    8.47724798e-04
45       2.25000000e+00    8.50000000e-01    8.40673175e-04    8.47446584e-04
46       2.30000000e+00    8.50000000e-01    8.41322782e-04    8.47170247e-04
47       2.35000000e+00    8.50000000e-01    8.41968208e-04    8.46895726e-04
48       2.40000000e+00    8.50000000e-01    8.42609579e-04    8.46622969e-04
49       2.45000000e+00    8.50000000e-01    8.43247016e-04    8.46351922e-04
50       2.50000000e+00    8.50000000e-01    8.43880636e-04    8.46082535e-04
51       2.55000000e+00    8.50000000e-01    8.44510547e-04    8.45814762e-04
52       2.60000000e+00    8.50000000e-01    8.45136853e-04    8.45548558e-04
53       2.65000000e+00    8.50000000e-01    8.45759655e-04    8.45283879e-04
54       2.70000000e+00    8.50000000e-01    8.46379047e-04    8.45020685e-04
55       2.75000000e+00    8.50000000e-01    8.46995120e-04    8.44758936e-04
56       2.80000000e+00    8.50000000e-01    8.47607961e-04    8.44498596e-04
57       2.85000000e+00    8.50000000e-01    8.48217652e-04    8.44239628e-04
58       2.90000000e+00    8.50000000e-01    8.48824273e-04    8.43981998e-04
59       2.95000000e+00    8.50000000e-01    8.49427899e-04    8.43725674e-04
60       3.00000000e+00    8.50000000e-01    8.50028605e-04    8.43470623e-04
61       3.05000000e+00    8.50000000e-01    8.50626459e-04    8.43216816e-04
62       3.10000000e+00    8.50000000e-01    8.51221530e-04    8.42964224e-04
63       3.15000000e+00    8.50000000e-01    8.51813881e-04    8.42712819e-04
64       3.20000000e+00    8.50000000e-01    8.52403575e-04    8.42462574e-04
65       3.25000000e+00    8.50000000e-01    8.52990671e-04    8.42213463e-04
66       3.30000000e+00    8.50000000e-01    8.53575227e-04    8.41965461e-04
67       3.35000000e+00    8.50000000e-01    8.54157299e-04    8.41718545e-04
68       3.40000000e+00    8.50000000e-01    8.54736940e-04    8.41472691e-04
69       3.45000000e+00    8.50000000e-01    8.55314202e-04    8.41227878e-04
70       3.50000000e+00    8.50000000e-01    8.55889133e-04    8.40984083e-04
71       3.55000000e+00    8.50000000e-01    8.56461783e-04    8.40741286e-04
72       3.60000000e+00    8.50000000e-01    8.57032198e-04    8.40499468e-04
73       3.65000000e+00    8.50000000e-01    8.57600422e-04    8.40258607e-04
74       3.70000000e+00    8.50000000e-01    8.58166498e-04    8.40018687e-04
75       3.75000000e+00    8.50000000e-01    8.58730470e-04    8.39779689e-04
76       3.80000000e+00    8.50000000e-01    8.59292377e-04    8.39541595e-04
77       3.85000000e+00    8.50000000e-01    8.59852258e-04    8.39304388e-04
78       3.90000000e+00    8.50000000e-01    8.60410152e-04    8.39068052e-04
79       3.95000000e+00    8.50000000e-01    8.60966095e-04    8.38832571e-04
80       4.00000000e+00    8.50000000e-01    8.61520124e-04    8.38597930e-04
81       4.05000000e+00    8.50000000e-01    8.62072273e-04    8.38364113e-04
82       4.10000000e+00    8.50000000e-01    8.62622575e-04    8.38131106e-04
83       4.15000000e+00    8.50000000e-01    8.63171064e-04    8.37898895e-04
84       4.20000000e+00    8.50000000e-01    8.63717770e-04    8.37667467e-04
85       4.25000000e+00    8.50000000e-01    8.64262726e-04    8.37436807e-04
86       4.30000000e+00    8.50000000e-01    8.64805960e-04    8.37206904e-04
87       4.35000000e+00    8.50000000e-01    8.65347501e-04    8.36977743e-04
88       4.40000000e+00    8.50000000e-01    8.65887379e-04    8.36749314e-04
89       4.45000000e+00    8.50000000e-01    8.66425620e-04    8.36521605e-04
90       4.50000000e+00    8.50000000e-01    8.66962252e-04    8.36294603e-04
91       4.55000000e+00    8.50000000e-01    8.67497300e-04    8.36068298e-04
92       4.60000000e+00    8.50000000e-01    8.68030789e-04    8.35842678e-04
93       4.65000000e+00    8.50000000e-01    8.68562745e-04    8.35617733e-04
94       4.70000000e+00    8.50000000e-01    8.69093191e-04    8.35393453e-04
95       4.75000000e+00    8.50000000e-01    8.69622151e-04    8.35169827e-04
96       4.80000000e+00    8.50000000e-01    8.70149648e-04    8.34946846e-04
97       4.85000000e+00    8.50000000e-01    8.70675704e-04    8.34724499e-04
98       4.90000000e+00    8.50000000e-01    8.71200340e-04    8.34502778e-04
99       4.95000000e+00    8.50000000e-01    8.71723578e-04    8.34281674e-04
100      5.00000000e+00    8.50000000e-01    8.72245439e-04    8.34061177e-04
0        0.00000000e+00    9.00000000e-01   -1.37548036e-03    2.87600480e-03
1        5.00000000e-02    9.00000000e-01    5.25797654e-04    2.14448492e-03
2        1.00000000e-01    9.00000000e-01    1.11205831e-03    1.92792874e-03
3        1.50000000e-01    9.00000000e-01    1.22126690e-03    1.88768835e-03
4        2.00000000e-01    9.00000000e-01    1.23958983e-03    1.88054794e-03
5        2.50000000e-01    9.00000000e-01    1.24375168e-03    1.87862145e-03
6        3.00000000e-01    9.00000000e-01    1.24567421e-03    1.87755757e-03
7        3.50000000e-01    9.00000000e-01    1.24716299e-03    1.87668362e-03
8        4.00000000e-01    9.00000000e-01    1.24850902e-03    1.87588479e-03
9        4.50000000e-01    9.00000000e-01    1.24977242e-03    1.87513375e-03
10       5.00000000e-01    9.00000000e-01    1.25097389e-03    1.87441942e-03
11       5.50000000e-01    9.00000000e-01    1.25212487e-03    1.87373514e-03
12       6.00000000e-01    9.00000000e-01    1.25323329e-03    1.87307624e-03
13       6.50000000e-01    9.00000000e-01    1.25430506e-03    1.87243918e-03
14       7.00000000e-01    9.00000000e-01    1.25534481e-03    1.87182122e-03
15       7.50000000e-01    9.00000000e-01    1.25635621e-03    1.87122016e-03
16       8.00000000e-01    9.00000000e-01    1.25734227e-03    1.87063421e-03
17       8.50000000e-01    9.00000000e-01    1.25830548e-03    1.87006189e-03
18       9.00000000e-01    9.00000000e-01    1.25924794e-03    1.86950194e-03
19       9.50000000e-01    9.00000000e-01    1.26017143e-03    1.86895332e-03
20       1.00000000e+00    9.00000000e-01    1.26107748e-03    1.86841510e-03
21       1.05000000e+00    9.00000000e-01    1.26196742e-03    1.86788650e-03
22       1.10000000e+00    9.00000000e-01    1.26284241e-03    1.86736681e-03
23       1.15000000e+00    9.00000000e-01    1.26370348e-03    1.86685544e-03
24       1.20000000e+00    9.00000000e-01    1.26455153e-03    1.86635184e-03
25       1.25000000e+00    9.00000000e-01    1.26538738e-03    1.86585552e-03
26       1.30000000e+00    9.00000000e-01    1.26621174e-03    1.86536605e-03
27       1.35000000e+00    9.00000000e-01    1.26702528e-03    1.86488305e-03
28       1.40000000e+00    9.00000000e-01    1.26782860e-03    1.86440616e-03
29       1.45000000e+00    9.00000000e-01    1.26862222e-03    1.86393505e-03
30       1.50000000e+00    9.00000000e-01    1.26940663e-03    1.86346945e-03
31       1.55000000e+00    9.00000000e-01    1.27018230e-03    1.86300906e-03
32       1.60000000e+00    9.00000000e-01    1.27094963e-03    1.86255366e-03
33       1.65000000e+00    9.00000000e-01    1.27170900e-03    1.86210302e-03
34       1.70000000e+00    9.00000000e-01    1.27246077e-03    1.86165691e-03
35       1.75000000e+00    9.00000000e-01    1.27320526e-03    1.86121516e-03
36       1.80000000e+00    9.00000000e-01    1.27394277e-03    1.86077758e-03
37       1.85000000e+00    9.00000000e-01    1.27467358e-03    1.86034400e-03
38       1.90000000e+00    9.00000000e-01    1.27539796e-03    1.85991427e-03
39       1.95000000e+00    9.00000000e-01    1.27611615e-03    1.85948823e-03
40       2.00000000e+00    9.00000000e-01    1.27682838e-03    1.85906576e-03
41       2.05000000e+00    9.00000000e-01    1.27753486e-03    1.85864673e-03
42       2.10000000e+00    9.00000000e-01    1.27823580e-03    1.85823101e-03
43       2.15000000e+00    9.00000000e-01    1.27893139e-03    1.85781849e-03
44       2.20000000e+00    9.00000000e-01    1.27962180e-03    1.85740906e-03
45       2.25000000e+00    9.00000000e-01    1.28030721e-03    1.85700263e-03
46       2.30000000e+00    9.00000000e-01    1.28098778e-03    1.85659910e-03
47       2.35000000e+00    9.00000000e-01    1.28166365e-03    1.85619837e-03
48       2.40000000e+00    9.00000000e-01    1.28233497e-03    1.85580037e-03
49       2.45000000e+00    9.00000000e-01    1.28300187e-03    1.85540501e-03
50       2.50000000e+00    9.00000000e-01    1.28366449e-03    1.85501221e-03
51       2.55000000e+00    9.00000000e-01    1.28432295e-03    1.85462191e-03
52       2.60000000e+00    9.00000000e-01    1.28497736e-03    1.85423402e-03
53       2.65000000e+00    9.00000000e-01    1.28562784e-03    1.85384849e-03
54       2.70000000e+00    9.00000000e-01    1.28627449e-03    1.85346526e-03
55       2.75000000e+00    9.00000000e-01    1.28691741e-03    1.85308425e-03
56       2.80000000e+00    9.00000000e-01    1.28755671e-03    1.85270542e-03
57       2.85000000e+00    9.00000000e-01    1.28819246e-03    1.85232871e-03
58       2.90000000e+00    9.00000000e-01    1.28882477e-03    1.85195406e-03
59       2.95000000e+00    9.00000000e-01    1.28945371e-03    1.85158143e-03
60       3.00000000e+00    9.00000000e-01    1.29007937e-03    1.85121076e-03
61       3.05000000e+00    9.00000000e-01    1.29070182e-03    1.85084201e-03
62       3.10000000e+00    9.00000000e-01    1.29132115e-03    1.85047514e-03
63       3.15000000e+00    9.00000000e-01    1.29193741e-03    1.85011010e-03
64       3.20000000e+00    9.00000000e-01    1.29255069e-03    1.84974686e-03
65       3.25000000e+00    9.00000000e-01    1.29316105e-03    1.84938536e-03
66       3.30000000e+00    9.00000000e-01    1.29376854e-03    1.84902557e-03
67       3.35000000e+00    9.00000000e-01    1.29437325e-03    1.84866747e-03
68       3.40000000e+00    9.00000000e-01    1.29497521e-03    1.84831100e-03
69       3.45000000e+00    9.00000000e-01    1.29557450e-03    1.84795614e-03
70       3.50000000e+00    9.00000000e-01    1.29617116e-03    1.84760285e-03
71       3.55000000e+00    9.00000000e-01    1.29676525e-03    1.84725110e-03
72       3.60000000e+00    9.00000000e-01    1.29735682e-03    1.84690087e-03
73       3.65000000e+00    9.00000000e-01    1.29794592e-03    1.84655211e-03
74       3.70000000e+00    9.00000000e-01    1.29853260e-03    1.84620481e-03
75       3.75000000e+00    9.00000000e-01    1.29911690e-03    1.84585894e-03
76       3.80000000e+00    9.00000000e-01    1.29969888e-03    1.84551446e-03
77       3.85000000e+00    9.00000000e-01    1.30027857e-03    1.84517135e-03
78       3.90000000e+00    9.00000000e-01    1.30085602e-03    1.84482959e-03
79       3.95000000e+00    9.00000000e-01    1.30143126e-03    1.84448915e-03
80       4.00000000e+00    9.00000000e-01    1.30200434e-03    1.84415000e-03
81       4.05000000e+00    9.00000000e-01    1.30257530e-03    1.84381214e-03
82       4.10000000e+00    9.00000000e-01    1.30314417e-03    1.84347552e-03
83       4.15000000e+00    9.00000000e-01    1.30371098e-03    1.84314014e-03
84       4.20000000e+00    9.00000000e-01    1.30427579e-03    1.84280597e-03
85       4.25000000e+00    9.00000000e-01    1.30483861e-03    1.84247299e-03
86       4.30000000e+00    9.00000000e-01    1.30539948e-03    1.84214117e-03
87       4.35000000e+00    9.00000000e-01    1.30595843e-03    1.84181051e-03
88       4.40000000e+00    9.00000000e-01    1.30651551e-03    1.84148098e-03
89       4.45000000e+00    9.00000000e-01    1.30707072e-03    1.84115257e-03
90       4.50000000e+00    9.00000000e-01    1.30762411e-03    1.84082525e-03
91       4.55000000e+00    9.00000000e-01    1.30817571e-03    1.84049901e-03
92       4.60000000e+00    9.00000000e-01    1.30872554e-03    1.84017383e-03
93       4.65000000e+00    9.00000000e-01    1.30927363e-03    1.83984969e-03
94       4.70000000e+00    9.00000000e-01    1.30982000e-03    1.83952659e-03
95       4.75000000e+00    9.00000000e-01    1.31036469e-03    1.83920450e-03
96       4.80000000e+00    9.00000000e-01    1.31090772e-03    1.83888341e-03
97       4.85000000e+00    9.00000000e-01    1.31144910e-03    1.83856331e-03
98       4.90000000e+00    9.00000000e-01    1.31198888e-03    1.83824417e-03
99       4.95000000e+00    9.00000000e-01    1.31252706e-03    1.83792599e-03
100      5.00000000e+00    9.00000000e-01    1.31306368e-03    1.83760876e-03
0        0.00000000e+00    9.50000000e-01   -2.84025463e-03    5.14382581e-03
1        5.00000000e-02    9.50000000e-01    4.19131261e-05    3.90341143e-03
2        1.00000000e-01    9.50000000e-01    1.30665260e-03    3.37467925e-03
3        1.50000000e-01    9.50000000e-01    1.60498278e-03    3.25107271e-03
4        2.00000000e-01    9.50000000e-01    1.65544357e-03    3.22964556e-03
5        2.50000000e-01    9.50000000e-01    1.66465691e-03    3.22525981e-03
6        3.00000000e-01    9.50000000e-01    1.66748102e-03    3.22359142e-03
7        3.50000000e-01    9.50000000e-01    1.66922690e-03    3.22242166e-03
8        4.00000000e-01    9.50000000e-01    1.67071385e-03    3.22139546e-03
9        4.50000000e-01    9.50000000e-01    1.67208642e-03    3.22044346e-03
10       5.00000000e-01    9.50000000e-01    1.67338196e-03    3.21954422e-03
11       5.50000000e-01    9.50000000e-01    1.67461704e-03    3.21868688e-03
12       6.00000000e-01    9.50000000e-01    1.67580208e-03    3.21786430e-03
13       6.50000000e-01    9.50000000e-01    1.67694459e-03    3.21707129e-03
14       7.00000000e-01    9.50000000e-01    1.67805027e-03    3.21630387e-03
15       7.50000000e-01    9.50000000e-01    1.67912361e-03    3.21555893e-03
16       8.00000000e-01    9.50000000e-01    1.68016823e-03    3.21483396e-03
17       8.50000000e-01    9.50000000e-01    1.68118710e-03    3.21412689e-03
18       9.00000000e-01    9.50000000e-01    1.68218267e-03    3.21343602e-03
19       9.50000000e-01    9.50000000e-01    1.68315704e-03    3.21275989e-03
20       1.00000000e+00    9.50000000e-01    1.68411198e-03    3.21209727e-03
21       1.05000000e+00    9.50000000e-01    1.68504902e-03    3.21144709e-03
22       1.10000000e+00    9.50000000e-01    1.68596951e-03    3.21080842e-03
23       1.15000000e+00    9.50000000e-01    1.68687461e-03    3.21018045e-03
24       1.20000000e+00    9.50000000e-01    1.68776536e-03    3.20956247e-03
25       1.25000000e+00    9.50000000e-01    1.68864267e-03    3.20895383e-03
26       1.30000000e+00    9.50000000e-01    1.68950737e-03    3.20835396e-03
27       1.35000000e+00    9.50000000e-01    1.69036020e-03    3.20776235e-03
28       1.40000000e+00    9.50000000e-01    1.69120181e-03    3.20717854e-03
29       1.45000000e+00    9.50000000e-01    1.69203282e-03    3.20660211e-03
30       1.50000000e+00    9.50000000e-01    1.69285377e-03    3.20603267e-03
31       1.55000000e+00    9.50000000e-01    1.69366517e-03    3.20546988e-03
32       1.60000000e+00    9.50000000e-01    1.69446747e-03    3.20491342e-03
33       1.65000000e+00    9.50000000e-01    1.69526110e-03    3.20436299e-03
34       1.70000000e+00    9.50000000e-01    1.69604644e-03    3.20381832e-03
35       1.75000000e+00    9.50000000e-01    1.69682386e-03    3.20327917e-03
36       1.80000000e+00    9.50000000e-01    1.69759370e-03    3.20274529e-03
37       1.85000000e+00    9.50000000e-01    1.69835625e-03    3.20221648e-03
38       1.90000000e+00    9.50000000e-01    1.69911182e-03    3.20169254e-03
39       1.95000000e+00    9.50000000e-01    1.69986067e-03    3.20117327e-03
40       2.00000000e+00    9.50000000e-01    1.70060305e-03    3.20065850e-03
41       2.05000000e+00    9.50000000e-01    1.70133920e-03    3.20014807e-03
42       2.10000000e+00    9.50000000e-01    1.70206934e-03    3.19964182e-03
43       2.15000000e+00    9.50000000e-01    1.70279368e-03    3.19913961e-03
44       2.20000000e+00    9.50000000e-01    1.70351241e-03    3.19864130e-03
45       2.25000000e+00    9.50000000e-01    1.70422573e-03    3.19814676e-03
46       2.30000000e+00    9.50000000e-01    1.70493379e-03    3.19765587e-03
47       2.35000000e+00    9.50000000e-01    1.70563678e-03    3.19716852e-03
48       2.40000000e+00    9.50000000e-01    1.70633485e-03    3.19668460e-03
49       2.45000000e+00    9.50000000e-01    1.70702814e-03    3.19620401e-03
50       2.50000000e+00    9.50000000e-01    1.70771679e-03    3.19572664e-03
51       2.55000000e+00    9.50000000e-01    1.70840094e-03    3.19525240e-03
52       2.60000000e+00    9.50000000e-01    1.70908072e-03    3.19478121e-03
53       2.65000000e+00    9.50000000e-01    1.70975625e-03    3.19431298e-03
54       2.70000000e+00    9.50000000e-01    1.71042764e-03    3.19384763e-03
55       2.75000000e+00    9.50000000e-01    1.71109500e-03    3.19338509e-03
56       2.80000000e+00    9.50000000e-01    1.71175844e-03    3.19292528e-03
57       2.85000000e+00    9.50000000e-01    1.71241805e-03    3.19246813e-03
58       2.90000000e+00    9.50000000e-01    1.71307394e-03    3.19201358e-03
59       2.95000000e+00    9.50000000e-01    1.71372620e-03    3.19156155e-03
60       3.00000000e+00    9.50000000e-01    1.71437491e-03    3.19111200e-03
61       3.05000000e+00    9.50000000e-01    1.71502016e-03    3.19066485e-03
62       3.10000000e+00    9.50000000e-01    1.71566203e-03    3.19022006e-03
63       3.15000000e+00    9.50000000e-01    1.71630060e-03    3.18977757e-03
64       3.20000000e+00    9.50000000e-01    1.71693594e-03    3.18933733e-03
65       3.25000000e+00    9.50000000e-01    1.71756813e-03    3.18889929e-03
66       3.30000000e+00    9.50000000e-01    1.71819723e-03    3.18846340e-03
67       3.35000000e+00    9.50000000e-01    1.71882332e-03    3.18802961e-03
68       3.40000000e+00    9.50000000e-01    1.71944644e-03    3.18759788e-03
69       3.45000000e+00    9.50000000e-01    1.72006668e-03    3.18716816e-03
70       3.50000000e+00    9.50000000e-01    1.72068408e-03    3.18674042e-03
71       3.55000000e+00    9.50000000e-01    1.72129871e-03    3.18631461e-03
72       3.60000000e+00    9.50000000e-01    1.72191061e-03    3.18589070e-03
73       3.65000000e+00    9.50000000e-01    1.72251985e-03    3.18546864e-03
74       3.70000000e+00    9.50000000e-01    1.72312648e-03    3.18504841e-03
75       3.75000000e+00    9.50000000e-01    1.72373054e-03    3.18462997e-03
76       3.80000000e+00    9.50000000e-01    1.72433209e-03    3.18421327e-03
77       3.85000000e+00    9.50000000e-01    1.72493117e-03    3.18379830e-03
78       3.90000000e+00    9.50000000e-01    1.72552783e-03    3.18338502e-03
79       3.95000000e+00    9.50000000e-01    1.72612211e-03    3.18297339e-03
80       4.00000000e+00    9.50000000e-01    1.72671405e-03    3.18256339e-03
81       4.05000000e+00    9.50000000e-01    1.72730370e-03    3.18215500e-03
82       4.10000000e+00    9.50000000e-01    1.72789109e-03    3.18174817e-03
83       4.15000000e+00    9.50000000e-01    1.72847627e-03    3.18134289e-03
84       4.20000000e+00    9.50000000e-01    1.72905927e-03    3.18093912e-03
85       4.25000000e+00    9.50000000e-01    1.72964014e-03    3.18053685e-03
86       4.30000000e+00    9.50000000e-01    1.73021890e-03    3.18013604e-03
87       4.35000000e+00    9.50000000e-01    1.73079558e-03    3.17973668e-03
88       4.40000000e+00    9.50000000e-01    1.73137024e-03    3.17933874e-03
89       4.45000000e+00    9.50000000e-01    1.73194288e-03    3.17894219e-03
90       4.50000000e+00    9.50000000e-01    1.73251356e-03    3.17854702e-03
91       4.55000000e+00    9.50000000e-01    1.73308230e-03    3.17815321e-03
92       4.60000000e+00    9.50000000e-01    1.73364913e-03    3.17776072e-03
93       4.65000000e+00    9.50000000e-01    1.73421407e-03    3.17736955e-03
94       4.70000000e+00    9.50000000e-01    1.73477717e-03    3.17697967e-03
95       4.75000000e+00    9.50000000e-01    1.73533844e-03    3.17659106e-03
96       4.80000000e+00    9.50000000e-01    1.73589791e-03    3.17620370e-03
97       4.85000000e+00    9.50000000e-01    1.73645562e-03    3.17581758e-03
98       4.90000000e+00    9.50000000e-01    1.73701158e-03    3.17543267e-03
99       4.95000000e+00    9.50000000e-01    1.73756582e-03    3.17504897e-03
100      5.00000000e+00    9.50000000e-01    1.73811836e-03    3.17466645e-03
0        0.00000000e+00    1.00000000e+00   -4.74979595e-03    7.86036852e-03
1        5.00000000e-02    1.00000000e+00   -1.02550684e-03    6.16422776e-03
2        1.00000000e-01    1.00000000e+00    1.16720236e-03    5.18551572e-03
3        1.50000000e-01    1.00000000e+00    1.89056701e-03    4.86608006e-03
4        2.00000000e-01    1.00000000e+00    2.02947386e-03    4.80427193e-03
5        2.50000000e-01    1.00000000e+00    2.05269542e-03    4.79331339e-03
6        3.00000000e-01    1.00000000e+00    2.05778399e-03    4.79043577e-03
7        3.50000000e-01    1.00000000e+00    2.05999140e-03    4.78891242e-03
8        4.00000000e-01    1.00000000e+00    2.06164859e-03    4.78768502e-03
9        4.50000000e-01    1.00000000e+00    2.06313100e-03    4.78657206e-03
10       5.00000000e-01    1.00000000e+00    2.06451548e-03    4.78553034e-03
11       5.50000000e-01    1.00000000e+00    2.06582785e-03    4.78454258e-03
12       6.00000000e-01    1.00000000e+00    2.06708201e-03    4.78359860e-03
13       6.50000000e-01    1.00000000e+00    2.06828744e-03    4.78269132e-03
14       7.00000000e-01    1.00000000e+00    2.06945111e-03    4.78181548e-03
15       7.50000000e-01    1.00000000e+00    2.07057844e-03    4.78096702e-03
16       8.00000000e-01    1.00000000e+00    2.07167371e-03    4.78014271e-03
17       8.50000000e-01    1.00000000e+00    2.07274039e-03    4.77933994e-03
18       9.00000000e-01    1.00000000e+00    2.07378135e-03    4.77855654e-03
19       9.50000000e-01    1.00000000e+00    2.07479899e-03    4.77779071e-03
20       1.00000000e+00    1.00000000e+00    2.07579534e-03    4.77704091e-03
21       1.05000000e+00    1.00000000e+00    2.07677215e-03    4.77630584e-03
22       1.10000000e+00    1.00000000e+00    2.07773092e-03    4.77558435e-03
23       1.15000000e+00    1.00000000e+00    2.07867298e-03    4.77487546e-03
24       1.20000000e+00    1.00000000e+00    2.07959948e-03    4.77417829e-03
25       1.25000000e+00    1.00000000e+00    2.08051145e-03    4.77349207e-03
26       1.30000000e+00    1.00000000e+00    2.08140979e-03    4.77281612e-03
27       1.35000000e+00    1.00000000e+00    2.08229533e-03    4.77214981e-03
28       1.40000000e+00    1.00000000e+00    2.08316880e-03    4.77149259e-03
29       1.45000000e+00    1.00000000e+00    2.08403087e-03    4.77084397e-03
30       1.50000000e+00    1.00000000e+00    2.08488214e-03    4.77020348e-03
31       1.55000000e+00    1.00000000e+00    2.08572317e-03    4.76957071e-03
32       1.60000000e+00    1.00000000e+00    2.08655445e-03    4.76894529e-03
33       1.65000000e+00    1.00000000e+00    2.08737644e-03    4.76832687e-03
34       1.70000000e+00    1.00000000e+00    2.08818958e-03    4.76771512e-03
35       1.75000000e+00    1.00000000e+00    2.08899425e-03    4.76710975e-03
36       1.80000000e+00    1.00000000e+00    2.08979082e-03    4.76651049e-03
37       1.85000000e+00    1.00000000e+00    2.09057962e-03    4.76591707e-03
38       1.90000000e+00    1.00000000e+00    2.09136097e-03    4.76532928e-03
39       1.95000000e+00    1.00000000e+00    2.09213516e-03    4.76474688e-03
40       2.00000000e+00    1.00000000e+00    2.09290246e-03    4.76416968e-03
41       2.05000000e+00    1.00000000e+00    2.09366313e-03    4.76359747e-03
42       2.10000000e+00    1.00000000e+00    2.09441741e-03    4.76303008e-03
43       2.15000000e+00    1.00000000e+00    2.09516551e-03    4.76246734e-03
44       2.20000000e+00    1.00000000e+00    2.09590766e-03    4.76190909e-03
45       2.25000000e+00    1.00000000e+00    2.09664405e-03    4.76135519e-03
46       2.30000000e+00    1.00000000e+00    2.09737487e-03    4.76080548e-03
47       2.35000000e+00    1.00000000e+00    2.09810030e-03    4.76025983e-03
48       2.40000000e+00    1.00000000e+00    2.09882050e-03    4.75971813e-03
49       2.45000000e+00    1.00000000e+00    2.09953564e-03    4.75918025e-03
50       2.50000000e+00    1.00000000e+00    2.10024585e-03    4.75864607e-03
51       2.55000000e+00    1.00000000e+00    2.10095130e-03    4.75811549e-03
52       2.60000000e+00    1.00000000e+00    2.10165211e-03    4.75758841e-03
53       2.65000000e+00    1.00000000e+00    2.10234841e-03    4.75706472e-03
54       2.70000000e+00    1.00000000e+00    2.10304033e-03    4.75654434e-03
55       2.75000000e+00    1.00000000e+00    2.10372798e-03    4.75602718e-03
56       2.80000000e+00    1.00000000e+00    2.10441148e-03    4.75551314e-03
57       2.85000000e+00    1.00000000e+00    2.10509093e-03    4.75500216e-03
58       2.90000000e+00    1.00000000e+00    2.10576644e-03    4.75449415e-03
59       2.95000000e+00    1.00000000e+00    2.10643810e-03    4.75398904e-03
60       3.00000000e+00    1.00000000e+00    2.10710601e-03    4.75348677e-03
61       3.05000000e+00    1.00000000e+00    2.10777025e-03    4.75298725e-03
62       3.10000000e+00    1.00000000e+00    2.10843093e-03    4.75249043e-03
63       3.15000000e+00    1.00000000e+00    2.10908811e-03    4.75199624e-03
64       3.20000000e+00    1.00000000e+00    2.10974187e-03    4.75150462e-03
65       3.25000000e+00    1.00000000e+00    2.11039230e-03    4.75101552e-03
66       3.30000000e+00    1.00000000e+00    2.11103947e-03    4.75052888e-03
67       3.35000000e+00    1.00000000e+00    2.11168345e-03    4.75004465e-03
68       3.40000000e+00    1.00000000e+00    2.11232430e-03    4.74956278e-03
69       3.45000000e+00    1.00000000e+00    2.11296210e-03    4.74908321e-03
70       3.50000000e+00    1.00000000e+00    2.11359690e-03    4.74860589e-03
71       3.55000000e+00    1.00000000e+00    2.11422876e-03    4.74813079e-03
72       3.60000000e+00    1.00000000e+00    2.11485776e-03    4.74765786e-03
73       3.65000000e+00    1.00000000e+00    2.11548394e-03    4.74718705e-03
74       3.70000000e+00    1.00000000e+00    2.11610735e-03    4.74671833e-03
75       3.75000000e+00    1.00000000e+00    2.11672806e-03    4.74625165e-03
76       3.80000000e+00    1.00000000e+00    2.11734611e-03    4.74578697e-03
77       3.85000000e+00    1.00000000e+00    2.11796155e-03    4.74532426e-03
78       3.90000000e+00    1.00000000e+00    2.11857444e-03    4.74486348e-03
79       3.95000000e+00    1.00000000e+00    2.11918481e-03    4.74440459e-03
80       4.00000000e+00    1.00000000e+00    2.11979271e-03    4.74394756e-03
81       4.05000000e+00    1.00000000e+00    2.12039820e-03    4.74349236e-03
82       4.10000000e+00    1.00000000e+00    2.12100130e-03    4.74303896e-03
83       4.15000000e+00    1.00000000e+00    2.12160206e-03    4.74258732e-03
84       4.20000000e+00    1.00000000e+00    2.12220053e-03    4.74213742e-03
85       4.25000000e+00    1.00000000e+00    2.12279673e-03    4.74168922e-03
86       4.30000000e+00    1.00000000e+00    2.12339071e-03    4.74124270e-03
87       4.35000000e+00    1.00000000e+00    2.12398251e-03    4.74079782e-03
88       4.40000000e+00    1.00000000e+00    2.12457216e-03    4.74035457e-03
89       4.45000000e+00    1.00000000e+00    2.12515969e-03    4.73991292e-03
90       4.50000000e+00    1.00000000e+00    2.12574514e-03    4.73947283e-03
91       4.55000000e+00    1.00000000e+00    2.12632854e-03    4.73903429e-03
92       4.60000000e+00    1.00000000e+00    2.12690993e-03    4.73859727e-03
93       4.65000000e+00    1.00000000e+00    2.12748933e-03    4.73816175e-03
94       4.70000000e+00    1.00000000e+00    2.12806677e-03    4.73772771e-03
95       4.75000000e+00    1.00000000e+00    2.12864229e-03    4.73729511e-03
96       4.80000000e+00    1.00000000e+00    2.12921591e-03    4.73686395e-03
97       4.85000000e+00    1.00000000e+00    2.12978766e-03    4.73643420e-03
98       4.90000000e+00    1.00000000e+00    2.13035758e-03    4.73600584e-03
99       4.95000000e+00    1.00000000e+00    2.13092567e-03    4.73557885e-03
100      5.00000000e+00    1.00000000e+00    2.13149198e-03    4.73515321e-03
End of Xyce(TM) Parameter Sweep
