Index     V(DRAIN)           V(GATE)        {-I(VDRAIN)}   
0       -0.10000  0.00000000e+00    -5.443e-08 
1     -9.9000e-02 0.00000000e+00    -5.248e-08 
2     -9.8000e-02 0.00000000e+00    -5.059e-08 
3     -9.7000e-02 0.00000000e+00    -4.878e-08 
4     -9.6000e-02 0.00000000e+00    -4.702e-08 
5     -9.5000e-02 0.00000000e+00    -4.533e-08 
6     -9.4000e-02 0.00000000e+00    -4.369e-08 
7     -9.3000e-02 0.00000000e+00    -4.212e-08 
8     -9.2000e-02 0.00000000e+00    -4.060e-08 
9     -9.1000e-02 0.00000000e+00    -3.913e-08 
10    -9.0000e-02 0.00000000e+00    -3.772e-08 
11    -8.9000e-02 0.00000000e+00    -3.635e-08 
12    -8.8000e-02 0.00000000e+00    -3.503e-08 
13    -8.7000e-02 0.00000000e+00    -3.376e-08 
14    -8.6000e-02 0.00000000e+00    -3.254e-08 
15    -8.5000e-02 0.00000000e+00    -3.136e-08 
16    -8.4000e-02 0.00000000e+00    -3.022e-08 
17    -8.3000e-02 0.00000000e+00    -2.912e-08 
18    -8.2000e-02 0.00000000e+00    -2.806e-08 
19    -8.1000e-02 0.00000000e+00    -2.703e-08 
20    -8.0000e-02 0.00000000e+00    -2.605e-08 
21    -7.9000e-02 0.00000000e+00    -2.510e-08 
22    -7.8000e-02 0.00000000e+00    -2.418e-08 
23    -7.7000e-02 0.00000000e+00    -2.329e-08 
24    -7.6000e-02 0.00000000e+00    -2.244e-08 
25    -7.5000e-02 0.00000000e+00    -2.162e-08 
26    -7.4000e-02 0.00000000e+00    -2.082e-08 
27    -7.3000e-02 0.00000000e+00    -2.006e-08 
28    -7.2000e-02 0.00000000e+00    -1.932e-08 
29    -7.1000e-02 0.00000000e+00    -1.861e-08 
30    -7.0000e-02 0.00000000e+00    -1.792e-08 
31    -6.9000e-02 0.00000000e+00    -1.726e-08 
32    -6.8000e-02 0.00000000e+00    -1.662e-08 
33    -6.7000e-02 0.00000000e+00    -1.601e-08 
34    -6.6000e-02 0.00000000e+00    -1.541e-08 
35    -6.5000e-02 0.00000000e+00    -1.484e-08 
36    -6.4000e-02 0.00000000e+00    -1.429e-08 
37    -6.3000e-02 0.00000000e+00    -1.376e-08 
38    -6.2000e-02 0.00000000e+00    -1.325e-08 
39    -6.1000e-02 0.00000000e+00    -1.275e-08 
40    -6.0000e-02 0.00000000e+00    -1.227e-08 
41    -5.9000e-02 0.00000000e+00    -1.181e-08 
42    -5.8000e-02 0.00000000e+00    -1.137e-08 
43    -5.7000e-02 0.00000000e+00    -1.094e-08 
44    -5.6000e-02 0.00000000e+00    -1.053e-08 
45    -5.5000e-02 0.00000000e+00    -1.013e-08 
46    -5.4000e-02 0.00000000e+00    -9.747e-09 
47    -5.3000e-02 0.00000000e+00    -9.377e-09 
48    -5.2000e-02 0.00000000e+00    -9.019e-09 
49    -5.1000e-02 0.00000000e+00    -8.675e-09 
50    -5.0000e-02 0.00000000e+00    -8.342e-09 
51    -4.9000e-02 0.00000000e+00    -8.021e-09 
52    -4.8000e-02 0.00000000e+00    -7.712e-09 
53    -4.7000e-02 0.00000000e+00    -7.413e-09 
54    -4.6000e-02 0.00000000e+00    -7.124e-09 
55    -4.5000e-02 0.00000000e+00    -6.846e-09 
56    -4.4000e-02 0.00000000e+00    -6.577e-09 
57    -4.3000e-02 0.00000000e+00    -6.317e-09 
58    -4.2000e-02 0.00000000e+00    -6.067e-09 
59    -4.1000e-02 0.00000000e+00    -5.825e-09 
60    -4.0000e-02 0.00000000e+00    -5.591e-09 
61    -3.9000e-02 0.00000000e+00    -5.365e-09 
62    -3.8000e-02 0.00000000e+00    -5.146e-09 
63    -3.7000e-02 0.00000000e+00    -4.935e-09 
64    -3.6000e-02 0.00000000e+00    -4.731e-09 
65    -3.5000e-02 0.00000000e+00    -4.533e-09 
66    -3.4000e-02 0.00000000e+00    -4.342e-09 
67    -3.3000e-02 0.00000000e+00    -4.157e-09 
68    -3.2000e-02 0.00000000e+00    -3.978e-09 
69    -3.1000e-02 0.00000000e+00    -3.804e-09 
70    -3.0000e-02 0.00000000e+00    -3.636e-09 
71    -2.9000e-02 0.00000000e+00    -3.473e-09 
72    -2.8000e-02 0.00000000e+00    -3.314e-09 
73    -2.7000e-02 0.00000000e+00    -3.161e-09 
74    -2.6000e-02 0.00000000e+00    -3.011e-09 
75    -2.5000e-02 0.00000000e+00    -2.866e-09 
76    -2.4000e-02 0.00000000e+00    -2.724e-09 
77    -2.3000e-02 0.00000000e+00    -2.586e-09 
78    -2.2000e-02 0.00000000e+00    -2.451e-09 
79    -2.1000e-02 0.00000000e+00    -2.320e-09 
80    -2.0000e-02 0.00000000e+00    -2.191e-09 
81    -1.9000e-02 0.00000000e+00    -2.066e-09 
82    -1.8000e-02 0.00000000e+00    -1.942e-09 
83    -1.7000e-02 0.00000000e+00    -1.822e-09 
84    -1.6000e-02 0.00000000e+00    -1.703e-09 
85    -1.5000e-02 0.00000000e+00    -1.587e-09 
86    -1.4000e-02 0.00000000e+00    -1.472e-09 
87    -1.3000e-02 0.00000000e+00    -1.359e-09 
88    -1.2000e-02 0.00000000e+00    -1.248e-09 
89    -1.1000e-02 0.00000000e+00    -1.139e-09 
90    -1.0000e-02 0.00000000e+00    -1.031e-09 
91    -9.0000e-03 0.00000000e+00    -9.237e-10 
92    -8.0000e-03 0.00000000e+00    -8.180e-10 
93    -7.0000e-03 0.00000000e+00    -7.134e-10 
94    -6.0000e-03 0.00000000e+00    -6.098e-10 
95    -5.0000e-03 0.00000000e+00    -5.069e-10 
96    -4.0000e-03 0.00000000e+00    -4.047e-10 
97    -3.0000e-03 0.00000000e+00    -3.030e-10 
98    -2.0000e-03 0.00000000e+00    -2.018e-10 
99    -1.0000e-03 0.00000000e+00    -1.008e-10 
100      0.       0.00000000e+00    -1.534e-20 
101    1.0000e-03 0.00000000e+00     1.008e-10 
102    2.0000e-03 0.00000000e+00     2.018e-10 
103    3.0000e-03 0.00000000e+00     3.030e-10 
104    4.0000e-03 0.00000000e+00     4.047e-10 
105    5.0000e-03 0.00000000e+00     5.069e-10 
106    6.0000e-03 0.00000000e+00     6.098e-10 
107    7.0000e-03 0.00000000e+00     7.134e-10 
108    8.0000e-03 0.00000000e+00     8.180e-10 
109    9.0000e-03 0.00000000e+00     9.237e-10 
110    1.0000e-02 0.00000000e+00     1.031e-09 
111    1.1000e-02 0.00000000e+00     1.139e-09 
112    1.2000e-02 0.00000000e+00     1.248e-09 
113    1.3000e-02 0.00000000e+00     1.359e-09 
114    1.4000e-02 0.00000000e+00     1.472e-09 
115    1.5000e-02 0.00000000e+00     1.587e-09 
116    1.6000e-02 0.00000000e+00     1.703e-09 
117    1.7000e-02 0.00000000e+00     1.822e-09 
118    1.8000e-02 0.00000000e+00     1.942e-09 
119    1.9000e-02 0.00000000e+00     2.066e-09 
120    2.0000e-02 0.00000000e+00     2.191e-09 
121    2.1000e-02 0.00000000e+00     2.320e-09 
122    2.2000e-02 0.00000000e+00     2.451e-09 
123    2.3000e-02 0.00000000e+00     2.586e-09 
124    2.4000e-02 0.00000000e+00     2.724e-09 
125    2.5000e-02 0.00000000e+00     2.866e-09 
126    2.6000e-02 0.00000000e+00     3.011e-09 
127    2.7000e-02 0.00000000e+00     3.161e-09 
128    2.8000e-02 0.00000000e+00     3.314e-09 
129    2.9000e-02 0.00000000e+00     3.473e-09 
130    3.0000e-02 0.00000000e+00     3.636e-09 
131    3.1000e-02 0.00000000e+00     3.804e-09 
132    3.2000e-02 0.00000000e+00     3.978e-09 
133    3.3000e-02 0.00000000e+00     4.157e-09 
134    3.4000e-02 0.00000000e+00     4.342e-09 
135    3.5000e-02 0.00000000e+00     4.533e-09 
136    3.6000e-02 0.00000000e+00     4.731e-09 
137    3.7000e-02 0.00000000e+00     4.935e-09 
138    3.8000e-02 0.00000000e+00     5.146e-09 
139    3.9000e-02 0.00000000e+00     5.365e-09 
140    4.0000e-02 0.00000000e+00     5.591e-09 
141    4.1000e-02 0.00000000e+00     5.825e-09 
142    4.2000e-02 0.00000000e+00     6.067e-09 
143    4.3000e-02 0.00000000e+00     6.317e-09 
144    4.4000e-02 0.00000000e+00     6.577e-09 
145    4.5000e-02 0.00000000e+00     6.846e-09 
146    4.6000e-02 0.00000000e+00     7.124e-09 
147    4.7000e-02 0.00000000e+00     7.413e-09 
148    4.8000e-02 0.00000000e+00     7.712e-09 
149    4.9000e-02 0.00000000e+00     8.021e-09 
150    5.0000e-02 0.00000000e+00     8.342e-09 
151    5.1000e-02 0.00000000e+00     8.675e-09 
152    5.2000e-02 0.00000000e+00     9.019e-09 
153    5.3000e-02 0.00000000e+00     9.377e-09 
154    5.4000e-02 0.00000000e+00     9.747e-09 
155    5.5000e-02 0.00000000e+00     1.013e-08 
156    5.6000e-02 0.00000000e+00     1.053e-08 
157    5.7000e-02 0.00000000e+00     1.094e-08 
158    5.8000e-02 0.00000000e+00     1.137e-08 
159    5.9000e-02 0.00000000e+00     1.181e-08 
160    6.0000e-02 0.00000000e+00     1.227e-08 
161    6.1000e-02 0.00000000e+00     1.275e-08 
162    6.2000e-02 0.00000000e+00     1.325e-08 
163    6.3000e-02 0.00000000e+00     1.376e-08 
164    6.4000e-02 0.00000000e+00     1.429e-08 
165    6.5000e-02 0.00000000e+00     1.484e-08 
166    6.6000e-02 0.00000000e+00     1.541e-08 
167    6.7000e-02 0.00000000e+00     1.601e-08 
168    6.8000e-02 0.00000000e+00     1.662e-08 
169    6.9000e-02 0.00000000e+00     1.726e-08 
170    7.0000e-02 0.00000000e+00     1.792e-08 
171    7.1000e-02 0.00000000e+00     1.861e-08 
172    7.2000e-02 0.00000000e+00     1.932e-08 
173    7.3000e-02 0.00000000e+00     2.006e-08 
174    7.4000e-02 0.00000000e+00     2.082e-08 
175    7.5000e-02 0.00000000e+00     2.162e-08 
176    7.6000e-02 0.00000000e+00     2.244e-08 
177    7.7000e-02 0.00000000e+00     2.329e-08 
178    7.8000e-02 0.00000000e+00     2.418e-08 
179    7.9000e-02 0.00000000e+00     2.510e-08 
180    8.0000e-02 0.00000000e+00     2.605e-08 
181    8.1000e-02 0.00000000e+00     2.703e-08 
182    8.2000e-02 0.00000000e+00     2.806e-08 
183    8.3000e-02 0.00000000e+00     2.912e-08 
184    8.4000e-02 0.00000000e+00     3.022e-08 
185    8.5000e-02 0.00000000e+00     3.136e-08 
186    8.6000e-02 0.00000000e+00     3.254e-08 
187    8.7000e-02 0.00000000e+00     3.376e-08 
188    8.8000e-02 0.00000000e+00     3.503e-08 
189    8.9000e-02 0.00000000e+00     3.635e-08 
190    9.0000e-02 0.00000000e+00     3.772e-08 
191    9.1000e-02 0.00000000e+00     3.913e-08 
192    9.2000e-02 0.00000000e+00     4.060e-08 
193    9.3000e-02 0.00000000e+00     4.212e-08 
194    9.4000e-02 0.00000000e+00     4.369e-08 
195    9.5000e-02 0.00000000e+00     4.533e-08 
196    9.6000e-02 0.00000000e+00     4.702e-08 
197    9.7000e-02 0.00000000e+00     4.878e-08 
198    9.8000e-02 0.00000000e+00     5.059e-08 
199    9.9000e-02 0.00000000e+00     5.248e-08 
200      0.10000  0.00000000e+00     5.443e-08 
201     -0.10000  2.00000000e-01    -1.370e-05 
202   -9.9000e-02 2.00000000e-01    -1.344e-05 
203   -9.8000e-02 2.00000000e-01    -1.317e-05 
204   -9.7000e-02 2.00000000e-01    -1.291e-05 
205   -9.6000e-02 2.00000000e-01    -1.265e-05 
206   -9.5000e-02 2.00000000e-01    -1.240e-05 
207   -9.4000e-02 2.00000000e-01    -1.215e-05 
208   -9.3000e-02 2.00000000e-01    -1.190e-05 
209   -9.2000e-02 2.00000000e-01    -1.166e-05 
210   -9.1000e-02 2.00000000e-01    -1.142e-05 
211   -9.0000e-02 2.00000000e-01    -1.118e-05 
212   -8.9000e-02 2.00000000e-01    -1.095e-05 
213   -8.8000e-02 2.00000000e-01    -1.071e-05 
214   -8.7000e-02 2.00000000e-01    -1.049e-05 
215   -8.6000e-02 2.00000000e-01    -1.026e-05 
216   -8.5000e-02 2.00000000e-01    -1.004e-05 
217   -8.4000e-02 2.00000000e-01    -9.822e-06 
218   -8.3000e-02 2.00000000e-01    -9.607e-06 
219   -8.2000e-02 2.00000000e-01    -9.395e-06 
220   -8.1000e-02 2.00000000e-01    -9.186e-06 
221   -8.0000e-02 2.00000000e-01    -8.980e-06 
222   -7.9000e-02 2.00000000e-01    -8.777e-06 
223   -7.8000e-02 2.00000000e-01    -8.578e-06 
224   -7.7000e-02 2.00000000e-01    -8.381e-06 
225   -7.6000e-02 2.00000000e-01    -8.187e-06 
226   -7.5000e-02 2.00000000e-01    -7.997e-06 
227   -7.4000e-02 2.00000000e-01    -7.809e-06 
228   -7.3000e-02 2.00000000e-01    -7.624e-06 
229   -7.2000e-02 2.00000000e-01    -7.442e-06 
230   -7.1000e-02 2.00000000e-01    -7.264e-06 
231   -7.0000e-02 2.00000000e-01    -7.088e-06 
232   -6.9000e-02 2.00000000e-01    -6.915e-06 
233   -6.8000e-02 2.00000000e-01    -6.745e-06 
234   -6.7000e-02 2.00000000e-01    -6.577e-06 
235   -6.6000e-02 2.00000000e-01    -6.413e-06 
236   -6.5000e-02 2.00000000e-01    -6.251e-06 
237   -6.4000e-02 2.00000000e-01    -6.093e-06 
238   -6.3000e-02 2.00000000e-01    -5.936e-06 
239   -6.2000e-02 2.00000000e-01    -5.783e-06 
240   -6.1000e-02 2.00000000e-01    -5.632e-06 
241   -6.0000e-02 2.00000000e-01    -5.484e-06 
242   -5.9000e-02 2.00000000e-01    -5.339e-06 
243   -5.8000e-02 2.00000000e-01    -5.196e-06 
244   -5.7000e-02 2.00000000e-01    -5.056e-06 
245   -5.6000e-02 2.00000000e-01    -4.918e-06 
246   -5.5000e-02 2.00000000e-01    -4.783e-06 
247   -5.4000e-02 2.00000000e-01    -4.650e-06 
248   -5.3000e-02 2.00000000e-01    -4.520e-06 
249   -5.2000e-02 2.00000000e-01    -4.392e-06 
250   -5.1000e-02 2.00000000e-01    -4.267e-06 
251   -5.0000e-02 2.00000000e-01    -4.144e-06 
252   -4.9000e-02 2.00000000e-01    -4.023e-06 
253   -4.8000e-02 2.00000000e-01    -3.905e-06 
254   -4.7000e-02 2.00000000e-01    -3.789e-06 
255   -4.6000e-02 2.00000000e-01    -3.675e-06 
256   -4.5000e-02 2.00000000e-01    -3.563e-06 
257   -4.4000e-02 2.00000000e-01    -3.453e-06 
258   -4.3000e-02 2.00000000e-01    -3.346e-06 
259   -4.2000e-02 2.00000000e-01    -3.240e-06 
260   -4.1000e-02 2.00000000e-01    -3.137e-06 
261   -4.0000e-02 2.00000000e-01    -3.035e-06 
262   -3.9000e-02 2.00000000e-01    -2.936e-06 
263   -3.8000e-02 2.00000000e-01    -2.838e-06 
264   -3.7000e-02 2.00000000e-01    -2.742e-06 
265   -3.6000e-02 2.00000000e-01    -2.648e-06 
266   -3.5000e-02 2.00000000e-01    -2.556e-06 
267   -3.4000e-02 2.00000000e-01    -2.465e-06 
268   -3.3000e-02 2.00000000e-01    -2.376e-06 
269   -3.2000e-02 2.00000000e-01    -2.289e-06 
270   -3.1000e-02 2.00000000e-01    -2.203e-06 
271   -3.0000e-02 2.00000000e-01    -2.118e-06 
272   -2.9000e-02 2.00000000e-01    -2.035e-06 
273   -2.8000e-02 2.00000000e-01    -1.954e-06 
274   -2.7000e-02 2.00000000e-01    -1.874e-06 
275   -2.6000e-02 2.00000000e-01    -1.794e-06 
276   -2.5000e-02 2.00000000e-01    -1.717e-06 
277   -2.4000e-02 2.00000000e-01    -1.640e-06 
278   -2.3000e-02 2.00000000e-01    -1.564e-06 
279   -2.2000e-02 2.00000000e-01    -1.489e-06 
280   -2.1000e-02 2.00000000e-01    -1.415e-06 
281   -2.0000e-02 2.00000000e-01    -1.342e-06 
282   -1.9000e-02 2.00000000e-01    -1.270e-06 
283   -1.8000e-02 2.00000000e-01    -1.199e-06 
284   -1.7000e-02 2.00000000e-01    -1.128e-06 
285   -1.6000e-02 2.00000000e-01    -1.058e-06 
286   -1.5000e-02 2.00000000e-01    -9.886e-07 
287   -1.4000e-02 2.00000000e-01    -9.199e-07 
288   -1.3000e-02 2.00000000e-01    -8.516e-07 
289   -1.2000e-02 2.00000000e-01    -7.840e-07 
290   -1.1000e-02 2.00000000e-01    -7.168e-07 
291   -1.0000e-02 2.00000000e-01    -6.501e-07 
292   -9.0000e-03 2.00000000e-01    -5.838e-07 
293   -8.0000e-03 2.00000000e-01    -5.179e-07 
294   -7.0000e-03 2.00000000e-01    -4.523e-07 
295   -6.0000e-03 2.00000000e-01    -3.871e-07 
296   -5.0000e-03 2.00000000e-01    -3.221e-07 
297   -4.0000e-03 2.00000000e-01    -2.574e-07 
298   -3.0000e-03 2.00000000e-01    -1.929e-07 
299   -2.0000e-03 2.00000000e-01    -1.285e-07 
300   -1.0000e-03 2.00000000e-01    -6.423e-08 
301      0.       2.00000000e-01    -2.608e-15 
302    1.0000e-03 2.00000000e-01     6.423e-08 
303    2.0000e-03 2.00000000e-01     1.285e-07 
304    3.0000e-03 2.00000000e-01     1.929e-07 
305    4.0000e-03 2.00000000e-01     2.574e-07 
306    5.0000e-03 2.00000000e-01     3.221e-07 
307    6.0000e-03 2.00000000e-01     3.871e-07 
308    7.0000e-03 2.00000000e-01     4.523e-07 
309    8.0000e-03 2.00000000e-01     5.179e-07 
310    9.0000e-03 2.00000000e-01     5.838e-07 
311    1.0000e-02 2.00000000e-01     6.501e-07 
312    1.1000e-02 2.00000000e-01     7.168e-07 
313    1.2000e-02 2.00000000e-01     7.840e-07 
314    1.3000e-02 2.00000000e-01     8.516e-07 
315    1.4000e-02 2.00000000e-01     9.199e-07 
316    1.5000e-02 2.00000000e-01     9.886e-07 
317    1.6000e-02 2.00000000e-01     1.058e-06 
318    1.7000e-02 2.00000000e-01     1.128e-06 
319    1.8000e-02 2.00000000e-01     1.199e-06 
320    1.9000e-02 2.00000000e-01     1.270e-06 
321    2.0000e-02 2.00000000e-01     1.342e-06 
322    2.1000e-02 2.00000000e-01     1.415e-06 
323    2.2000e-02 2.00000000e-01     1.489e-06 
324    2.3000e-02 2.00000000e-01     1.564e-06 
325    2.4000e-02 2.00000000e-01     1.640e-06 
326    2.5000e-02 2.00000000e-01     1.717e-06 
327    2.6000e-02 2.00000000e-01     1.794e-06 
328    2.7000e-02 2.00000000e-01     1.874e-06 
329    2.8000e-02 2.00000000e-01     1.954e-06 
330    2.9000e-02 2.00000000e-01     2.035e-06 
331    3.0000e-02 2.00000000e-01     2.118e-06 
332    3.1000e-02 2.00000000e-01     2.203e-06 
333    3.2000e-02 2.00000000e-01     2.289e-06 
334    3.3000e-02 2.00000000e-01     2.376e-06 
335    3.4000e-02 2.00000000e-01     2.465e-06 
336    3.5000e-02 2.00000000e-01     2.556e-06 
337    3.6000e-02 2.00000000e-01     2.648e-06 
338    3.7000e-02 2.00000000e-01     2.742e-06 
339    3.8000e-02 2.00000000e-01     2.838e-06 
340    3.9000e-02 2.00000000e-01     2.936e-06 
341    4.0000e-02 2.00000000e-01     3.035e-06 
342    4.1000e-02 2.00000000e-01     3.137e-06 
343    4.2000e-02 2.00000000e-01     3.240e-06 
344    4.3000e-02 2.00000000e-01     3.346e-06 
345    4.4000e-02 2.00000000e-01     3.453e-06 
346    4.5000e-02 2.00000000e-01     3.563e-06 
347    4.6000e-02 2.00000000e-01     3.675e-06 
348    4.7000e-02 2.00000000e-01     3.789e-06 
349    4.8000e-02 2.00000000e-01     3.905e-06 
350    4.9000e-02 2.00000000e-01     4.023e-06 
351    5.0000e-02 2.00000000e-01     4.144e-06 
352    5.1000e-02 2.00000000e-01     4.267e-06 
353    5.2000e-02 2.00000000e-01     4.392e-06 
354    5.3000e-02 2.00000000e-01     4.520e-06 
355    5.4000e-02 2.00000000e-01     4.650e-06 
356    5.5000e-02 2.00000000e-01     4.783e-06 
357    5.6000e-02 2.00000000e-01     4.918e-06 
358    5.7000e-02 2.00000000e-01     5.056e-06 
359    5.8000e-02 2.00000000e-01     5.196e-06 
360    5.9000e-02 2.00000000e-01     5.339e-06 
361    6.0000e-02 2.00000000e-01     5.484e-06 
362    6.1000e-02 2.00000000e-01     5.632e-06 
363    6.2000e-02 2.00000000e-01     5.783e-06 
364    6.3000e-02 2.00000000e-01     5.936e-06 
365    6.4000e-02 2.00000000e-01     6.093e-06 
366    6.5000e-02 2.00000000e-01     6.251e-06 
367    6.6000e-02 2.00000000e-01     6.413e-06 
368    6.7000e-02 2.00000000e-01     6.577e-06 
369    6.8000e-02 2.00000000e-01     6.745e-06 
370    6.9000e-02 2.00000000e-01     6.915e-06 
371    7.0000e-02 2.00000000e-01     7.088e-06 
372    7.1000e-02 2.00000000e-01     7.264e-06 
373    7.2000e-02 2.00000000e-01     7.442e-06 
374    7.3000e-02 2.00000000e-01     7.624e-06 
375    7.4000e-02 2.00000000e-01     7.809e-06 
376    7.5000e-02 2.00000000e-01     7.997e-06 
377    7.6000e-02 2.00000000e-01     8.187e-06 
378    7.7000e-02 2.00000000e-01     8.381e-06 
379    7.8000e-02 2.00000000e-01     8.578e-06 
380    7.9000e-02 2.00000000e-01     8.777e-06 
381    8.0000e-02 2.00000000e-01     8.980e-06 
382    8.1000e-02 2.00000000e-01     9.186e-06 
383    8.2000e-02 2.00000000e-01     9.395e-06 
384    8.3000e-02 2.00000000e-01     9.607e-06 
385    8.4000e-02 2.00000000e-01     9.822e-06 
386    8.5000e-02 2.00000000e-01     1.004e-05 
387    8.6000e-02 2.00000000e-01     1.026e-05 
388    8.7000e-02 2.00000000e-01     1.049e-05 
389    8.8000e-02 2.00000000e-01     1.071e-05 
390    8.9000e-02 2.00000000e-01     1.095e-05 
391    9.0000e-02 2.00000000e-01     1.118e-05 
392    9.1000e-02 2.00000000e-01     1.142e-05 
393    9.2000e-02 2.00000000e-01     1.166e-05 
394    9.3000e-02 2.00000000e-01     1.190e-05 
395    9.4000e-02 2.00000000e-01     1.215e-05 
396    9.5000e-02 2.00000000e-01     1.240e-05 
397    9.6000e-02 2.00000000e-01     1.265e-05 
398    9.7000e-02 2.00000000e-01     1.291e-05 
399    9.8000e-02 2.00000000e-01     1.317e-05 
400    9.9000e-02 2.00000000e-01     1.344e-05 
401      0.10000  2.00000000e-01     1.370e-05 
402     -0.10000  4.00000000e-01    -9.957e-05 
403   -9.9000e-02 4.00000000e-01    -9.865e-05 
404   -9.8000e-02 4.00000000e-01    -9.773e-05 
405   -9.7000e-02 4.00000000e-01    -9.680e-05 
406   -9.6000e-02 4.00000000e-01    -9.588e-05 
407   -9.5000e-02 4.00000000e-01    -9.495e-05 
408   -9.4000e-02 4.00000000e-01    -9.402e-05 
409   -9.3000e-02 4.00000000e-01    -9.310e-05 
410   -9.2000e-02 4.00000000e-01    -9.217e-05 
411   -9.1000e-02 4.00000000e-01    -9.124e-05 
412   -9.0000e-02 4.00000000e-01    -9.031e-05 
413   -8.9000e-02 4.00000000e-01    -8.938e-05 
414   -8.8000e-02 4.00000000e-01    -8.845e-05 
415   -8.7000e-02 4.00000000e-01    -8.751e-05 
416   -8.6000e-02 4.00000000e-01    -8.658e-05 
417   -8.5000e-02 4.00000000e-01    -8.564e-05 
418   -8.4000e-02 4.00000000e-01    -8.471e-05 
419   -8.3000e-02 4.00000000e-01    -8.377e-05 
420   -8.2000e-02 4.00000000e-01    -8.283e-05 
421   -8.1000e-02 4.00000000e-01    -8.189e-05 
422   -8.0000e-02 4.00000000e-01    -8.095e-05 
423   -7.9000e-02 4.00000000e-01    -8.001e-05 
424   -7.8000e-02 4.00000000e-01    -7.907e-05 
425   -7.7000e-02 4.00000000e-01    -7.812e-05 
426   -7.6000e-02 4.00000000e-01    -7.718e-05 
427   -7.5000e-02 4.00000000e-01    -7.623e-05 
428   -7.4000e-02 4.00000000e-01    -7.528e-05 
429   -7.3000e-02 4.00000000e-01    -7.433e-05 
430   -7.2000e-02 4.00000000e-01    -7.338e-05 
431   -7.1000e-02 4.00000000e-01    -7.243e-05 
432   -7.0000e-02 4.00000000e-01    -7.147e-05 
433   -6.9000e-02 4.00000000e-01    -7.051e-05 
434   -6.8000e-02 4.00000000e-01    -6.956e-05 
435   -6.7000e-02 4.00000000e-01    -6.860e-05 
436   -6.6000e-02 4.00000000e-01    -6.764e-05 
437   -6.5000e-02 4.00000000e-01    -6.667e-05 
438   -6.4000e-02 4.00000000e-01    -6.571e-05 
439   -6.3000e-02 4.00000000e-01    -6.474e-05 
440   -6.2000e-02 4.00000000e-01    -6.377e-05 
441   -6.1000e-02 4.00000000e-01    -6.280e-05 
442   -6.0000e-02 4.00000000e-01    -6.183e-05 
443   -5.9000e-02 4.00000000e-01    -6.086e-05 
444   -5.8000e-02 4.00000000e-01    -5.988e-05 
445   -5.7000e-02 4.00000000e-01    -5.890e-05 
446   -5.6000e-02 4.00000000e-01    -5.792e-05 
447   -5.5000e-02 4.00000000e-01    -5.694e-05 
448   -5.4000e-02 4.00000000e-01    -5.595e-05 
449   -5.3000e-02 4.00000000e-01    -5.497e-05 
450   -5.2000e-02 4.00000000e-01    -5.398e-05 
451   -5.1000e-02 4.00000000e-01    -5.298e-05 
452   -5.0000e-02 4.00000000e-01    -5.199e-05 
453   -4.9000e-02 4.00000000e-01    -5.099e-05 
454   -4.8000e-02 4.00000000e-01    -5.000e-05 
455   -4.7000e-02 4.00000000e-01    -4.900e-05 
456   -4.6000e-02 4.00000000e-01    -4.799e-05 
457   -4.5000e-02 4.00000000e-01    -4.699e-05 
458   -4.4000e-02 4.00000000e-01    -4.598e-05 
459   -4.3000e-02 4.00000000e-01    -4.497e-05 
460   -4.2000e-02 4.00000000e-01    -4.396e-05 
461   -4.1000e-02 4.00000000e-01    -4.294e-05 
462   -4.0000e-02 4.00000000e-01    -4.193e-05 
463   -3.9000e-02 4.00000000e-01    -4.091e-05 
464   -3.8000e-02 4.00000000e-01    -3.989e-05 
465   -3.7000e-02 4.00000000e-01    -3.886e-05 
466   -3.6000e-02 4.00000000e-01    -3.784e-05 
467   -3.5000e-02 4.00000000e-01    -3.681e-05 
468   -3.4000e-02 4.00000000e-01    -3.578e-05 
469   -3.3000e-02 4.00000000e-01    -3.475e-05 
470   -3.2000e-02 4.00000000e-01    -3.372e-05 
471   -3.1000e-02 4.00000000e-01    -3.268e-05 
472   -3.0000e-02 4.00000000e-01    -3.164e-05 
473   -2.9000e-02 4.00000000e-01    -3.060e-05 
474   -2.8000e-02 4.00000000e-01    -2.956e-05 
475   -2.7000e-02 4.00000000e-01    -2.852e-05 
476   -2.6000e-02 4.00000000e-01    -2.748e-05 
477   -2.5000e-02 4.00000000e-01    -2.643e-05 
478   -2.4000e-02 4.00000000e-01    -2.538e-05 
479   -2.3000e-02 4.00000000e-01    -2.433e-05 
480   -2.2000e-02 4.00000000e-01    -2.328e-05 
481   -2.1000e-02 4.00000000e-01    -2.223e-05 
482   -2.0000e-02 4.00000000e-01    -2.118e-05 
483   -1.9000e-02 4.00000000e-01    -2.013e-05 
484   -1.8000e-02 4.00000000e-01    -1.907e-05 
485   -1.7000e-02 4.00000000e-01    -1.802e-05 
486   -1.6000e-02 4.00000000e-01    -1.696e-05 
487   -1.5000e-02 4.00000000e-01    -1.590e-05 
488   -1.4000e-02 4.00000000e-01    -1.485e-05 
489   -1.3000e-02 4.00000000e-01    -1.379e-05 
490   -1.2000e-02 4.00000000e-01    -1.273e-05 
491   -1.1000e-02 4.00000000e-01    -1.167e-05 
492   -1.0000e-02 4.00000000e-01    -1.061e-05 
493   -9.0000e-03 4.00000000e-01    -9.551e-06 
494   -8.0000e-03 4.00000000e-01    -8.490e-06 
495   -7.0000e-03 4.00000000e-01    -7.430e-06 
496   -6.0000e-03 4.00000000e-01    -6.369e-06 
497   -5.0000e-03 4.00000000e-01    -5.307e-06 
498   -4.0000e-03 4.00000000e-01    -4.246e-06 
499   -3.0000e-03 4.00000000e-01    -3.185e-06 
500   -2.0000e-03 4.00000000e-01    -2.123e-06 
501   -1.0000e-03 4.00000000e-01    -1.062e-06 
502      0.       4.00000000e-01    -1.768e-14 
503    1.0000e-03 4.00000000e-01     1.062e-06 
504    2.0000e-03 4.00000000e-01     2.123e-06 
505    3.0000e-03 4.00000000e-01     3.185e-06 
506    4.0000e-03 4.00000000e-01     4.246e-06 
507    5.0000e-03 4.00000000e-01     5.307e-06 
508    6.0000e-03 4.00000000e-01     6.369e-06 
509    7.0000e-03 4.00000000e-01     7.430e-06 
510    8.0000e-03 4.00000000e-01     8.490e-06 
511    9.0000e-03 4.00000000e-01     9.551e-06 
512    1.0000e-02 4.00000000e-01     1.061e-05 
513    1.1000e-02 4.00000000e-01     1.167e-05 
514    1.2000e-02 4.00000000e-01     1.273e-05 
515    1.3000e-02 4.00000000e-01     1.379e-05 
516    1.4000e-02 4.00000000e-01     1.485e-05 
517    1.5000e-02 4.00000000e-01     1.590e-05 
518    1.6000e-02 4.00000000e-01     1.696e-05 
519    1.7000e-02 4.00000000e-01     1.802e-05 
520    1.8000e-02 4.00000000e-01     1.907e-05 
521    1.9000e-02 4.00000000e-01     2.013e-05 
522    2.0000e-02 4.00000000e-01     2.118e-05 
523    2.1000e-02 4.00000000e-01     2.223e-05 
524    2.2000e-02 4.00000000e-01     2.328e-05 
525    2.3000e-02 4.00000000e-01     2.433e-05 
526    2.4000e-02 4.00000000e-01     2.538e-05 
527    2.5000e-02 4.00000000e-01     2.643e-05 
528    2.6000e-02 4.00000000e-01     2.748e-05 
529    2.7000e-02 4.00000000e-01     2.852e-05 
530    2.8000e-02 4.00000000e-01     2.956e-05 
531    2.9000e-02 4.00000000e-01     3.060e-05 
532    3.0000e-02 4.00000000e-01     3.164e-05 
533    3.1000e-02 4.00000000e-01     3.268e-05 
534    3.2000e-02 4.00000000e-01     3.372e-05 
535    3.3000e-02 4.00000000e-01     3.475e-05 
536    3.4000e-02 4.00000000e-01     3.578e-05 
537    3.5000e-02 4.00000000e-01     3.681e-05 
538    3.6000e-02 4.00000000e-01     3.784e-05 
539    3.7000e-02 4.00000000e-01     3.886e-05 
540    3.8000e-02 4.00000000e-01     3.989e-05 
541    3.9000e-02 4.00000000e-01     4.091e-05 
542    4.0000e-02 4.00000000e-01     4.193e-05 
543    4.1000e-02 4.00000000e-01     4.294e-05 
544    4.2000e-02 4.00000000e-01     4.396e-05 
545    4.3000e-02 4.00000000e-01     4.497e-05 
546    4.4000e-02 4.00000000e-01     4.598e-05 
547    4.5000e-02 4.00000000e-01     4.699e-05 
548    4.6000e-02 4.00000000e-01     4.799e-05 
549    4.7000e-02 4.00000000e-01     4.900e-05 
550    4.8000e-02 4.00000000e-01     5.000e-05 
551    4.9000e-02 4.00000000e-01     5.099e-05 
552    5.0000e-02 4.00000000e-01     5.199e-05 
553    5.1000e-02 4.00000000e-01     5.298e-05 
554    5.2000e-02 4.00000000e-01     5.398e-05 
555    5.3000e-02 4.00000000e-01     5.497e-05 
556    5.4000e-02 4.00000000e-01     5.595e-05 
557    5.5000e-02 4.00000000e-01     5.694e-05 
558    5.6000e-02 4.00000000e-01     5.792e-05 
559    5.7000e-02 4.00000000e-01     5.890e-05 
560    5.8000e-02 4.00000000e-01     5.988e-05 
561    5.9000e-02 4.00000000e-01     6.086e-05 
562    6.0000e-02 4.00000000e-01     6.183e-05 
563    6.1000e-02 4.00000000e-01     6.280e-05 
564    6.2000e-02 4.00000000e-01     6.377e-05 
565    6.3000e-02 4.00000000e-01     6.474e-05 
566    6.4000e-02 4.00000000e-01     6.571e-05 
567    6.5000e-02 4.00000000e-01     6.667e-05 
568    6.6000e-02 4.00000000e-01     6.764e-05 
569    6.7000e-02 4.00000000e-01     6.860e-05 
570    6.8000e-02 4.00000000e-01     6.956e-05 
571    6.9000e-02 4.00000000e-01     7.051e-05 
572    7.0000e-02 4.00000000e-01     7.147e-05 
573    7.1000e-02 4.00000000e-01     7.243e-05 
574    7.2000e-02 4.00000000e-01     7.338e-05 
575    7.3000e-02 4.00000000e-01     7.433e-05 
576    7.4000e-02 4.00000000e-01     7.528e-05 
577    7.5000e-02 4.00000000e-01     7.623e-05 
578    7.6000e-02 4.00000000e-01     7.718e-05 
579    7.7000e-02 4.00000000e-01     7.812e-05 
580    7.8000e-02 4.00000000e-01     7.907e-05 
581    7.9000e-02 4.00000000e-01     8.001e-05 
582    8.0000e-02 4.00000000e-01     8.095e-05 
583    8.1000e-02 4.00000000e-01     8.189e-05 
584    8.2000e-02 4.00000000e-01     8.283e-05 
585    8.3000e-02 4.00000000e-01     8.377e-05 
586    8.4000e-02 4.00000000e-01     8.471e-05 
587    8.5000e-02 4.00000000e-01     8.564e-05 
588    8.6000e-02 4.00000000e-01     8.658e-05 
589    8.7000e-02 4.00000000e-01     8.751e-05 
590    8.8000e-02 4.00000000e-01     8.845e-05 
591    8.9000e-02 4.00000000e-01     8.938e-05 
592    9.0000e-02 4.00000000e-01     9.031e-05 
593    9.1000e-02 4.00000000e-01     9.124e-05 
594    9.2000e-02 4.00000000e-01     9.217e-05 
595    9.3000e-02 4.00000000e-01     9.310e-05 
596    9.4000e-02 4.00000000e-01     9.402e-05 
597    9.5000e-02 4.00000000e-01     9.495e-05 
598    9.6000e-02 4.00000000e-01     9.588e-05 
599    9.7000e-02 4.00000000e-01     9.680e-05 
600    9.8000e-02 4.00000000e-01     9.773e-05 
601    9.9000e-02 4.00000000e-01     9.865e-05 
602      0.10000  4.00000000e-01     9.957e-05 
603     -0.10000  6.00000000e-01    -1.894e-04 
604   -9.9000e-02 6.00000000e-01    -1.877e-04 
605   -9.8000e-02 6.00000000e-01    -1.861e-04 
606   -9.7000e-02 6.00000000e-01    -1.844e-04 
607   -9.6000e-02 6.00000000e-01    -1.828e-04 
608   -9.5000e-02 6.00000000e-01    -1.811e-04 
609   -9.4000e-02 6.00000000e-01    -1.794e-04 
610   -9.3000e-02 6.00000000e-01    -1.777e-04 
611   -9.2000e-02 6.00000000e-01    -1.760e-04 
612   -9.1000e-02 6.00000000e-01    -1.743e-04 
613   -9.0000e-02 6.00000000e-01    -1.726e-04 
614   -8.9000e-02 6.00000000e-01    -1.709e-04 
615   -8.8000e-02 6.00000000e-01    -1.692e-04 
616   -8.7000e-02 6.00000000e-01    -1.675e-04 
617   -8.6000e-02 6.00000000e-01    -1.658e-04 
618   -8.5000e-02 6.00000000e-01    -1.641e-04 
619   -8.4000e-02 6.00000000e-01    -1.623e-04 
620   -8.3000e-02 6.00000000e-01    -1.606e-04 
621   -8.2000e-02 6.00000000e-01    -1.588e-04 
622   -8.1000e-02 6.00000000e-01    -1.571e-04 
623   -8.0000e-02 6.00000000e-01    -1.553e-04 
624   -7.9000e-02 6.00000000e-01    -1.536e-04 
625   -7.8000e-02 6.00000000e-01    -1.518e-04 
626   -7.7000e-02 6.00000000e-01    -1.500e-04 
627   -7.6000e-02 6.00000000e-01    -1.483e-04 
628   -7.5000e-02 6.00000000e-01    -1.465e-04 
629   -7.4000e-02 6.00000000e-01    -1.447e-04 
630   -7.3000e-02 6.00000000e-01    -1.429e-04 
631   -7.2000e-02 6.00000000e-01    -1.411e-04 
632   -7.1000e-02 6.00000000e-01    -1.393e-04 
633   -7.0000e-02 6.00000000e-01    -1.375e-04 
634   -6.9000e-02 6.00000000e-01    -1.357e-04 
635   -6.8000e-02 6.00000000e-01    -1.338e-04 
636   -6.7000e-02 6.00000000e-01    -1.320e-04 
637   -6.6000e-02 6.00000000e-01    -1.302e-04 
638   -6.5000e-02 6.00000000e-01    -1.283e-04 
639   -6.4000e-02 6.00000000e-01    -1.265e-04 
640   -6.3000e-02 6.00000000e-01    -1.246e-04 
641   -6.2000e-02 6.00000000e-01    -1.228e-04 
642   -6.1000e-02 6.00000000e-01    -1.209e-04 
643   -6.0000e-02 6.00000000e-01    -1.191e-04 
644   -5.9000e-02 6.00000000e-01    -1.172e-04 
645   -5.8000e-02 6.00000000e-01    -1.153e-04 
646   -5.7000e-02 6.00000000e-01    -1.134e-04 
647   -5.6000e-02 6.00000000e-01    -1.115e-04 
648   -5.5000e-02 6.00000000e-01    -1.096e-04 
649   -5.4000e-02 6.00000000e-01    -1.078e-04 
650   -5.3000e-02 6.00000000e-01    -1.058e-04 
651   -5.2000e-02 6.00000000e-01    -1.039e-04 
652   -5.1000e-02 6.00000000e-01    -1.020e-04 
653   -5.0000e-02 6.00000000e-01    -1.001e-04 
654   -4.9000e-02 6.00000000e-01    -9.819e-05 
655   -4.8000e-02 6.00000000e-01    -9.626e-05 
656   -4.7000e-02 6.00000000e-01    -9.433e-05 
657   -4.6000e-02 6.00000000e-01    -9.240e-05 
658   -4.5000e-02 6.00000000e-01    -9.046e-05 
659   -4.4000e-02 6.00000000e-01    -8.851e-05 
660   -4.3000e-02 6.00000000e-01    -8.656e-05 
661   -4.2000e-02 6.00000000e-01    -8.461e-05 
662   -4.1000e-02 6.00000000e-01    -8.265e-05 
663   -4.0000e-02 6.00000000e-01    -8.069e-05 
664   -3.9000e-02 6.00000000e-01    -7.873e-05 
665   -3.8000e-02 6.00000000e-01    -7.676e-05 
666   -3.7000e-02 6.00000000e-01    -7.478e-05 
667   -3.6000e-02 6.00000000e-01    -7.281e-05 
668   -3.5000e-02 6.00000000e-01    -7.083e-05 
669   -3.4000e-02 6.00000000e-01    -6.884e-05 
670   -3.3000e-02 6.00000000e-01    -6.686e-05 
671   -3.2000e-02 6.00000000e-01    -6.487e-05 
672   -3.1000e-02 6.00000000e-01    -6.287e-05 
673   -3.0000e-02 6.00000000e-01    -6.087e-05 
674   -2.9000e-02 6.00000000e-01    -5.887e-05 
675   -2.8000e-02 6.00000000e-01    -5.687e-05 
676   -2.7000e-02 6.00000000e-01    -5.487e-05 
677   -2.6000e-02 6.00000000e-01    -5.286e-05 
678   -2.5000e-02 6.00000000e-01    -5.084e-05 
679   -2.4000e-02 6.00000000e-01    -4.883e-05 
680   -2.3000e-02 6.00000000e-01    -4.681e-05 
681   -2.2000e-02 6.00000000e-01    -4.480e-05 
682   -2.1000e-02 6.00000000e-01    -4.277e-05 
683   -2.0000e-02 6.00000000e-01    -4.075e-05 
684   -1.9000e-02 6.00000000e-01    -3.873e-05 
685   -1.8000e-02 6.00000000e-01    -3.670e-05 
686   -1.7000e-02 6.00000000e-01    -3.467e-05 
687   -1.6000e-02 6.00000000e-01    -3.264e-05 
688   -1.5000e-02 6.00000000e-01    -3.061e-05 
689   -1.4000e-02 6.00000000e-01    -2.857e-05 
690   -1.3000e-02 6.00000000e-01    -2.654e-05 
691   -1.2000e-02 6.00000000e-01    -2.450e-05 
692   -1.1000e-02 6.00000000e-01    -2.246e-05 
693   -1.0000e-02 6.00000000e-01    -2.043e-05 
694   -9.0000e-03 6.00000000e-01    -1.839e-05 
695   -8.0000e-03 6.00000000e-01    -1.635e-05 
696   -7.0000e-03 6.00000000e-01    -1.430e-05 
697   -6.0000e-03 6.00000000e-01    -1.226e-05 
698   -5.0000e-03 6.00000000e-01    -1.022e-05 
699   -4.0000e-03 6.00000000e-01    -8.176e-06 
700   -3.0000e-03 6.00000000e-01    -6.132e-06 
701   -2.0000e-03 6.00000000e-01    -4.088e-06 
702   -1.0000e-03 6.00000000e-01    -2.044e-06 
703      0.       6.00000000e-01    -7.590e-14 
704    1.0000e-03 6.00000000e-01     2.044e-06 
705    2.0000e-03 6.00000000e-01     4.088e-06 
706    3.0000e-03 6.00000000e-01     6.132e-06 
707    4.0000e-03 6.00000000e-01     8.176e-06 
708    5.0000e-03 6.00000000e-01     1.022e-05 
709    6.0000e-03 6.00000000e-01     1.226e-05 
710    7.0000e-03 6.00000000e-01     1.430e-05 
711    8.0000e-03 6.00000000e-01     1.635e-05 
712    9.0000e-03 6.00000000e-01     1.839e-05 
713    1.0000e-02 6.00000000e-01     2.043e-05 
714    1.1000e-02 6.00000000e-01     2.246e-05 
715    1.2000e-02 6.00000000e-01     2.450e-05 
716    1.3000e-02 6.00000000e-01     2.654e-05 
717    1.4000e-02 6.00000000e-01     2.857e-05 
718    1.5000e-02 6.00000000e-01     3.061e-05 
719    1.6000e-02 6.00000000e-01     3.264e-05 
720    1.7000e-02 6.00000000e-01     3.467e-05 
721    1.8000e-02 6.00000000e-01     3.670e-05 
722    1.9000e-02 6.00000000e-01     3.873e-05 
723    2.0000e-02 6.00000000e-01     4.075e-05 
724    2.1000e-02 6.00000000e-01     4.277e-05 
725    2.2000e-02 6.00000000e-01     4.480e-05 
726    2.3000e-02 6.00000000e-01     4.681e-05 
727    2.4000e-02 6.00000000e-01     4.883e-05 
728    2.5000e-02 6.00000000e-01     5.084e-05 
729    2.6000e-02 6.00000000e-01     5.286e-05 
730    2.7000e-02 6.00000000e-01     5.487e-05 
731    2.8000e-02 6.00000000e-01     5.687e-05 
732    2.9000e-02 6.00000000e-01     5.887e-05 
733    3.0000e-02 6.00000000e-01     6.087e-05 
734    3.1000e-02 6.00000000e-01     6.287e-05 
735    3.2000e-02 6.00000000e-01     6.487e-05 
736    3.3000e-02 6.00000000e-01     6.686e-05 
737    3.4000e-02 6.00000000e-01     6.884e-05 
738    3.5000e-02 6.00000000e-01     7.083e-05 
739    3.6000e-02 6.00000000e-01     7.281e-05 
740    3.7000e-02 6.00000000e-01     7.478e-05 
741    3.8000e-02 6.00000000e-01     7.676e-05 
742    3.9000e-02 6.00000000e-01     7.873e-05 
743    4.0000e-02 6.00000000e-01     8.069e-05 
744    4.1000e-02 6.00000000e-01     8.265e-05 
745    4.2000e-02 6.00000000e-01     8.461e-05 
746    4.3000e-02 6.00000000e-01     8.656e-05 
747    4.4000e-02 6.00000000e-01     8.851e-05 
748    4.5000e-02 6.00000000e-01     9.046e-05 
749    4.6000e-02 6.00000000e-01     9.240e-05 
750    4.7000e-02 6.00000000e-01     9.433e-05 
751    4.8000e-02 6.00000000e-01     9.626e-05 
752    4.9000e-02 6.00000000e-01     9.819e-05 
753    5.0000e-02 6.00000000e-01     1.001e-04 
754    5.1000e-02 6.00000000e-01     1.020e-04 
755    5.2000e-02 6.00000000e-01     1.039e-04 
756    5.3000e-02 6.00000000e-01     1.058e-04 
757    5.4000e-02 6.00000000e-01     1.078e-04 
758    5.5000e-02 6.00000000e-01     1.096e-04 
759    5.6000e-02 6.00000000e-01     1.115e-04 
760    5.7000e-02 6.00000000e-01     1.134e-04 
761    5.8000e-02 6.00000000e-01     1.153e-04 
762    5.9000e-02 6.00000000e-01     1.172e-04 
763    6.0000e-02 6.00000000e-01     1.191e-04 
764    6.1000e-02 6.00000000e-01     1.209e-04 
765    6.2000e-02 6.00000000e-01     1.228e-04 
766    6.3000e-02 6.00000000e-01     1.246e-04 
767    6.4000e-02 6.00000000e-01     1.265e-04 
768    6.5000e-02 6.00000000e-01     1.283e-04 
769    6.6000e-02 6.00000000e-01     1.302e-04 
770    6.7000e-02 6.00000000e-01     1.320e-04 
771    6.8000e-02 6.00000000e-01     1.338e-04 
772    6.9000e-02 6.00000000e-01     1.357e-04 
773    7.0000e-02 6.00000000e-01     1.375e-04 
774    7.1000e-02 6.00000000e-01     1.393e-04 
775    7.2000e-02 6.00000000e-01     1.411e-04 
776    7.3000e-02 6.00000000e-01     1.429e-04 
777    7.4000e-02 6.00000000e-01     1.447e-04 
778    7.5000e-02 6.00000000e-01     1.465e-04 
779    7.6000e-02 6.00000000e-01     1.483e-04 
780    7.7000e-02 6.00000000e-01     1.500e-04 
781    7.8000e-02 6.00000000e-01     1.518e-04 
782    7.9000e-02 6.00000000e-01     1.536e-04 
783    8.0000e-02 6.00000000e-01     1.553e-04 
784    8.1000e-02 6.00000000e-01     1.571e-04 
785    8.2000e-02 6.00000000e-01     1.588e-04 
786    8.3000e-02 6.00000000e-01     1.606e-04 
787    8.4000e-02 6.00000000e-01     1.623e-04 
788    8.5000e-02 6.00000000e-01     1.641e-04 
789    8.6000e-02 6.00000000e-01     1.658e-04 
790    8.7000e-02 6.00000000e-01     1.675e-04 
791    8.8000e-02 6.00000000e-01     1.692e-04 
792    8.9000e-02 6.00000000e-01     1.709e-04 
793    9.0000e-02 6.00000000e-01     1.726e-04 
794    9.1000e-02 6.00000000e-01     1.743e-04 
795    9.2000e-02 6.00000000e-01     1.760e-04 
796    9.3000e-02 6.00000000e-01     1.777e-04 
797    9.4000e-02 6.00000000e-01     1.794e-04 
798    9.5000e-02 6.00000000e-01     1.811e-04 
799    9.6000e-02 6.00000000e-01     1.828e-04 
800    9.7000e-02 6.00000000e-01     1.844e-04 
801    9.8000e-02 6.00000000e-01     1.861e-04 
802    9.9000e-02 6.00000000e-01     1.877e-04 
803      0.10000  6.00000000e-01     1.894e-04 
804     -0.10000  8.00000000e-01    -2.477e-04 
805   -9.9000e-02 8.00000000e-01    -2.454e-04 
806   -9.8000e-02 8.00000000e-01    -2.432e-04 
807   -9.7000e-02 8.00000000e-01    -2.410e-04 
808   -9.6000e-02 8.00000000e-01    -2.387e-04 
809   -9.5000e-02 8.00000000e-01    -2.364e-04 
810   -9.4000e-02 8.00000000e-01    -2.342e-04 
811   -9.3000e-02 8.00000000e-01    -2.319e-04 
812   -9.2000e-02 8.00000000e-01    -2.296e-04 
813   -9.1000e-02 8.00000000e-01    -2.274e-04 
814   -9.0000e-02 8.00000000e-01    -2.251e-04 
815   -8.9000e-02 8.00000000e-01    -2.228e-04 
816   -8.8000e-02 8.00000000e-01    -2.205e-04 
817   -8.7000e-02 8.00000000e-01    -2.182e-04 
818   -8.6000e-02 8.00000000e-01    -2.159e-04 
819   -8.5000e-02 8.00000000e-01    -2.136e-04 
820   -8.4000e-02 8.00000000e-01    -2.112e-04 
821   -8.3000e-02 8.00000000e-01    -2.089e-04 
822   -8.2000e-02 8.00000000e-01    -2.066e-04 
823   -8.1000e-02 8.00000000e-01    -2.042e-04 
824   -8.0000e-02 8.00000000e-01    -2.019e-04 
825   -7.9000e-02 8.00000000e-01    -1.995e-04 
826   -7.8000e-02 8.00000000e-01    -1.972e-04 
827   -7.7000e-02 8.00000000e-01    -1.948e-04 
828   -7.6000e-02 8.00000000e-01    -1.924e-04 
829   -7.5000e-02 8.00000000e-01    -1.901e-04 
830   -7.4000e-02 8.00000000e-01    -1.877e-04 
831   -7.3000e-02 8.00000000e-01    -1.853e-04 
832   -7.2000e-02 8.00000000e-01    -1.829e-04 
833   -7.1000e-02 8.00000000e-01    -1.805e-04 
834   -7.0000e-02 8.00000000e-01    -1.781e-04 
835   -6.9000e-02 8.00000000e-01    -1.757e-04 
836   -6.8000e-02 8.00000000e-01    -1.733e-04 
837   -6.7000e-02 8.00000000e-01    -1.709e-04 
838   -6.6000e-02 8.00000000e-01    -1.685e-04 
839   -6.5000e-02 8.00000000e-01    -1.660e-04 
840   -6.4000e-02 8.00000000e-01    -1.636e-04 
841   -6.3000e-02 8.00000000e-01    -1.612e-04 
842   -6.2000e-02 8.00000000e-01    -1.587e-04 
843   -6.1000e-02 8.00000000e-01    -1.563e-04 
844   -6.0000e-02 8.00000000e-01    -1.538e-04 
845   -5.9000e-02 8.00000000e-01    -1.513e-04 
846   -5.8000e-02 8.00000000e-01    -1.489e-04 
847   -5.7000e-02 8.00000000e-01    -1.464e-04 
848   -5.6000e-02 8.00000000e-01    -1.439e-04 
849   -5.5000e-02 8.00000000e-01    -1.415e-04 
850   -5.4000e-02 8.00000000e-01    -1.390e-04 
851   -5.3000e-02 8.00000000e-01    -1.365e-04 
852   -5.2000e-02 8.00000000e-01    -1.340e-04 
853   -5.1000e-02 8.00000000e-01    -1.315e-04 
854   -5.0000e-02 8.00000000e-01    -1.290e-04 
855   -4.9000e-02 8.00000000e-01    -1.265e-04 
856   -4.8000e-02 8.00000000e-01    -1.240e-04 
857   -4.7000e-02 8.00000000e-01    -1.215e-04 
858   -4.6000e-02 8.00000000e-01    -1.189e-04 
859   -4.5000e-02 8.00000000e-01    -1.164e-04 
860   -4.4000e-02 8.00000000e-01    -1.139e-04 
861   -4.3000e-02 8.00000000e-01    -1.114e-04 
862   -4.2000e-02 8.00000000e-01    -1.088e-04 
863   -4.1000e-02 8.00000000e-01    -1.063e-04 
864   -4.0000e-02 8.00000000e-01    -1.038e-04 
865   -3.9000e-02 8.00000000e-01    -1.012e-04 
866   -3.8000e-02 8.00000000e-01    -9.866e-05 
867   -3.7000e-02 8.00000000e-01    -9.611e-05 
868   -3.6000e-02 8.00000000e-01    -9.355e-05 
869   -3.5000e-02 8.00000000e-01    -9.099e-05 
870   -3.4000e-02 8.00000000e-01    -8.843e-05 
871   -3.3000e-02 8.00000000e-01    -8.586e-05 
872   -3.2000e-02 8.00000000e-01    -8.329e-05 
873   -3.1000e-02 8.00000000e-01    -8.072e-05 
874   -3.0000e-02 8.00000000e-01    -7.815e-05 
875   -2.9000e-02 8.00000000e-01    -7.557e-05 
876   -2.8000e-02 8.00000000e-01    -7.299e-05 
877   -2.7000e-02 8.00000000e-01    -7.041e-05 
878   -2.6000e-02 8.00000000e-01    -6.782e-05 
879   -2.5000e-02 8.00000000e-01    -6.523e-05 
880   -2.4000e-02 8.00000000e-01    -6.264e-05 
881   -2.3000e-02 8.00000000e-01    -6.005e-05 
882   -2.2000e-02 8.00000000e-01    -5.745e-05 
883   -2.1000e-02 8.00000000e-01    -5.486e-05 
884   -2.0000e-02 8.00000000e-01    -5.226e-05 
885   -1.9000e-02 8.00000000e-01    -4.966e-05 
886   -1.8000e-02 8.00000000e-01    -4.705e-05 
887   -1.7000e-02 8.00000000e-01    -4.445e-05 
888   -1.6000e-02 8.00000000e-01    -4.184e-05 
889   -1.5000e-02 8.00000000e-01    -3.924e-05 
890   -1.4000e-02 8.00000000e-01    -3.663e-05 
891   -1.3000e-02 8.00000000e-01    -3.402e-05 
892   -1.2000e-02 8.00000000e-01    -3.140e-05 
893   -1.1000e-02 8.00000000e-01    -2.879e-05 
894   -1.0000e-02 8.00000000e-01    -2.618e-05 
895   -9.0000e-03 8.00000000e-01    -2.356e-05 
896   -8.0000e-03 8.00000000e-01    -2.095e-05 
897   -7.0000e-03 8.00000000e-01    -1.833e-05 
898   -6.0000e-03 8.00000000e-01    -1.571e-05 
899   -5.0000e-03 8.00000000e-01    -1.309e-05 
900   -4.0000e-03 8.00000000e-01    -1.048e-05 
901   -3.0000e-03 8.00000000e-01    -7.858e-06 
902   -2.0000e-03 8.00000000e-01    -5.239e-06 
903   -1.0000e-03 8.00000000e-01    -2.619e-06 
904      0.       8.00000000e-01    -2.743e-13 
905    1.0000e-03 8.00000000e-01     2.619e-06 
906    2.0000e-03 8.00000000e-01     5.239e-06 
907    3.0000e-03 8.00000000e-01     7.858e-06 
908    4.0000e-03 8.00000000e-01     1.048e-05 
909    5.0000e-03 8.00000000e-01     1.309e-05 
910    6.0000e-03 8.00000000e-01     1.571e-05 
911    7.0000e-03 8.00000000e-01     1.833e-05 
912    8.0000e-03 8.00000000e-01     2.095e-05 
913    9.0000e-03 8.00000000e-01     2.356e-05 
914    1.0000e-02 8.00000000e-01     2.618e-05 
915    1.1000e-02 8.00000000e-01     2.879e-05 
916    1.2000e-02 8.00000000e-01     3.140e-05 
917    1.3000e-02 8.00000000e-01     3.402e-05 
918    1.4000e-02 8.00000000e-01     3.663e-05 
919    1.5000e-02 8.00000000e-01     3.924e-05 
920    1.6000e-02 8.00000000e-01     4.184e-05 
921    1.7000e-02 8.00000000e-01     4.445e-05 
922    1.8000e-02 8.00000000e-01     4.705e-05 
923    1.9000e-02 8.00000000e-01     4.966e-05 
924    2.0000e-02 8.00000000e-01     5.226e-05 
925    2.1000e-02 8.00000000e-01     5.486e-05 
926    2.2000e-02 8.00000000e-01     5.745e-05 
927    2.3000e-02 8.00000000e-01     6.005e-05 
928    2.4000e-02 8.00000000e-01     6.264e-05 
929    2.5000e-02 8.00000000e-01     6.523e-05 
930    2.6000e-02 8.00000000e-01     6.782e-05 
931    2.7000e-02 8.00000000e-01     7.041e-05 
932    2.8000e-02 8.00000000e-01     7.299e-05 
933    2.9000e-02 8.00000000e-01     7.557e-05 
934    3.0000e-02 8.00000000e-01     7.815e-05 
935    3.1000e-02 8.00000000e-01     8.072e-05 
936    3.2000e-02 8.00000000e-01     8.329e-05 
937    3.3000e-02 8.00000000e-01     8.586e-05 
938    3.4000e-02 8.00000000e-01     8.843e-05 
939    3.5000e-02 8.00000000e-01     9.099e-05 
940    3.6000e-02 8.00000000e-01     9.355e-05 
941    3.7000e-02 8.00000000e-01     9.611e-05 
942    3.8000e-02 8.00000000e-01     9.866e-05 
943    3.9000e-02 8.00000000e-01     1.012e-04 
944    4.0000e-02 8.00000000e-01     1.038e-04 
945    4.1000e-02 8.00000000e-01     1.063e-04 
946    4.2000e-02 8.00000000e-01     1.088e-04 
947    4.3000e-02 8.00000000e-01     1.114e-04 
948    4.4000e-02 8.00000000e-01     1.139e-04 
949    4.5000e-02 8.00000000e-01     1.164e-04 
950    4.6000e-02 8.00000000e-01     1.189e-04 
951    4.7000e-02 8.00000000e-01     1.215e-04 
952    4.8000e-02 8.00000000e-01     1.240e-04 
953    4.9000e-02 8.00000000e-01     1.265e-04 
954    5.0000e-02 8.00000000e-01     1.290e-04 
955    5.1000e-02 8.00000000e-01     1.315e-04 
956    5.2000e-02 8.00000000e-01     1.340e-04 
957    5.3000e-02 8.00000000e-01     1.365e-04 
958    5.4000e-02 8.00000000e-01     1.390e-04 
959    5.5000e-02 8.00000000e-01     1.415e-04 
960    5.6000e-02 8.00000000e-01     1.439e-04 
961    5.7000e-02 8.00000000e-01     1.464e-04 
962    5.8000e-02 8.00000000e-01     1.489e-04 
963    5.9000e-02 8.00000000e-01     1.513e-04 
964    6.0000e-02 8.00000000e-01     1.538e-04 
965    6.1000e-02 8.00000000e-01     1.563e-04 
966    6.2000e-02 8.00000000e-01     1.587e-04 
967    6.3000e-02 8.00000000e-01     1.612e-04 
968    6.4000e-02 8.00000000e-01     1.636e-04 
969    6.5000e-02 8.00000000e-01     1.660e-04 
970    6.6000e-02 8.00000000e-01     1.685e-04 
971    6.7000e-02 8.00000000e-01     1.709e-04 
972    6.8000e-02 8.00000000e-01     1.733e-04 
973    6.9000e-02 8.00000000e-01     1.757e-04 
974    7.0000e-02 8.00000000e-01     1.781e-04 
975    7.1000e-02 8.00000000e-01     1.805e-04 
976    7.2000e-02 8.00000000e-01     1.829e-04 
977    7.3000e-02 8.00000000e-01     1.853e-04 
978    7.4000e-02 8.00000000e-01     1.877e-04 
979    7.5000e-02 8.00000000e-01     1.901e-04 
980    7.6000e-02 8.00000000e-01     1.924e-04 
981    7.7000e-02 8.00000000e-01     1.948e-04 
982    7.8000e-02 8.00000000e-01     1.972e-04 
983    7.9000e-02 8.00000000e-01     1.995e-04 
984    8.0000e-02 8.00000000e-01     2.019e-04 
985    8.1000e-02 8.00000000e-01     2.042e-04 
986    8.2000e-02 8.00000000e-01     2.066e-04 
987    8.3000e-02 8.00000000e-01     2.089e-04 
988    8.4000e-02 8.00000000e-01     2.112e-04 
989    8.5000e-02 8.00000000e-01     2.136e-04 
990    8.6000e-02 8.00000000e-01     2.159e-04 
991    8.7000e-02 8.00000000e-01     2.182e-04 
992    8.8000e-02 8.00000000e-01     2.205e-04 
993    8.9000e-02 8.00000000e-01     2.228e-04 
994    9.0000e-02 8.00000000e-01     2.251e-04 
995    9.1000e-02 8.00000000e-01     2.274e-04 
996    9.2000e-02 8.00000000e-01     2.296e-04 
997    9.3000e-02 8.00000000e-01     2.319e-04 
998    9.4000e-02 8.00000000e-01     2.342e-04 
999    9.5000e-02 8.00000000e-01     2.364e-04 
1000   9.6000e-02 8.00000000e-01     2.387e-04 
1001   9.7000e-02 8.00000000e-01     2.410e-04 
1002   9.8000e-02 8.00000000e-01     2.432e-04 
1003   9.9000e-02 8.00000000e-01     2.454e-04 
1004     0.10000  8.00000000e-01     2.477e-04 
1005    -0.10000  1.00000000e+00    -2.836e-04 
1006  -9.9000e-02 1.00000000e+00    -2.810e-04 
1007  -9.8000e-02 1.00000000e+00    -2.783e-04 
1008  -9.7000e-02 1.00000000e+00    -2.757e-04 
1009  -9.6000e-02 1.00000000e+00    -2.730e-04 
1010  -9.5000e-02 1.00000000e+00    -2.704e-04 
1011  -9.4000e-02 1.00000000e+00    -2.677e-04 
1012  -9.3000e-02 1.00000000e+00    -2.651e-04 
1013  -9.2000e-02 1.00000000e+00    -2.624e-04 
1014  -9.1000e-02 1.00000000e+00    -2.597e-04 
1015  -9.0000e-02 1.00000000e+00    -2.571e-04 
1016  -8.9000e-02 1.00000000e+00    -2.544e-04 
1017  -8.8000e-02 1.00000000e+00    -2.517e-04 
1018  -8.7000e-02 1.00000000e+00    -2.490e-04 
1019  -8.6000e-02 1.00000000e+00    -2.463e-04 
1020  -8.5000e-02 1.00000000e+00    -2.436e-04 
1021  -8.4000e-02 1.00000000e+00    -2.409e-04 
1022  -8.3000e-02 1.00000000e+00    -2.382e-04 
1023  -8.2000e-02 1.00000000e+00    -2.355e-04 
1024  -8.1000e-02 1.00000000e+00    -2.327e-04 
1025  -8.0000e-02 1.00000000e+00    -2.300e-04 
1026  -7.9000e-02 1.00000000e+00    -2.273e-04 
1027  -7.8000e-02 1.00000000e+00    -2.245e-04 
1028  -7.7000e-02 1.00000000e+00    -2.218e-04 
1029  -7.6000e-02 1.00000000e+00    -2.190e-04 
1030  -7.5000e-02 1.00000000e+00    -2.163e-04 
1031  -7.4000e-02 1.00000000e+00    -2.135e-04 
1032  -7.3000e-02 1.00000000e+00    -2.108e-04 
1033  -7.2000e-02 1.00000000e+00    -2.080e-04 
1034  -7.1000e-02 1.00000000e+00    -2.052e-04 
1035  -7.0000e-02 1.00000000e+00    -2.025e-04 
1036  -6.9000e-02 1.00000000e+00    -1.997e-04 
1037  -6.8000e-02 1.00000000e+00    -1.969e-04 
1038  -6.7000e-02 1.00000000e+00    -1.941e-04 
1039  -6.6000e-02 1.00000000e+00    -1.913e-04 
1040  -6.5000e-02 1.00000000e+00    -1.885e-04 
1041  -6.4000e-02 1.00000000e+00    -1.857e-04 
1042  -6.3000e-02 1.00000000e+00    -1.829e-04 
1043  -6.2000e-02 1.00000000e+00    -1.801e-04 
1044  -6.1000e-02 1.00000000e+00    -1.773e-04 
1045  -6.0000e-02 1.00000000e+00    -1.745e-04 
1046  -5.9000e-02 1.00000000e+00    -1.716e-04 
1047  -5.8000e-02 1.00000000e+00    -1.688e-04 
1048  -5.7000e-02 1.00000000e+00    -1.660e-04 
1049  -5.6000e-02 1.00000000e+00    -1.631e-04 
1050  -5.5000e-02 1.00000000e+00    -1.603e-04 
1051  -5.4000e-02 1.00000000e+00    -1.575e-04 
1052  -5.3000e-02 1.00000000e+00    -1.546e-04 
1053  -5.2000e-02 1.00000000e+00    -1.518e-04 
1054  -5.1000e-02 1.00000000e+00    -1.489e-04 
1055  -5.0000e-02 1.00000000e+00    -1.461e-04 
1056  -4.9000e-02 1.00000000e+00    -1.432e-04 
1057  -4.8000e-02 1.00000000e+00    -1.403e-04 
1058  -4.7000e-02 1.00000000e+00    -1.375e-04 
1059  -4.6000e-02 1.00000000e+00    -1.346e-04 
1060  -4.5000e-02 1.00000000e+00    -1.317e-04 
1061  -4.4000e-02 1.00000000e+00    -1.288e-04 
1062  -4.3000e-02 1.00000000e+00    -1.260e-04 
1063  -4.2000e-02 1.00000000e+00    -1.231e-04 
1064  -4.1000e-02 1.00000000e+00    -1.202e-04 
1065  -4.0000e-02 1.00000000e+00    -1.173e-04 
1066  -3.9000e-02 1.00000000e+00    -1.144e-04 
1067  -3.8000e-02 1.00000000e+00    -1.115e-04 
1068  -3.7000e-02 1.00000000e+00    -1.086e-04 
1069  -3.6000e-02 1.00000000e+00    -1.057e-04 
1070  -3.5000e-02 1.00000000e+00    -1.028e-04 
1071  -3.4000e-02 1.00000000e+00    -9.989e-05 
1072  -3.3000e-02 1.00000000e+00    -9.698e-05 
1073  -3.2000e-02 1.00000000e+00    -9.407e-05 
1074  -3.1000e-02 1.00000000e+00    -9.115e-05 
1075  -3.0000e-02 1.00000000e+00    -8.824e-05 
1076  -2.9000e-02 1.00000000e+00    -8.532e-05 
1077  -2.8000e-02 1.00000000e+00    -8.240e-05 
1078  -2.7000e-02 1.00000000e+00    -7.947e-05 
1079  -2.6000e-02 1.00000000e+00    -7.655e-05 
1080  -2.5000e-02 1.00000000e+00    -7.362e-05 
1081  -2.4000e-02 1.00000000e+00    -7.069e-05 
1082  -2.3000e-02 1.00000000e+00    -6.776e-05 
1083  -2.2000e-02 1.00000000e+00    -6.483e-05 
1084  -2.1000e-02 1.00000000e+00    -6.189e-05 
1085  -2.0000e-02 1.00000000e+00    -5.895e-05 
1086  -1.9000e-02 1.00000000e+00    -5.602e-05 
1087  -1.8000e-02 1.00000000e+00    -5.308e-05 
1088  -1.7000e-02 1.00000000e+00    -5.014e-05 
1089  -1.6000e-02 1.00000000e+00    -4.719e-05 
1090  -1.5000e-02 1.00000000e+00    -4.425e-05 
1091  -1.4000e-02 1.00000000e+00    -4.131e-05 
1092  -1.3000e-02 1.00000000e+00    -3.836e-05 
1093  -1.2000e-02 1.00000000e+00    -3.541e-05 
1094  -1.1000e-02 1.00000000e+00    -3.247e-05 
1095  -1.0000e-02 1.00000000e+00    -2.952e-05 
1096  -9.0000e-03 1.00000000e+00    -2.657e-05 
1097  -8.0000e-03 1.00000000e+00    -2.362e-05 
1098  -7.0000e-03 1.00000000e+00    -2.067e-05 
1099  -6.0000e-03 1.00000000e+00    -1.772e-05 
1100  -5.0000e-03 1.00000000e+00    -1.476e-05 
1101  -4.0000e-03 1.00000000e+00    -1.181e-05 
1102  -3.0000e-03 1.00000000e+00    -8.859e-06 
1103  -2.0000e-03 1.00000000e+00    -5.906e-06 
1104  -1.0000e-03 1.00000000e+00    -2.953e-06 
1105     0.       1.00000000e+00    -9.730e-13 
1106   1.0000e-03 1.00000000e+00     2.953e-06 
1107   2.0000e-03 1.00000000e+00     5.906e-06 
1108   3.0000e-03 1.00000000e+00     8.859e-06 
1109   4.0000e-03 1.00000000e+00     1.181e-05 
1110   5.0000e-03 1.00000000e+00     1.476e-05 
1111   6.0000e-03 1.00000000e+00     1.772e-05 
1112   7.0000e-03 1.00000000e+00     2.067e-05 
1113   8.0000e-03 1.00000000e+00     2.362e-05 
1114   9.0000e-03 1.00000000e+00     2.657e-05 
1115   1.0000e-02 1.00000000e+00     2.952e-05 
1116   1.1000e-02 1.00000000e+00     3.247e-05 
1117   1.2000e-02 1.00000000e+00     3.541e-05 
1118   1.3000e-02 1.00000000e+00     3.836e-05 
1119   1.4000e-02 1.00000000e+00     4.131e-05 
1120   1.5000e-02 1.00000000e+00     4.425e-05 
1121   1.6000e-02 1.00000000e+00     4.719e-05 
1122   1.7000e-02 1.00000000e+00     5.014e-05 
1123   1.8000e-02 1.00000000e+00     5.308e-05 
1124   1.9000e-02 1.00000000e+00     5.602e-05 
1125   2.0000e-02 1.00000000e+00     5.895e-05 
1126   2.1000e-02 1.00000000e+00     6.189e-05 
1127   2.2000e-02 1.00000000e+00     6.483e-05 
1128   2.3000e-02 1.00000000e+00     6.776e-05 
1129   2.4000e-02 1.00000000e+00     7.069e-05 
1130   2.5000e-02 1.00000000e+00     7.362e-05 
1131   2.6000e-02 1.00000000e+00     7.655e-05 
1132   2.7000e-02 1.00000000e+00     7.947e-05 
1133   2.8000e-02 1.00000000e+00     8.240e-05 
1134   2.9000e-02 1.00000000e+00     8.532e-05 
1135   3.0000e-02 1.00000000e+00     8.824e-05 
1136   3.1000e-02 1.00000000e+00     9.115e-05 
1137   3.2000e-02 1.00000000e+00     9.407e-05 
1138   3.3000e-02 1.00000000e+00     9.698e-05 
1139   3.4000e-02 1.00000000e+00     9.989e-05 
1140   3.5000e-02 1.00000000e+00     1.028e-04 
1141   3.6000e-02 1.00000000e+00     1.057e-04 
1142   3.7000e-02 1.00000000e+00     1.086e-04 
1143   3.8000e-02 1.00000000e+00     1.115e-04 
1144   3.9000e-02 1.00000000e+00     1.144e-04 
1145   4.0000e-02 1.00000000e+00     1.173e-04 
1146   4.1000e-02 1.00000000e+00     1.202e-04 
1147   4.2000e-02 1.00000000e+00     1.231e-04 
1148   4.3000e-02 1.00000000e+00     1.260e-04 
1149   4.4000e-02 1.00000000e+00     1.288e-04 
1150   4.5000e-02 1.00000000e+00     1.317e-04 
1151   4.6000e-02 1.00000000e+00     1.346e-04 
1152   4.7000e-02 1.00000000e+00     1.375e-04 
1153   4.8000e-02 1.00000000e+00     1.403e-04 
1154   4.9000e-02 1.00000000e+00     1.432e-04 
1155   5.0000e-02 1.00000000e+00     1.461e-04 
1156   5.1000e-02 1.00000000e+00     1.489e-04 
1157   5.2000e-02 1.00000000e+00     1.518e-04 
1158   5.3000e-02 1.00000000e+00     1.546e-04 
1159   5.4000e-02 1.00000000e+00     1.575e-04 
1160   5.5000e-02 1.00000000e+00     1.603e-04 
1161   5.6000e-02 1.00000000e+00     1.631e-04 
1162   5.7000e-02 1.00000000e+00     1.660e-04 
1163   5.8000e-02 1.00000000e+00     1.688e-04 
1164   5.9000e-02 1.00000000e+00     1.716e-04 
1165   6.0000e-02 1.00000000e+00     1.745e-04 
1166   6.1000e-02 1.00000000e+00     1.773e-04 
1167   6.2000e-02 1.00000000e+00     1.801e-04 
1168   6.3000e-02 1.00000000e+00     1.829e-04 
1169   6.4000e-02 1.00000000e+00     1.857e-04 
1170   6.5000e-02 1.00000000e+00     1.885e-04 
1171   6.6000e-02 1.00000000e+00     1.913e-04 
1172   6.7000e-02 1.00000000e+00     1.941e-04 
1173   6.8000e-02 1.00000000e+00     1.969e-04 
1174   6.9000e-02 1.00000000e+00     1.997e-04 
1175   7.0000e-02 1.00000000e+00     2.025e-04 
1176   7.1000e-02 1.00000000e+00     2.052e-04 
1177   7.2000e-02 1.00000000e+00     2.080e-04 
1178   7.3000e-02 1.00000000e+00     2.108e-04 
1179   7.4000e-02 1.00000000e+00     2.135e-04 
1180   7.5000e-02 1.00000000e+00     2.163e-04 
1181   7.6000e-02 1.00000000e+00     2.190e-04 
1182   7.7000e-02 1.00000000e+00     2.218e-04 
1183   7.8000e-02 1.00000000e+00     2.245e-04 
1184   7.9000e-02 1.00000000e+00     2.273e-04 
1185   8.0000e-02 1.00000000e+00     2.300e-04 
1186   8.1000e-02 1.00000000e+00     2.327e-04 
1187   8.2000e-02 1.00000000e+00     2.355e-04 
1188   8.3000e-02 1.00000000e+00     2.382e-04 
1189   8.4000e-02 1.00000000e+00     2.409e-04 
1190   8.5000e-02 1.00000000e+00     2.436e-04 
1191   8.6000e-02 1.00000000e+00     2.463e-04 
1192   8.7000e-02 1.00000000e+00     2.490e-04 
1193   8.8000e-02 1.00000000e+00     2.517e-04 
1194   8.9000e-02 1.00000000e+00     2.544e-04 
1195   9.0000e-02 1.00000000e+00     2.571e-04 
1196   9.1000e-02 1.00000000e+00     2.597e-04 
1197   9.2000e-02 1.00000000e+00     2.624e-04 
1198   9.3000e-02 1.00000000e+00     2.651e-04 
1199   9.4000e-02 1.00000000e+00     2.677e-04 
1200   9.5000e-02 1.00000000e+00     2.704e-04 
1201   9.6000e-02 1.00000000e+00     2.730e-04 
1202   9.7000e-02 1.00000000e+00     2.757e-04 
1203   9.8000e-02 1.00000000e+00     2.783e-04 
1204   9.9000e-02 1.00000000e+00     2.810e-04 
1205     0.10000  1.00000000e+00     2.836e-04 
End of Xyce(TM) Simulation
