Index     V(DRAIN)           V(GATE)        {-I(VDRAIN)}   
0       -1.00000000e-01    0.00000000e+00   -2.24360205e-07
1       -9.90000000e-02    0.00000000e+00   -2.17453032e-07
2       -9.80000000e-02    0.00000000e+00   -2.10737263e-07
3       -9.70000000e-02    0.00000000e+00   -2.04208747e-07
4       -9.60000000e-02    0.00000000e+00   -1.97863362e-07
5       -9.50000000e-02    0.00000000e+00   -1.91697016e-07
6       -9.40000000e-02    0.00000000e+00   -1.85705653e-07
7       -9.30000000e-02    0.00000000e+00   -1.79885248e-07
8       -9.20000000e-02    0.00000000e+00   -1.74231815e-07
9       -9.10000000e-02    0.00000000e+00   -1.68741405e-07
10      -9.00000000e-02    0.00000000e+00   -1.63410108e-07
11      -8.90000000e-02    0.00000000e+00   -1.58234054e-07
12      -8.80000000e-02    0.00000000e+00   -1.53209417e-07
13      -8.70000000e-02    0.00000000e+00   -1.48332415e-07
14      -8.60000000e-02    0.00000000e+00   -1.43599313e-07
15      -8.50000000e-02    0.00000000e+00   -1.39006422e-07
16      -8.40000000e-02    0.00000000e+00   -1.34550104e-07
17      -8.30000000e-02    0.00000000e+00   -1.30226773e-07
18      -8.20000000e-02    0.00000000e+00   -1.26032894e-07
19      -8.10000000e-02    0.00000000e+00   -1.21964987e-07
20      -8.00000000e-02    0.00000000e+00   -1.18019631e-07
21      -7.90000000e-02    0.00000000e+00   -1.14193460e-07
22      -7.80000000e-02    0.00000000e+00   -1.10483168e-07
23      -7.70000000e-02    0.00000000e+00   -1.06885512e-07
24      -7.60000000e-02    0.00000000e+00   -1.03397306e-07
25      -7.50000000e-02    0.00000000e+00   -1.00015433e-07
26      -7.40000000e-02    0.00000000e+00   -9.67368345e-08
27      -7.30000000e-02    0.00000000e+00   -9.35585207e-08
28      -7.20000000e-02    0.00000000e+00   -9.04775652e-08
29      -7.10000000e-02    0.00000000e+00   -8.74911074e-08
30      -7.00000000e-02    0.00000000e+00   -8.45963529e-08
31      -6.90000000e-02    0.00000000e+00   -8.17905732e-08
32      -6.80000000e-02    0.00000000e+00   -7.90711054e-08
33      -6.70000000e-02    0.00000000e+00   -7.64353522e-08
34      -6.60000000e-02    0.00000000e+00   -7.38807812e-08
35      -6.50000000e-02    0.00000000e+00   -7.14049244e-08
36      -6.40000000e-02    0.00000000e+00   -6.90053773e-08
37      -6.30000000e-02    0.00000000e+00   -6.66797979e-08
38      -6.20000000e-02    0.00000000e+00   -6.44259060e-08
39      -6.10000000e-02    0.00000000e+00   -6.22414817e-08
40      -6.00000000e-02    0.00000000e+00   -6.01243645e-08
41      -5.90000000e-02    0.00000000e+00   -5.80724517e-08
42      -5.80000000e-02    0.00000000e+00   -5.60836974e-08
43      -5.70000000e-02    0.00000000e+00   -5.41561107e-08
44      -5.60000000e-02    0.00000000e+00   -5.22877550e-08
45      -5.50000000e-02    0.00000000e+00   -5.04767456e-08
46      -5.40000000e-02    0.00000000e+00   -4.87212490e-08
47      -5.30000000e-02    0.00000000e+00   -4.70194814e-08
48      -5.20000000e-02    0.00000000e+00   -4.53697069e-08
49      -5.10000000e-02    0.00000000e+00   -4.37702362e-08
50      -5.00000000e-02    0.00000000e+00   -4.22194256e-08
51      -4.90000000e-02    0.00000000e+00   -4.07156749e-08
52      -4.80000000e-02    0.00000000e+00   -3.92574270e-08
53      -4.70000000e-02    0.00000000e+00   -3.78431654e-08
54      -4.60000000e-02    0.00000000e+00   -3.64714140e-08
55      -4.50000000e-02    0.00000000e+00   -3.51407352e-08
56      -4.40000000e-02    0.00000000e+00   -3.38497289e-08
57      -4.30000000e-02    0.00000000e+00   -3.25970311e-08
58      -4.20000000e-02    0.00000000e+00   -3.13813129e-08
59      -4.10000000e-02    0.00000000e+00   -3.02012794e-08
60      -4.00000000e-02    0.00000000e+00   -2.90556685e-08
61      -3.90000000e-02    0.00000000e+00   -2.79432496e-08
62      -3.80000000e-02    0.00000000e+00   -2.68628230e-08
63      -3.70000000e-02    0.00000000e+00   -2.58132185e-08
64      -3.60000000e-02    0.00000000e+00   -2.47932945e-08
65      -3.50000000e-02    0.00000000e+00   -2.38019370e-08
66      -3.40000000e-02    0.00000000e+00   -2.28380587e-08
67      -3.30000000e-02    0.00000000e+00   -2.19005981e-08
68      -3.20000000e-02    0.00000000e+00   -2.09885184e-08
69      -3.10000000e-02    0.00000000e+00   -2.01008069e-08
70      -3.00000000e-02    0.00000000e+00   -1.92364740e-08
71      -2.90000000e-02    0.00000000e+00   -1.83945523e-08
72      -2.80000000e-02    0.00000000e+00   -1.75740962e-08
73      -2.70000000e-02    0.00000000e+00   -1.67741806e-08
74      -2.60000000e-02    0.00000000e+00   -1.59939008e-08
75      -2.50000000e-02    0.00000000e+00   -1.52323711e-08
76      -2.40000000e-02    0.00000000e+00   -1.44887245e-08
77      -2.30000000e-02    0.00000000e+00   -1.37621118e-08
78      -2.20000000e-02    0.00000000e+00   -1.30517005e-08
79      -2.10000000e-02    0.00000000e+00   -1.23566745e-08
80      -2.00000000e-02    0.00000000e+00   -1.16762329e-08
81      -1.90000000e-02    0.00000000e+00   -1.10095893e-08
82      -1.80000000e-02    0.00000000e+00   -1.03559709e-08
83      -1.70000000e-02    0.00000000e+00   -9.71461781e-09
84      -1.60000000e-02    0.00000000e+00   -9.08478243e-09
85      -1.50000000e-02    0.00000000e+00   -8.46572846e-09
86      -1.40000000e-02    0.00000000e+00   -7.85673033e-09
87      -1.30000000e-02    0.00000000e+00   -7.25707251e-09
88      -1.20000000e-02    0.00000000e+00   -6.66604878e-09
89      -1.10000000e-02    0.00000000e+00   -6.08296162e-09
90      -1.00000000e-02    0.00000000e+00   -5.50712151e-09
91      -9.00000000e-03    0.00000000e+00   -4.93784624e-09
92      -8.00000000e-03    0.00000000e+00   -4.37446028e-09
93      -7.00000000e-03    0.00000000e+00   -3.81629413e-09
94      -6.00000000e-03    0.00000000e+00   -3.26268361e-09
95      -5.00000000e-03    0.00000000e+00   -2.71296921e-09
96      -4.00000000e-03    0.00000000e+00   -2.16649545e-09
97      -3.00000000e-03    0.00000000e+00   -1.62261019e-09
98      -2.00000000e-03    0.00000000e+00   -1.08066396e-09
99      -1.00000000e-03    0.00000000e+00   -5.40009302e-10
100      0.00000000e+00    0.00000000e+00   -2.22408288e-24
101      1.00000000e-03    0.00000000e+00    5.40088005e-10
102      2.00000000e-03    0.00000000e+00    1.08129461e-09
103      3.00000000e-03    0.00000000e+00    1.62471746e-09
104      4.00000000e-03    0.00000000e+00    2.17137135e-09
105      5.00000000e-03    0.00000000e+00    2.72210570e-09
106      6.00000000e-03    0.00000000e+00    3.27754266e-09
107      7.00000000e-03    0.00000000e+00    3.83807557e-09
108      8.00000000e-03    0.00000000e+00    4.40393897e-09
109      9.00000000e-03    0.00000000e+00    4.97532000e-09
110      1.00000000e-02    0.00000000e+00    5.55246230e-09
111      1.10000000e-02    0.00000000e+00    6.13572774e-09
112      1.20000000e-02    0.00000000e+00    6.72561087e-09
113      1.30000000e-02    0.00000000e+00    7.32272148e-09
114      1.40000000e-02    0.00000000e+00    7.92775435e-09
115      1.50000000e-02    0.00000000e+00    8.54145986e-09
116      1.60000000e-02    0.00000000e+00    9.16462128e-09
117      1.70000000e-02    0.00000000e+00    9.79803981e-09
118      1.80000000e-02    0.00000000e+00    1.04425260e-08
119      1.90000000e-02    0.00000000e+00    1.10988958e-08
120      2.00000000e-02    0.00000000e+00    1.17679690e-08
121      2.10000000e-02    0.00000000e+00    1.24505701e-08
122      2.20000000e-02    0.00000000e+00    1.31475291e-08
123      2.30000000e-02    0.00000000e+00    1.38596836e-08
124      2.40000000e-02    0.00000000e+00    1.45878802e-08
125      2.50000000e-02    0.00000000e+00    1.53329768e-08
126      2.60000000e-02    0.00000000e+00    1.60958435e-08
127      2.70000000e-02    0.00000000e+00    1.68773651e-08
128      2.80000000e-02    0.00000000e+00    1.76784416e-08
129      2.90000000e-02    0.00000000e+00    1.84999900e-08
130      3.00000000e-02    0.00000000e+00    1.93429456e-08
131      3.10000000e-02    0.00000000e+00    2.02082625e-08
132      3.20000000e-02    0.00000000e+00    2.10969153e-08
133      3.30000000e-02    0.00000000e+00    2.20098995e-08
134      3.40000000e-02    0.00000000e+00    2.29482332e-08
135      3.50000000e-02    0.00000000e+00    2.39129574e-08
136      3.60000000e-02    0.00000000e+00    2.49051375e-08
137      3.70000000e-02    0.00000000e+00    2.59258638e-08
138      3.80000000e-02    0.00000000e+00    2.69762531e-08
139      3.90000000e-02    0.00000000e+00    2.80574495e-08
140      4.00000000e-02    0.00000000e+00    2.91706250e-08
141      4.10000000e-02    0.00000000e+00    3.03169813e-08
142      4.20000000e-02    0.00000000e+00    3.14977504e-08
143      4.30000000e-02    0.00000000e+00    3.27141958e-08
144      4.40000000e-02    0.00000000e+00    3.39676137e-08
145      4.50000000e-02    0.00000000e+00    3.52593339e-08
146      4.60000000e-02    0.00000000e+00    3.65907213e-08
147      4.70000000e-02    0.00000000e+00    3.79631768e-08
148      4.80000000e-02    0.00000000e+00    3.93781387e-08
149      4.90000000e-02    0.00000000e+00    4.08370840e-08
150      5.00000000e-02    0.00000000e+00    4.23415293e-08
151      5.10000000e-02    0.00000000e+00    4.38930326e-08
152      5.20000000e-02    0.00000000e+00    4.54931944e-08
153      5.30000000e-02    0.00000000e+00    4.71436588e-08
154      5.40000000e-02    0.00000000e+00    4.88461155e-08
155      5.50000000e-02    0.00000000e+00    5.06023005e-08
156      5.60000000e-02    0.00000000e+00    5.24139982e-08
157      5.70000000e-02    0.00000000e+00    5.42830423e-08
158      5.80000000e-02    0.00000000e+00    5.62113176e-08
159      5.90000000e-02    0.00000000e+00    5.82007611e-08
160      6.00000000e-02    0.00000000e+00    6.02533637e-08
161      6.10000000e-02    0.00000000e+00    6.23711717e-08
162      6.20000000e-02    0.00000000e+00    6.45562877e-08
163      6.30000000e-02    0.00000000e+00    6.68108726e-08
164      6.40000000e-02    0.00000000e+00    6.91371463e-08
165      6.50000000e-02    0.00000000e+00    7.15373893e-08
166      6.60000000e-02    0.00000000e+00    7.40139435e-08
167      6.70000000e-02    0.00000000e+00    7.65692135e-08
168      6.80000000e-02    0.00000000e+00    7.92056676e-08
169      6.90000000e-02    0.00000000e+00    8.19258382e-08
170      7.00000000e-02    0.00000000e+00    8.47323227e-08
171      7.10000000e-02    0.00000000e+00    8.76277839e-08
172      7.20000000e-02    0.00000000e+00    9.06149507e-08
173      7.30000000e-02    0.00000000e+00    9.36966174e-08
174      7.40000000e-02    0.00000000e+00    9.68756445e-08
175      7.50000000e-02    0.00000000e+00    1.00154958e-07
176      7.60000000e-02    0.00000000e+00    1.03537550e-07
177      7.70000000e-02    0.00000000e+00    1.07026476e-07
178      7.80000000e-02    0.00000000e+00    1.10624856e-07
179      7.90000000e-02    0.00000000e+00    1.14335873e-07
180      8.00000000e-02    0.00000000e+00    1.18162772e-07
181      8.10000000e-02    0.00000000e+00    1.22108859e-07
182      8.20000000e-02    0.00000000e+00    1.26177499e-07
183      8.30000000e-02    0.00000000e+00    1.30372115e-07
184      8.40000000e-02    0.00000000e+00    1.34696185e-07
185      8.50000000e-02    0.00000000e+00    1.39153244e-07
186      8.60000000e-02    0.00000000e+00    1.43746880e-07
187      8.70000000e-02    0.00000000e+00    1.48480729e-07
188      8.80000000e-02    0.00000000e+00    1.53358481e-07
189      8.90000000e-02    0.00000000e+00    1.58383871e-07
190      9.00000000e-02    0.00000000e+00    1.63560681e-07
191      9.10000000e-02    0.00000000e+00    1.68892738e-07
192      9.20000000e-02    0.00000000e+00    1.74383910e-07
193      9.30000000e-02    0.00000000e+00    1.80038108e-07
194      9.40000000e-02    0.00000000e+00    1.85859281e-07
195      9.50000000e-02    0.00000000e+00    1.91851415e-07
196      9.60000000e-02    0.00000000e+00    1.98018535e-07
197      9.70000000e-02    0.00000000e+00    2.04364698e-07
198      9.80000000e-02    0.00000000e+00    2.10893995e-07
199      9.90000000e-02    0.00000000e+00    2.17610547e-07
200      1.00000000e-01    0.00000000e+00    2.24518507e-07
201     -1.00000000e-01    2.00000000e-01   -7.44695632e-06
202     -9.90000000e-02    2.00000000e-01   -7.35641745e-06
203     -9.80000000e-02    2.00000000e-01   -7.26637849e-06
204     -9.70000000e-02    2.00000000e-01   -7.17683454e-06
205     -9.60000000e-02    2.00000000e-01   -7.08778063e-06
206     -9.50000000e-02    2.00000000e-01   -6.99921170e-06
207     -9.40000000e-02    2.00000000e-01   -6.91112261e-06
208     -9.30000000e-02    2.00000000e-01   -6.82350817e-06
209     -9.20000000e-02    2.00000000e-01   -6.73636310e-06
210     -9.10000000e-02    2.00000000e-01   -6.64968208e-06
211     -9.00000000e-02    2.00000000e-01   -6.56345971e-06
212     -8.90000000e-02    2.00000000e-01   -6.47769056e-06
213     -8.80000000e-02    2.00000000e-01   -6.39236915e-06
214     -8.70000000e-02    2.00000000e-01   -6.30748992e-06
215     -8.60000000e-02    2.00000000e-01   -6.22304732e-06
216     -8.50000000e-02    2.00000000e-01   -6.13903572e-06
217     -8.40000000e-02    2.00000000e-01   -6.05544950e-06
218     -8.30000000e-02    2.00000000e-01   -5.97228298e-06
219     -8.20000000e-02    2.00000000e-01   -5.88953048e-06
220     -8.10000000e-02    2.00000000e-01   -5.80718629e-06
221     -8.00000000e-02    2.00000000e-01   -5.72524470e-06
222     -7.90000000e-02    2.00000000e-01   -5.64369997e-06
223     -7.80000000e-02    2.00000000e-01   -5.56254638e-06
224     -7.70000000e-02    2.00000000e-01   -5.48177818e-06
225     -7.60000000e-02    2.00000000e-01   -5.40138967e-06
226     -7.50000000e-02    2.00000000e-01   -5.32137510e-06
227     -7.40000000e-02    2.00000000e-01   -5.24172877e-06
228     -7.30000000e-02    2.00000000e-01   -5.16244498e-06
229     -7.20000000e-02    2.00000000e-01   -5.08351804e-06
230     -7.10000000e-02    2.00000000e-01   -5.00494229e-06
231     -7.00000000e-02    2.00000000e-01   -4.92671209e-06
232     -6.90000000e-02    2.00000000e-01   -4.84882181e-06
233     -6.80000000e-02    2.00000000e-01   -4.77126587e-06
234     -6.70000000e-02    2.00000000e-01   -4.69403869e-06
235     -6.60000000e-02    2.00000000e-01   -4.61713473e-06
236     -6.50000000e-02    2.00000000e-01   -4.54054850e-06
237     -6.40000000e-02    2.00000000e-01   -4.46427450e-06
238     -6.30000000e-02    2.00000000e-01   -4.38830729e-06
239     -6.20000000e-02    2.00000000e-01   -4.31264146e-06
240     -6.10000000e-02    2.00000000e-01   -4.23727162e-06
241     -6.00000000e-02    2.00000000e-01   -4.16219243e-06
242     -5.90000000e-02    2.00000000e-01   -4.08739856e-06
243     -5.80000000e-02    2.00000000e-01   -4.01288473e-06
244     -5.70000000e-02    2.00000000e-01   -3.93864567e-06
245     -5.60000000e-02    2.00000000e-01   -3.86467618e-06
246     -5.50000000e-02    2.00000000e-01   -3.79097104e-06
247     -5.40000000e-02    2.00000000e-01   -3.71752510e-06
248     -5.30000000e-02    2.00000000e-01   -3.64433320e-06
249     -5.20000000e-02    2.00000000e-01   -3.57139024e-06
250     -5.10000000e-02    2.00000000e-01   -3.49869113e-06
251     -5.00000000e-02    2.00000000e-01   -3.42623080e-06
252     -4.90000000e-02    2.00000000e-01   -3.35400420e-06
253     -4.80000000e-02    2.00000000e-01   -3.28200632e-06
254     -4.70000000e-02    2.00000000e-01   -3.21023216e-06
255     -4.60000000e-02    2.00000000e-01   -3.13867672e-06
256     -4.50000000e-02    2.00000000e-01   -3.06733504e-06
257     -4.40000000e-02    2.00000000e-01   -2.99620216e-06
258     -4.30000000e-02    2.00000000e-01   -2.92527316e-06
259     -4.20000000e-02    2.00000000e-01   -2.85454310e-06
260     -4.10000000e-02    2.00000000e-01   -2.78400707e-06
261     -4.00000000e-02    2.00000000e-01   -2.71366017e-06
262     -3.90000000e-02    2.00000000e-01   -2.64349752e-06
263     -3.80000000e-02    2.00000000e-01   -2.57351422e-06
264     -3.70000000e-02    2.00000000e-01   -2.50370542e-06
265     -3.60000000e-02    2.00000000e-01   -2.43406623e-06
266     -3.50000000e-02    2.00000000e-01   -2.36459183e-06
267     -3.40000000e-02    2.00000000e-01   -2.29527735e-06
268     -3.30000000e-02    2.00000000e-01   -2.22611796e-06
269     -3.20000000e-02    2.00000000e-01   -2.15710883e-06
270     -3.10000000e-02    2.00000000e-01   -2.08824516e-06
271     -3.00000000e-02    2.00000000e-01   -2.01952211e-06
272     -2.90000000e-02    2.00000000e-01   -1.95093491e-06
273     -2.80000000e-02    2.00000000e-01   -1.88247876e-06
274     -2.70000000e-02    2.00000000e-01   -1.81414888e-06
275     -2.60000000e-02    2.00000000e-01   -1.74594052e-06
276     -2.50000000e-02    2.00000000e-01   -1.67784892e-06
277     -2.40000000e-02    2.00000000e-01   -1.60986935e-06
278     -2.30000000e-02    2.00000000e-01   -1.54199709e-06
279     -2.20000000e-02    2.00000000e-01   -1.47422744e-06
280     -2.10000000e-02    2.00000000e-01   -1.40655572e-06
281     -2.00000000e-02    2.00000000e-01   -1.33897726e-06
282     -1.90000000e-02    2.00000000e-01   -1.27148742e-06
283     -1.80000000e-02    2.00000000e-01   -1.20408157e-06
284     -1.70000000e-02    2.00000000e-01   -1.13675512e-06
285     -1.60000000e-02    2.00000000e-01   -1.06950347e-06
286     -1.50000000e-02    2.00000000e-01   -1.00232209e-06
287     -1.40000000e-02    2.00000000e-01   -9.35206421e-07
288     -1.30000000e-02    2.00000000e-01   -8.68151966e-07
289     -1.20000000e-02    2.00000000e-01   -8.01154233e-07
290     -1.10000000e-02    2.00000000e-01   -7.34208757e-07
291     -1.00000000e-02    2.00000000e-01   -6.67311094e-07
292     -9.00000000e-03    2.00000000e-01   -6.00456821e-07
293     -8.00000000e-03    2.00000000e-01   -5.33641536e-07
294     -7.00000000e-03    2.00000000e-01   -4.66860856e-07
295     -6.00000000e-03    2.00000000e-01   -4.00110414e-07
296     -5.00000000e-03    2.00000000e-01   -3.33385861e-07
297     -4.00000000e-03    2.00000000e-01   -2.66682859e-07
298     -3.00000000e-03    2.00000000e-01   -1.99997084e-07
299     -2.00000000e-03    2.00000000e-01   -1.33324220e-07
300     -1.00000000e-03    2.00000000e-01   -6.66599597e-08
301      0.00000000e+00    2.00000000e-01    1.92621203e-22
302      1.00000000e-03    2.00000000e-01    6.66599851e-08
303      2.00000000e-03    2.00000000e-01    1.33324424e-07
304      3.00000000e-03    2.00000000e-01    1.99997767e-07
305      4.00000000e-03    2.00000000e-01    2.66684441e-07
306      5.00000000e-03    2.00000000e-01    3.33388828e-07
307      6.00000000e-03    2.00000000e-01    4.00115243e-07
308      7.00000000e-03    2.00000000e-01    4.66867939e-07
309      8.00000000e-03    2.00000000e-01    5.33651130e-07
310      9.00000000e-03    2.00000000e-01    6.00469026e-07
311      1.00000000e-02    2.00000000e-01    6.67325872e-07
312      1.10000000e-02    2.00000000e-01    7.34225969e-07
313      1.20000000e-02    2.00000000e-01    8.01173676e-07
314      1.30000000e-02    2.00000000e-01    8.68173412e-07
315      1.40000000e-02    2.00000000e-01    9.35229641e-07
316      1.50000000e-02    2.00000000e-01    1.00234686e-06
317      1.60000000e-02    2.00000000e-01    1.06952961e-06
318      1.70000000e-02    2.00000000e-01    1.13678245e-06
319      1.80000000e-02    2.00000000e-01    1.20410995e-06
320      1.90000000e-02    2.00000000e-01    1.27151673e-06
321      2.00000000e-02    2.00000000e-01    1.33900739e-06
322      2.10000000e-02    2.00000000e-01    1.40658658e-06
323      2.20000000e-02    2.00000000e-01    1.47425896e-06
324      2.30000000e-02    2.00000000e-01    1.54202921e-06
325      2.40000000e-02    2.00000000e-01    1.60990201e-06
326      2.50000000e-02    2.00000000e-01    1.67788208e-06
327      2.60000000e-02    2.00000000e-01    1.74597415e-06
328      2.70000000e-02    2.00000000e-01    1.81418295e-06
329      2.80000000e-02    2.00000000e-01    1.88251323e-06
330      2.90000000e-02    2.00000000e-01    1.95096977e-06
331      3.00000000e-02    2.00000000e-01    2.01955734e-06
332      3.10000000e-02    2.00000000e-01    2.08828074e-06
333      3.20000000e-02    2.00000000e-01    2.15714475e-06
334      3.30000000e-02    2.00000000e-01    2.22615420e-06
335      3.40000000e-02    2.00000000e-01    2.29531391e-06
336      3.50000000e-02    2.00000000e-01    2.36462870e-06
337      3.60000000e-02    2.00000000e-01    2.43410341e-06
338      3.70000000e-02    2.00000000e-01    2.50374288e-06
339      3.80000000e-02    2.00000000e-01    2.57355198e-06
340      3.90000000e-02    2.00000000e-01    2.64353556e-06
341      4.00000000e-02    2.00000000e-01    2.71369849e-06
342      4.10000000e-02    2.00000000e-01    2.78404567e-06
343      4.20000000e-02    2.00000000e-01    2.85458197e-06
344      4.30000000e-02    2.00000000e-01    2.92531230e-06
345      4.40000000e-02    2.00000000e-01    2.99624157e-06
346      4.50000000e-02    2.00000000e-01    3.06737471e-06
347      4.60000000e-02    2.00000000e-01    3.13871666e-06
348      4.70000000e-02    2.00000000e-01    3.21027237e-06
349      4.80000000e-02    2.00000000e-01    3.28204680e-06
350      4.90000000e-02    2.00000000e-01    3.35404494e-06
351      5.00000000e-02    2.00000000e-01    3.42627180e-06
352      5.10000000e-02    2.00000000e-01    3.49873239e-06
353      5.20000000e-02    2.00000000e-01    3.57143177e-06
354      5.30000000e-02    2.00000000e-01    3.64437499e-06
355      5.40000000e-02    2.00000000e-01    3.71756714e-06
356      5.50000000e-02    2.00000000e-01    3.79101335e-06
357      5.60000000e-02    2.00000000e-01    3.86471875e-06
358      5.70000000e-02    2.00000000e-01    3.93868851e-06
359      5.80000000e-02    2.00000000e-01    4.01292783e-06
360      5.90000000e-02    2.00000000e-01    4.08744192e-06
361      6.00000000e-02    2.00000000e-01    4.16223606e-06
362      6.10000000e-02    2.00000000e-01    4.23731552e-06
363      6.20000000e-02    2.00000000e-01    4.31268562e-06
364      6.30000000e-02    2.00000000e-01    4.38835172e-06
365      6.40000000e-02    2.00000000e-01    4.46431919e-06
366      6.50000000e-02    2.00000000e-01    4.54059346e-06
367      6.60000000e-02    2.00000000e-01    4.61717997e-06
368      6.70000000e-02    2.00000000e-01    4.69408419e-06
369      6.80000000e-02    2.00000000e-01    4.77131164e-06
370      6.90000000e-02    2.00000000e-01    4.84886786e-06
371      7.00000000e-02    2.00000000e-01    4.92675841e-06
372      7.10000000e-02    2.00000000e-01    5.00498888e-06
373      7.20000000e-02    2.00000000e-01    5.08356491e-06
374      7.30000000e-02    2.00000000e-01    5.16249212e-06
375      7.40000000e-02    2.00000000e-01    5.24177619e-06
376      7.50000000e-02    2.00000000e-01    5.32142280e-06
377      7.60000000e-02    2.00000000e-01    5.40143765e-06
378      7.70000000e-02    2.00000000e-01    5.48182644e-06
379      7.80000000e-02    2.00000000e-01    5.56259492e-06
380      7.90000000e-02    2.00000000e-01    5.64374879e-06
381      8.00000000e-02    2.00000000e-01    5.72529381e-06
382      8.10000000e-02    2.00000000e-01    5.80723569e-06
383      8.20000000e-02    2.00000000e-01    5.88958016e-06
384      8.30000000e-02    2.00000000e-01    5.97233295e-06
385      8.40000000e-02    2.00000000e-01    6.05549976e-06
386      8.50000000e-02    2.00000000e-01    6.13908627e-06
387      8.60000000e-02    2.00000000e-01    6.22309816e-06
388      8.70000000e-02    2.00000000e-01    6.30754106e-06
389      8.80000000e-02    2.00000000e-01    6.39242057e-06
390      8.90000000e-02    2.00000000e-01    6.47774229e-06
391      9.00000000e-02    2.00000000e-01    6.56351173e-06
392      9.10000000e-02    2.00000000e-01    6.64973440e-06
393      9.20000000e-02    2.00000000e-01    6.73641572e-06
394      9.30000000e-02    2.00000000e-01    6.82356109e-06
395      9.40000000e-02    2.00000000e-01    6.91117584e-06
396      9.50000000e-02    2.00000000e-01    6.99926523e-06
397      9.60000000e-02    2.00000000e-01    7.08783447e-06
398      9.70000000e-02    2.00000000e-01    7.17688869e-06
399      9.80000000e-02    2.00000000e-01    7.26643294e-06
400      9.90000000e-02    2.00000000e-01    7.35647221e-06
401      1.00000000e-01    2.00000000e-01    7.44701140e-06
402     -1.00000000e-01    4.00000000e-01   -2.71540088e-05
403     -9.90000000e-02    4.00000000e-01   -2.68866210e-05
404     -9.80000000e-02    4.00000000e-01   -2.66191150e-05
405     -9.70000000e-02    4.00000000e-01   -2.63514916e-05
406     -9.60000000e-02    4.00000000e-01   -2.60837519e-05
407     -9.50000000e-02    4.00000000e-01   -2.58158966e-05
408     -9.40000000e-02    4.00000000e-01   -2.55479266e-05
409     -9.30000000e-02    4.00000000e-01   -2.52798429e-05
410     -9.20000000e-02    4.00000000e-01   -2.50116465e-05
411     -9.10000000e-02    4.00000000e-01   -2.47433384e-05
412     -9.00000000e-02    4.00000000e-01   -2.44749196e-05
413     -8.90000000e-02    4.00000000e-01   -2.42063912e-05
414     -8.80000000e-02    4.00000000e-01   -2.39377542e-05
415     -8.70000000e-02    4.00000000e-01   -2.36690098e-05
416     -8.60000000e-02    4.00000000e-01   -2.34001590e-05
417     -8.50000000e-02    4.00000000e-01   -2.31312030e-05
418     -8.40000000e-02    4.00000000e-01   -2.28621429e-05
419     -8.30000000e-02    4.00000000e-01   -2.25929799e-05
420     -8.20000000e-02    4.00000000e-01   -2.23237151e-05
421     -8.10000000e-02    4.00000000e-01   -2.20543497e-05
422     -8.00000000e-02    4.00000000e-01   -2.17848848e-05
423     -7.90000000e-02    4.00000000e-01   -2.15153216e-05
424     -7.80000000e-02    4.00000000e-01   -2.12456613e-05
425     -7.70000000e-02    4.00000000e-01   -2.09759050e-05
426     -7.60000000e-02    4.00000000e-01   -2.07060539e-05
427     -7.50000000e-02    4.00000000e-01   -2.04361093e-05
428     -7.40000000e-02    4.00000000e-01   -2.01660721e-05
429     -7.30000000e-02    4.00000000e-01   -1.98959437e-05
430     -7.20000000e-02    4.00000000e-01   -1.96257251e-05
431     -7.10000000e-02    4.00000000e-01   -1.93554175e-05
432     -7.00000000e-02    4.00000000e-01   -1.90850221e-05
433     -6.90000000e-02    4.00000000e-01   -1.88145399e-05
434     -6.80000000e-02    4.00000000e-01   -1.85439720e-05
435     -6.70000000e-02    4.00000000e-01   -1.82733196e-05
436     -6.60000000e-02    4.00000000e-01   -1.80025838e-05
437     -6.50000000e-02    4.00000000e-01   -1.77317656e-05
438     -6.40000000e-02    4.00000000e-01   -1.74608661e-05
439     -6.30000000e-02    4.00000000e-01   -1.71898864e-05
440     -6.20000000e-02    4.00000000e-01   -1.69188275e-05
441     -6.10000000e-02    4.00000000e-01   -1.66476905e-05
442     -6.00000000e-02    4.00000000e-01   -1.63764763e-05
443     -5.90000000e-02    4.00000000e-01   -1.61051860e-05
444     -5.80000000e-02    4.00000000e-01   -1.58338206e-05
445     -5.70000000e-02    4.00000000e-01   -1.55623810e-05
446     -5.60000000e-02    4.00000000e-01   -1.52908682e-05
447     -5.50000000e-02    4.00000000e-01   -1.50192832e-05
448     -5.40000000e-02    4.00000000e-01   -1.47476270e-05
449     -5.30000000e-02    4.00000000e-01   -1.44759004e-05
450     -5.20000000e-02    4.00000000e-01   -1.42041044e-05
451     -5.10000000e-02    4.00000000e-01   -1.39322400e-05
452     -5.00000000e-02    4.00000000e-01   -1.36603080e-05
453     -4.90000000e-02    4.00000000e-01   -1.33883093e-05
454     -4.80000000e-02    4.00000000e-01   -1.31162449e-05
455     -4.70000000e-02    4.00000000e-01   -1.28441157e-05
456     -4.60000000e-02    4.00000000e-01   -1.25719225e-05
457     -4.50000000e-02    4.00000000e-01   -1.22996662e-05
458     -4.40000000e-02    4.00000000e-01   -1.20273478e-05
459     -4.30000000e-02    4.00000000e-01   -1.17549681e-05
460     -4.20000000e-02    4.00000000e-01   -1.14825280e-05
461     -4.10000000e-02    4.00000000e-01   -1.12100285e-05
462     -4.00000000e-02    4.00000000e-01   -1.09374704e-05
463     -3.90000000e-02    4.00000000e-01   -1.06648546e-05
464     -3.80000000e-02    4.00000000e-01   -1.03921821e-05
465     -3.70000000e-02    4.00000000e-01   -1.01194538e-05
466     -3.60000000e-02    4.00000000e-01   -9.84667065e-06
467     -3.50000000e-02    4.00000000e-01   -9.57383363e-06
468     -3.40000000e-02    4.00000000e-01   -9.30094369e-06
469     -3.30000000e-02    4.00000000e-01   -9.02800184e-06
470     -3.20000000e-02    4.00000000e-01   -8.75500910e-06
471     -3.10000000e-02    4.00000000e-01   -8.48196649e-06
472     -3.00000000e-02    4.00000000e-01   -8.20887508e-06
473     -2.90000000e-02    4.00000000e-01   -7.93573595e-06
474     -2.80000000e-02    4.00000000e-01   -7.66255022e-06
475     -2.70000000e-02    4.00000000e-01   -7.38931903e-06
476     -2.60000000e-02    4.00000000e-01   -7.11604355e-06
477     -2.50000000e-02    4.00000000e-01   -6.84272498e-06
478     -2.40000000e-02    4.00000000e-01   -6.56936455e-06
479     -2.30000000e-02    4.00000000e-01   -6.29596354e-06
480     -2.20000000e-02    4.00000000e-01   -6.02252324e-06
481     -2.10000000e-02    4.00000000e-01   -5.74904500e-06
482     -2.00000000e-02    4.00000000e-01   -5.47553020e-06
483     -1.90000000e-02    4.00000000e-01   -5.20198025e-06
484     -1.80000000e-02    4.00000000e-01   -4.92839660e-06
485     -1.70000000e-02    4.00000000e-01   -4.65478074e-06
486     -1.60000000e-02    4.00000000e-01   -4.38113420e-06
487     -1.50000000e-02    4.00000000e-01   -4.10745856e-06
488     -1.40000000e-02    4.00000000e-01   -3.83375540e-06
489     -1.30000000e-02    4.00000000e-01   -3.56002638e-06
490     -1.20000000e-02    4.00000000e-01   -3.28627317e-06
491     -1.10000000e-02    4.00000000e-01   -3.01249749e-06
492     -1.00000000e-02    4.00000000e-01   -2.73870107e-06
493     -9.00000000e-03    4.00000000e-01   -2.46488569e-06
494     -8.00000000e-03    4.00000000e-01   -2.19105316e-06
495     -7.00000000e-03    4.00000000e-01   -1.91720532e-06
496     -6.00000000e-03    4.00000000e-01   -1.64334402e-06
497     -5.00000000e-03    4.00000000e-01   -1.36947113e-06
498     -4.00000000e-03    4.00000000e-01   -1.09558857e-06
499     -3.00000000e-03    4.00000000e-01   -8.21698236e-07
500     -2.00000000e-03    4.00000000e-01   -5.47802071e-07
501     -1.00000000e-03    4.00000000e-01   -2.73902010e-07
502      0.00000000e+00    4.00000000e-01   -3.18753019e-22
503      1.00000000e-03    4.00000000e-01    2.73902017e-07
504      2.00000000e-03    4.00000000e-01    5.47802127e-07
505      3.00000000e-03    4.00000000e-01    8.21698423e-07
506      4.00000000e-03    4.00000000e-01    1.09558900e-06
507      5.00000000e-03    4.00000000e-01    1.36947194e-06
508      6.00000000e-03    4.00000000e-01    1.64334534e-06
509      7.00000000e-03    4.00000000e-01    1.91720726e-06
510      8.00000000e-03    4.00000000e-01    2.19105580e-06
511      9.00000000e-03    4.00000000e-01    2.46488905e-06
512      1.00000000e-02    4.00000000e-01    2.73870513e-06
513      1.10000000e-02    4.00000000e-01    3.01250223e-06
514      1.20000000e-02    4.00000000e-01    3.28627853e-06
515      1.30000000e-02    4.00000000e-01    3.56003230e-06
516      1.40000000e-02    4.00000000e-01    3.83376182e-06
517      1.50000000e-02    4.00000000e-01    4.10746541e-06
518      1.60000000e-02    4.00000000e-01    4.38114144e-06
519      1.70000000e-02    4.00000000e-01    4.65478831e-06
520      1.80000000e-02    4.00000000e-01    4.92840447e-06
521      1.90000000e-02    4.00000000e-01    5.20198838e-06
522      2.00000000e-02    4.00000000e-01    5.47553857e-06
523      2.10000000e-02    4.00000000e-01    5.74905359e-06
524      2.20000000e-02    4.00000000e-01    6.02253201e-06
525      2.30000000e-02    4.00000000e-01    6.29597248e-06
526      2.40000000e-02    4.00000000e-01    6.56937366e-06
527      2.50000000e-02    4.00000000e-01    6.84273423e-06
528      2.60000000e-02    4.00000000e-01    7.11605295e-06
529      2.70000000e-02    4.00000000e-01    7.38932856e-06
530      2.80000000e-02    4.00000000e-01    7.66255987e-06
531      2.90000000e-02    4.00000000e-01    7.93574572e-06
532      3.00000000e-02    4.00000000e-01    8.20888496e-06
533      3.10000000e-02    4.00000000e-01    8.48197647e-06
534      3.20000000e-02    4.00000000e-01    8.75501919e-06
535      3.30000000e-02    4.00000000e-01    9.02801203e-06
536      3.40000000e-02    4.00000000e-01    9.30095398e-06
537      3.50000000e-02    4.00000000e-01    9.57384401e-06
538      3.60000000e-02    4.00000000e-01    9.84668113e-06
539      3.70000000e-02    4.00000000e-01    1.01194644e-05
540      3.80000000e-02    4.00000000e-01    1.03921928e-05
541      3.90000000e-02    4.00000000e-01    1.06648653e-05
542      4.00000000e-02    4.00000000e-01    1.09374812e-05
543      4.10000000e-02    4.00000000e-01    1.12100394e-05
544      4.20000000e-02    4.00000000e-01    1.14825390e-05
545      4.30000000e-02    4.00000000e-01    1.17549792e-05
546      4.40000000e-02    4.00000000e-01    1.20273590e-05
547      4.50000000e-02    4.00000000e-01    1.22996775e-05
548      4.60000000e-02    4.00000000e-01    1.25719339e-05
549      4.70000000e-02    4.00000000e-01    1.28441271e-05
550      4.80000000e-02    4.00000000e-01    1.31162565e-05
551      4.90000000e-02    4.00000000e-01    1.33883210e-05
552      5.00000000e-02    4.00000000e-01    1.36603197e-05
553      5.10000000e-02    4.00000000e-01    1.39322518e-05
554      5.20000000e-02    4.00000000e-01    1.42041163e-05
555      5.30000000e-02    4.00000000e-01    1.44759124e-05
556      5.40000000e-02    4.00000000e-01    1.47476390e-05
557      5.50000000e-02    4.00000000e-01    1.50192954e-05
558      5.60000000e-02    4.00000000e-01    1.52908804e-05
559      5.70000000e-02    4.00000000e-01    1.55623933e-05
560      5.80000000e-02    4.00000000e-01    1.58338329e-05
561      5.90000000e-02    4.00000000e-01    1.61051985e-05
562      6.00000000e-02    4.00000000e-01    1.63764889e-05
563      6.10000000e-02    4.00000000e-01    1.66477031e-05
564      6.20000000e-02    4.00000000e-01    1.69188403e-05
565      6.30000000e-02    4.00000000e-01    1.71898992e-05
566      6.40000000e-02    4.00000000e-01    1.74608790e-05
567      6.50000000e-02    4.00000000e-01    1.77317786e-05
568      6.60000000e-02    4.00000000e-01    1.80025969e-05
569      6.70000000e-02    4.00000000e-01    1.82733328e-05
570      6.80000000e-02    4.00000000e-01    1.85439853e-05
571      6.90000000e-02    4.00000000e-01    1.88145532e-05
572      7.00000000e-02    4.00000000e-01    1.90850355e-05
573      7.10000000e-02    4.00000000e-01    1.93554311e-05
574      7.20000000e-02    4.00000000e-01    1.96257388e-05
575      7.30000000e-02    4.00000000e-01    1.98959575e-05
576      7.40000000e-02    4.00000000e-01    2.01660860e-05
577      7.50000000e-02    4.00000000e-01    2.04361232e-05
578      7.60000000e-02    4.00000000e-01    2.07060680e-05
579      7.70000000e-02    4.00000000e-01    2.09759191e-05
580      7.80000000e-02    4.00000000e-01    2.12456755e-05
581      7.90000000e-02    4.00000000e-01    2.15153359e-05
582      8.00000000e-02    4.00000000e-01    2.17848992e-05
583      8.10000000e-02    4.00000000e-01    2.20543642e-05
584      8.20000000e-02    4.00000000e-01    2.23237297e-05
585      8.30000000e-02    4.00000000e-01    2.25929946e-05
586      8.40000000e-02    4.00000000e-01    2.28621577e-05
587      8.50000000e-02    4.00000000e-01    2.31312179e-05
588      8.60000000e-02    4.00000000e-01    2.34001740e-05
589      8.70000000e-02    4.00000000e-01    2.36690249e-05
590      8.80000000e-02    4.00000000e-01    2.39377694e-05
591      8.90000000e-02    4.00000000e-01    2.42064065e-05
592      9.00000000e-02    4.00000000e-01    2.44749350e-05
593      9.10000000e-02    4.00000000e-01    2.47433539e-05
594      9.20000000e-02    4.00000000e-01    2.50116621e-05
595      9.30000000e-02    4.00000000e-01    2.52798586e-05
596      9.40000000e-02    4.00000000e-01    2.55479424e-05
597      9.50000000e-02    4.00000000e-01    2.58159125e-05
598      9.60000000e-02    4.00000000e-01    2.60837679e-05
599      9.70000000e-02    4.00000000e-01    2.63515078e-05
600      9.80000000e-02    4.00000000e-01    2.66191312e-05
601      9.90000000e-02    4.00000000e-01    2.68866373e-05
602      1.00000000e-01    4.00000000e-01    2.71540253e-05
603     -1.00000000e-01    6.00000000e-01   -4.68807971e-05
604     -9.90000000e-02    6.00000000e-01   -4.64189286e-05
605     -9.80000000e-02    6.00000000e-01   -4.59568601e-05
606     -9.70000000e-02    6.00000000e-01   -4.54945938e-05
607     -9.60000000e-02    6.00000000e-01   -4.50321314e-05
608     -9.50000000e-02    6.00000000e-01   -4.45694752e-05
609     -9.40000000e-02    6.00000000e-01   -4.41066270e-05
610     -9.30000000e-02    6.00000000e-01   -4.36435888e-05
611     -9.20000000e-02    6.00000000e-01   -4.31803625e-05
612     -9.10000000e-02    6.00000000e-01   -4.27169502e-05
613     -9.00000000e-02    6.00000000e-01   -4.22533537e-05
614     -8.90000000e-02    6.00000000e-01   -4.17895749e-05
615     -8.80000000e-02    6.00000000e-01   -4.13256158e-05
616     -8.70000000e-02    6.00000000e-01   -4.08614783e-05
617     -8.60000000e-02    6.00000000e-01   -4.03971641e-05
618     -8.50000000e-02    6.00000000e-01   -3.99326753e-05
619     -8.40000000e-02    6.00000000e-01   -3.94680135e-05
620     -8.30000000e-02    6.00000000e-01   -3.90031808e-05
621     -8.20000000e-02    6.00000000e-01   -3.85381789e-05
622     -8.10000000e-02    6.00000000e-01   -3.80730095e-05
623     -8.00000000e-02    6.00000000e-01   -3.76076747e-05
624     -7.90000000e-02    6.00000000e-01   -3.71421760e-05
625     -7.80000000e-02    6.00000000e-01   -3.66765154e-05
626     -7.70000000e-02    6.00000000e-01   -3.62106945e-05
627     -7.60000000e-02    6.00000000e-01   -3.57447152e-05
628     -7.50000000e-02    6.00000000e-01   -3.52785793e-05
629     -7.40000000e-02    6.00000000e-01   -3.48122883e-05
630     -7.30000000e-02    6.00000000e-01   -3.43458442e-05
631     -7.20000000e-02    6.00000000e-01   -3.38792486e-05
632     -7.10000000e-02    6.00000000e-01   -3.34125032e-05
633     -7.00000000e-02    6.00000000e-01   -3.29456097e-05
634     -6.90000000e-02    6.00000000e-01   -3.24785699e-05
635     -6.80000000e-02    6.00000000e-01   -3.20113855e-05
636     -6.70000000e-02    6.00000000e-01   -3.15440581e-05
637     -6.60000000e-02    6.00000000e-01   -3.10765894e-05
638     -6.50000000e-02    6.00000000e-01   -3.06089812e-05
639     -6.40000000e-02    6.00000000e-01   -3.01412350e-05
640     -6.30000000e-02    6.00000000e-01   -2.96733525e-05
641     -6.20000000e-02    6.00000000e-01   -2.92053355e-05
642     -6.10000000e-02    6.00000000e-01   -2.87371856e-05
643     -6.00000000e-02    6.00000000e-01   -2.82689044e-05
644     -5.90000000e-02    6.00000000e-01   -2.78004935e-05
645     -5.80000000e-02    6.00000000e-01   -2.73319548e-05
646     -5.70000000e-02    6.00000000e-01   -2.68632898e-05
647     -5.60000000e-02    6.00000000e-01   -2.63945001e-05
648     -5.50000000e-02    6.00000000e-01   -2.59255875e-05
649     -5.40000000e-02    6.00000000e-01   -2.54565535e-05
650     -5.30000000e-02    6.00000000e-01   -2.49874000e-05
651     -5.20000000e-02    6.00000000e-01   -2.45181284e-05
652     -5.10000000e-02    6.00000000e-01   -2.40487406e-05
653     -5.00000000e-02    6.00000000e-01   -2.35792382e-05
654     -4.90000000e-02    6.00000000e-01   -2.31096228e-05
655     -4.80000000e-02    6.00000000e-01   -2.26398962e-05
656     -4.70000000e-02    6.00000000e-01   -2.21700600e-05
657     -4.60000000e-02    6.00000000e-01   -2.17001160e-05
658     -4.50000000e-02    6.00000000e-01   -2.12300660e-05
659     -4.40000000e-02    6.00000000e-01   -2.07599115e-05
660     -4.30000000e-02    6.00000000e-01   -2.02896544e-05
661     -4.20000000e-02    6.00000000e-01   -1.98192965e-05
662     -4.10000000e-02    6.00000000e-01   -1.93488394e-05
663     -4.00000000e-02    6.00000000e-01   -1.88782851e-05
664     -3.90000000e-02    6.00000000e-01   -1.84076353e-05
665     -3.80000000e-02    6.00000000e-01   -1.79368917e-05
666     -3.70000000e-02    6.00000000e-01   -1.74660564e-05
667     -3.60000000e-02    6.00000000e-01   -1.69951311e-05
668     -3.50000000e-02    6.00000000e-01   -1.65241177e-05
669     -3.40000000e-02    6.00000000e-01   -1.60530182e-05
670     -3.30000000e-02    6.00000000e-01   -1.55818344e-05
671     -3.20000000e-02    6.00000000e-01   -1.51105684e-05
672     -3.10000000e-02    6.00000000e-01   -1.46392221e-05
673     -3.00000000e-02    6.00000000e-01   -1.41677975e-05
674     -2.90000000e-02    6.00000000e-01   -1.36962967e-05
675     -2.80000000e-02    6.00000000e-01   -1.32247218e-05
676     -2.70000000e-02    6.00000000e-01   -1.27530748e-05
677     -2.60000000e-02    6.00000000e-01   -1.22813579e-05
678     -2.50000000e-02    6.00000000e-01   -1.18095733e-05
679     -2.40000000e-02    6.00000000e-01   -1.13377231e-05
680     -2.30000000e-02    6.00000000e-01   -1.08658096e-05
681     -2.20000000e-02    6.00000000e-01   -1.03938352e-05
682     -2.10000000e-02    6.00000000e-01   -9.92180198e-06
683     -2.00000000e-02    6.00000000e-01   -9.44971243e-06
684     -1.90000000e-02    6.00000000e-01   -8.97756889e-06
685     -1.80000000e-02    6.00000000e-01   -8.50537379e-06
686     -1.70000000e-02    6.00000000e-01   -8.03312956e-06
687     -1.60000000e-02    6.00000000e-01   -7.56083872e-06
688     -1.50000000e-02    6.00000000e-01   -7.08850377e-06
689     -1.40000000e-02    6.00000000e-01   -6.61612727e-06
690     -1.30000000e-02    6.00000000e-01   -6.14371184e-06
691     -1.20000000e-02    6.00000000e-01   -5.67126007e-06
692     -1.10000000e-02    6.00000000e-01   -5.19877465e-06
693     -1.00000000e-02    6.00000000e-01   -4.72625825e-06
694     -9.00000000e-03    6.00000000e-01   -4.25371360e-06
695     -8.00000000e-03    6.00000000e-01   -3.78114343e-06
696     -7.00000000e-03    6.00000000e-01   -3.30855052e-06
697     -6.00000000e-03    6.00000000e-01   -2.83593765e-06
698     -5.00000000e-03    6.00000000e-01   -2.36330765e-06
699     -4.00000000e-03    6.00000000e-01   -1.89066333e-06
700     -3.00000000e-03    6.00000000e-01   -1.41800755e-06
701     -2.00000000e-03    6.00000000e-01   -9.45343154e-07
702     -1.00000000e-03    6.00000000e-01   -4.72673014e-07
703      0.00000000e+00    6.00000000e-01    1.27657031e-21
704      1.00000000e-03    6.00000000e-01    4.72673016e-07
705      2.00000000e-03    6.00000000e-01    9.45343167e-07
706      3.00000000e-03    6.00000000e-01    1.41800759e-06
707      4.00000000e-03    6.00000000e-01    1.89066343e-06
708      5.00000000e-03    6.00000000e-01    2.36330783e-06
709      6.00000000e-03    6.00000000e-01    2.83593795e-06
710      7.00000000e-03    6.00000000e-01    3.30855095e-06
711      8.00000000e-03    6.00000000e-01    3.78114401e-06
712      9.00000000e-03    6.00000000e-01    4.25371434e-06
713      1.00000000e-02    6.00000000e-01    4.72625916e-06
714      1.10000000e-02    6.00000000e-01    5.19877571e-06
715      1.20000000e-02    6.00000000e-01    5.67126127e-06
716      1.30000000e-02    6.00000000e-01    6.14371316e-06
717      1.40000000e-02    6.00000000e-01    6.61612871e-06
718      1.50000000e-02    6.00000000e-01    7.08850530e-06
719      1.60000000e-02    6.00000000e-01    7.56084034e-06
720      1.70000000e-02    6.00000000e-01    8.03313127e-06
721      1.80000000e-02    6.00000000e-01    8.50537556e-06
722      1.90000000e-02    6.00000000e-01    8.97757072e-06
723      2.00000000e-02    6.00000000e-01    9.44971432e-06
724      2.10000000e-02    6.00000000e-01    9.92180392e-06
725      2.20000000e-02    6.00000000e-01    1.03938371e-05
726      2.30000000e-02    6.00000000e-01    1.08658117e-05
727      2.40000000e-02    6.00000000e-01    1.13377252e-05
728      2.50000000e-02    6.00000000e-01    1.18095754e-05
729      2.60000000e-02    6.00000000e-01    1.22813600e-05
730      2.70000000e-02    6.00000000e-01    1.27530769e-05
731      2.80000000e-02    6.00000000e-01    1.32247240e-05
732      2.90000000e-02    6.00000000e-01    1.36962989e-05
733      3.00000000e-02    6.00000000e-01    1.41677998e-05
734      3.10000000e-02    6.00000000e-01    1.46392244e-05
735      3.20000000e-02    6.00000000e-01    1.51105707e-05
736      3.30000000e-02    6.00000000e-01    1.55818368e-05
737      3.40000000e-02    6.00000000e-01    1.60530205e-05
738      3.50000000e-02    6.00000000e-01    1.65241201e-05
739      3.60000000e-02    6.00000000e-01    1.69951335e-05
740      3.70000000e-02    6.00000000e-01    1.74660588e-05
741      3.80000000e-02    6.00000000e-01    1.79368942e-05
742      3.90000000e-02    6.00000000e-01    1.84076377e-05
743      4.00000000e-02    6.00000000e-01    1.88782876e-05
744      4.10000000e-02    6.00000000e-01    1.93488420e-05
745      4.20000000e-02    6.00000000e-01    1.98192990e-05
746      4.30000000e-02    6.00000000e-01    2.02896570e-05
747      4.40000000e-02    6.00000000e-01    2.07599141e-05
748      4.50000000e-02    6.00000000e-01    2.12300686e-05
749      4.60000000e-02    6.00000000e-01    2.17001187e-05
750      4.70000000e-02    6.00000000e-01    2.21700627e-05
751      4.80000000e-02    6.00000000e-01    2.26398989e-05
752      4.90000000e-02    6.00000000e-01    2.31096255e-05
753      5.00000000e-02    6.00000000e-01    2.35792409e-05
754      5.10000000e-02    6.00000000e-01    2.40487434e-05
755      5.20000000e-02    6.00000000e-01    2.45181312e-05
756      5.30000000e-02    6.00000000e-01    2.49874028e-05
757      5.40000000e-02    6.00000000e-01    2.54565564e-05
758      5.50000000e-02    6.00000000e-01    2.59255903e-05
759      5.60000000e-02    6.00000000e-01    2.63945030e-05
760      5.70000000e-02    6.00000000e-01    2.68632927e-05
761      5.80000000e-02    6.00000000e-01    2.73319577e-05
762      5.90000000e-02    6.00000000e-01    2.78004965e-05
763      6.00000000e-02    6.00000000e-01    2.82689073e-05
764      6.10000000e-02    6.00000000e-01    2.87371886e-05
765      6.20000000e-02    6.00000000e-01    2.92053385e-05
766      6.30000000e-02    6.00000000e-01    2.96733556e-05
767      6.40000000e-02    6.00000000e-01    3.01412380e-05
768      6.50000000e-02    6.00000000e-01    3.06089843e-05
769      6.60000000e-02    6.00000000e-01    3.10765926e-05
770      6.70000000e-02    6.00000000e-01    3.15440613e-05
771      6.80000000e-02    6.00000000e-01    3.20113887e-05
772      6.90000000e-02    6.00000000e-01    3.24785731e-05
773      7.00000000e-02    6.00000000e-01    3.29456129e-05
774      7.10000000e-02    6.00000000e-01    3.34125064e-05
775      7.20000000e-02    6.00000000e-01    3.38792518e-05
776      7.30000000e-02    6.00000000e-01    3.43458475e-05
777      7.40000000e-02    6.00000000e-01    3.48122916e-05
778      7.50000000e-02    6.00000000e-01    3.52785826e-05
779      7.60000000e-02    6.00000000e-01    3.57447186e-05
780      7.70000000e-02    6.00000000e-01    3.62106979e-05
781      7.80000000e-02    6.00000000e-01    3.66765188e-05
782      7.90000000e-02    6.00000000e-01    3.71421795e-05
783      8.00000000e-02    6.00000000e-01    3.76076781e-05
784      8.10000000e-02    6.00000000e-01    3.80730130e-05
785      8.20000000e-02    6.00000000e-01    3.85381824e-05
786      8.30000000e-02    6.00000000e-01    3.90031844e-05
787      8.40000000e-02    6.00000000e-01    3.94680171e-05
788      8.50000000e-02    6.00000000e-01    3.99326789e-05
789      8.60000000e-02    6.00000000e-01    4.03971678e-05
790      8.70000000e-02    6.00000000e-01    4.08614819e-05
791      8.80000000e-02    6.00000000e-01    4.13256195e-05
792      8.90000000e-02    6.00000000e-01    4.17895787e-05
793      9.00000000e-02    6.00000000e-01    4.22533574e-05
794      9.10000000e-02    6.00000000e-01    4.27169540e-05
795      9.20000000e-02    6.00000000e-01    4.31803663e-05
796      9.30000000e-02    6.00000000e-01    4.36435926e-05
797      9.40000000e-02    6.00000000e-01    4.41066308e-05
798      9.50000000e-02    6.00000000e-01    4.45694791e-05
799      9.60000000e-02    6.00000000e-01    4.50321354e-05
800      9.70000000e-02    6.00000000e-01    4.54945977e-05
801      9.80000000e-02    6.00000000e-01    4.59568641e-05
802      9.90000000e-02    6.00000000e-01    4.64189326e-05
803      1.00000000e-01    6.00000000e-01    4.68808012e-05
804     -1.00000000e-01    8.00000000e-01   -6.18658734e-05
805     -9.90000000e-02    8.00000000e-01   -6.12541777e-05
806     -9.80000000e-02    8.00000000e-01   -6.06422835e-05
807     -9.70000000e-02    8.00000000e-01   -6.00301926e-05
808     -9.60000000e-02    8.00000000e-01   -5.94179068e-05
809     -9.50000000e-02    8.00000000e-01   -5.88054278e-05
810     -9.40000000e-02    8.00000000e-01   -5.81927575e-05
811     -9.30000000e-02    8.00000000e-01   -5.75798976e-05
812     -9.20000000e-02    8.00000000e-01   -5.69668499e-05
813     -9.10000000e-02    8.00000000e-01   -5.63536161e-05
814     -9.00000000e-02    8.00000000e-01   -5.57401980e-05
815     -8.90000000e-02    8.00000000e-01   -5.51265973e-05
816     -8.80000000e-02    8.00000000e-01   -5.45128159e-05
817     -8.70000000e-02    8.00000000e-01   -5.38988553e-05
818     -8.60000000e-02    8.00000000e-01   -5.32847174e-05
819     -8.50000000e-02    8.00000000e-01   -5.26704040e-05
820     -8.40000000e-02    8.00000000e-01   -5.20559167e-05
821     -8.30000000e-02    8.00000000e-01   -5.14412572e-05
822     -8.20000000e-02    8.00000000e-01   -5.08264273e-05
823     -8.10000000e-02    8.00000000e-01   -5.02114287e-05
824     -8.00000000e-02    8.00000000e-01   -4.95962632e-05
825     -7.90000000e-02    8.00000000e-01   -4.89809324e-05
826     -7.80000000e-02    8.00000000e-01   -4.83654381e-05
827     -7.70000000e-02    8.00000000e-01   -4.77497819e-05
828     -7.60000000e-02    8.00000000e-01   -4.71339656e-05
829     -7.50000000e-02    8.00000000e-01   -4.65179910e-05
830     -7.40000000e-02    8.00000000e-01   -4.59018596e-05
831     -7.30000000e-02    8.00000000e-01   -4.52855732e-05
832     -7.20000000e-02    8.00000000e-01   -4.46691335e-05
833     -7.10000000e-02    8.00000000e-01   -4.40525423e-05
834     -7.00000000e-02    8.00000000e-01   -4.34358012e-05
835     -6.90000000e-02    8.00000000e-01   -4.28189119e-05
836     -6.80000000e-02    8.00000000e-01   -4.22018761e-05
837     -6.70000000e-02    8.00000000e-01   -4.15846956e-05
838     -6.60000000e-02    8.00000000e-01   -4.09673720e-05
839     -6.50000000e-02    8.00000000e-01   -4.03499070e-05
840     -6.40000000e-02    8.00000000e-01   -3.97323025e-05
841     -6.30000000e-02    8.00000000e-01   -3.91145600e-05
842     -6.20000000e-02    8.00000000e-01   -3.84966812e-05
843     -6.10000000e-02    8.00000000e-01   -3.78786680e-05
844     -6.00000000e-02    8.00000000e-01   -3.72605220e-05
845     -5.90000000e-02    8.00000000e-01   -3.66422450e-05
846     -5.80000000e-02    8.00000000e-01   -3.60238387e-05
847     -5.70000000e-02    8.00000000e-01   -3.54053047e-05
848     -5.60000000e-02    8.00000000e-01   -3.47866449e-05
849     -5.50000000e-02    8.00000000e-01   -3.41678610e-05
850     -5.40000000e-02    8.00000000e-01   -3.35489547e-05
851     -5.30000000e-02    8.00000000e-01   -3.29299279e-05
852     -5.20000000e-02    8.00000000e-01   -3.23107821e-05
853     -5.10000000e-02    8.00000000e-01   -3.16915193e-05
854     -5.00000000e-02    8.00000000e-01   -3.10721412e-05
855     -4.90000000e-02    8.00000000e-01   -3.04526496e-05
856     -4.80000000e-02    8.00000000e-01   -2.98330463e-05
857     -4.70000000e-02    8.00000000e-01   -2.92133331e-05
858     -4.60000000e-02    8.00000000e-01   -2.85935117e-05
859     -4.50000000e-02    8.00000000e-01   -2.79735841e-05
860     -4.40000000e-02    8.00000000e-01   -2.73535521e-05
861     -4.30000000e-02    8.00000000e-01   -2.67334175e-05
862     -4.20000000e-02    8.00000000e-01   -2.61131822e-05
863     -4.10000000e-02    8.00000000e-01   -2.54928480e-05
864     -4.00000000e-02    8.00000000e-01   -2.48724169e-05
865     -3.90000000e-02    8.00000000e-01   -2.42518907e-05
866     -3.80000000e-02    8.00000000e-01   -2.36312715e-05
867     -3.70000000e-02    8.00000000e-01   -2.30105611e-05
868     -3.60000000e-02    8.00000000e-01   -2.23897614e-05
869     -3.50000000e-02    8.00000000e-01   -2.17688746e-05
870     -3.40000000e-02    8.00000000e-01   -2.11479025e-05
871     -3.30000000e-02    8.00000000e-01   -2.05268471e-05
872     -3.20000000e-02    8.00000000e-01   -1.99057106e-05
873     -3.10000000e-02    8.00000000e-01   -1.92844950e-05
874     -3.00000000e-02    8.00000000e-01   -1.86632024e-05
875     -2.90000000e-02    8.00000000e-01   -1.80418348e-05
876     -2.80000000e-02    8.00000000e-01   -1.74203945e-05
877     -2.70000000e-02    8.00000000e-01   -1.67988835e-05
878     -2.60000000e-02    8.00000000e-01   -1.61773040e-05
879     -2.50000000e-02    8.00000000e-01   -1.55556583e-05
880     -2.40000000e-02    8.00000000e-01   -1.49339486e-05
881     -2.30000000e-02    8.00000000e-01   -1.43121772e-05
882     -2.20000000e-02    8.00000000e-01   -1.36903462e-05
883     -2.10000000e-02    8.00000000e-01   -1.30684582e-05
884     -2.00000000e-02    8.00000000e-01   -1.24465153e-05
885     -1.90000000e-02    8.00000000e-01   -1.18245200e-05
886     -1.80000000e-02    8.00000000e-01   -1.12024747e-05
887     -1.70000000e-02    8.00000000e-01   -1.05803818e-05
888     -1.60000000e-02    8.00000000e-01   -9.95824378e-06
889     -1.50000000e-02    8.00000000e-01   -9.33606310e-06
890     -1.40000000e-02    8.00000000e-01   -8.71384228e-06
891     -1.30000000e-02    8.00000000e-01   -8.09158387e-06
892     -1.20000000e-02    8.00000000e-01   -7.46929043e-06
893     -1.10000000e-02    8.00000000e-01   -6.84696455e-06
894     -1.00000000e-02    8.00000000e-01   -6.22460885e-06
895     -9.00000000e-03    8.00000000e-01   -5.60222595e-06
896     -8.00000000e-03    8.00000000e-01   -4.97981852e-06
897     -7.00000000e-03    8.00000000e-01   -4.35738923e-06
898     -6.00000000e-03    8.00000000e-01   -3.73494077e-06
899     -5.00000000e-03    8.00000000e-01   -3.11247585e-06
900     -4.00000000e-03    8.00000000e-01   -2.48999720e-06
901     -3.00000000e-03    8.00000000e-01   -1.86750754e-06
902     -2.00000000e-03    8.00000000e-01   -1.24500962e-06
903     -1.00000000e-03    8.00000000e-01   -6.22506188e-07
904      0.00000000e+00    8.00000000e-01   -2.82884695e-20
905      1.00000000e-03    8.00000000e-01    6.22506188e-07
906      2.00000000e-03    8.00000000e-01    1.24500962e-06
907      3.00000000e-03    8.00000000e-01    1.86750754e-06
908      4.00000000e-03    8.00000000e-01    2.48999721e-06
909      5.00000000e-03    8.00000000e-01    3.11247588e-06
910      6.00000000e-03    8.00000000e-01    3.73494082e-06
911      7.00000000e-03    8.00000000e-01    4.35738930e-06
912      8.00000000e-03    8.00000000e-01    4.97981862e-06
913      9.00000000e-03    8.00000000e-01    5.60222608e-06
914      1.00000000e-02    8.00000000e-01    6.22460900e-06
915      1.10000000e-02    8.00000000e-01    6.84696473e-06
916      1.20000000e-02    8.00000000e-01    7.46929064e-06
917      1.30000000e-02    8.00000000e-01    8.09158410e-06
918      1.40000000e-02    8.00000000e-01    8.71384253e-06
919      1.50000000e-02    8.00000000e-01    9.33606336e-06
920      1.60000000e-02    8.00000000e-01    9.95824406e-06
921      1.70000000e-02    8.00000000e-01    1.05803821e-05
922      1.80000000e-02    8.00000000e-01    1.12024750e-05
923      1.90000000e-02    8.00000000e-01    1.18245203e-05
924      2.00000000e-02    8.00000000e-01    1.24465156e-05
925      2.10000000e-02    8.00000000e-01    1.30684585e-05
926      2.20000000e-02    8.00000000e-01    1.36903466e-05
927      2.30000000e-02    8.00000000e-01    1.43121775e-05
928      2.40000000e-02    8.00000000e-01    1.49339490e-05
929      2.50000000e-02    8.00000000e-01    1.55556587e-05
930      2.60000000e-02    8.00000000e-01    1.61773044e-05
931      2.70000000e-02    8.00000000e-01    1.67988839e-05
932      2.80000000e-02    8.00000000e-01    1.74203949e-05
933      2.90000000e-02    8.00000000e-01    1.80418352e-05
934      3.00000000e-02    8.00000000e-01    1.86632028e-05
935      3.10000000e-02    8.00000000e-01    1.92844954e-05
936      3.20000000e-02    8.00000000e-01    1.99057111e-05
937      3.30000000e-02    8.00000000e-01    2.05268476e-05
938      3.40000000e-02    8.00000000e-01    2.11479029e-05
939      3.50000000e-02    8.00000000e-01    2.17688750e-05
940      3.60000000e-02    8.00000000e-01    2.23897619e-05
941      3.70000000e-02    8.00000000e-01    2.30105615e-05
942      3.80000000e-02    8.00000000e-01    2.36312719e-05
943      3.90000000e-02    8.00000000e-01    2.42518912e-05
944      4.00000000e-02    8.00000000e-01    2.48724173e-05
945      4.10000000e-02    8.00000000e-01    2.54928485e-05
946      4.20000000e-02    8.00000000e-01    2.61131826e-05
947      4.30000000e-02    8.00000000e-01    2.67334180e-05
948      4.40000000e-02    8.00000000e-01    2.73535526e-05
949      4.50000000e-02    8.00000000e-01    2.79735846e-05
950      4.60000000e-02    8.00000000e-01    2.85935122e-05
951      4.70000000e-02    8.00000000e-01    2.92133336e-05
952      4.80000000e-02    8.00000000e-01    2.98330468e-05
953      4.90000000e-02    8.00000000e-01    3.04526501e-05
954      5.00000000e-02    8.00000000e-01    3.10721417e-05
955      5.10000000e-02    8.00000000e-01    3.16915198e-05
956      5.20000000e-02    8.00000000e-01    3.23107826e-05
957      5.30000000e-02    8.00000000e-01    3.29299284e-05
958      5.40000000e-02    8.00000000e-01    3.35489552e-05
959      5.50000000e-02    8.00000000e-01    3.41678615e-05
960      5.60000000e-02    8.00000000e-01    3.47866454e-05
961      5.70000000e-02    8.00000000e-01    3.54053052e-05
962      5.80000000e-02    8.00000000e-01    3.60238392e-05
963      5.90000000e-02    8.00000000e-01    3.66422456e-05
964      6.00000000e-02    8.00000000e-01    3.72605226e-05
965      6.10000000e-02    8.00000000e-01    3.78786686e-05
966      6.20000000e-02    8.00000000e-01    3.84966818e-05
967      6.30000000e-02    8.00000000e-01    3.91145605e-05
968      6.40000000e-02    8.00000000e-01    3.97323030e-05
969      6.50000000e-02    8.00000000e-01    4.03499076e-05
970      6.60000000e-02    8.00000000e-01    4.09673725e-05
971      6.70000000e-02    8.00000000e-01    4.15846961e-05
972      6.80000000e-02    8.00000000e-01    4.22018767e-05
973      6.90000000e-02    8.00000000e-01    4.28189124e-05
974      7.00000000e-02    8.00000000e-01    4.34358018e-05
975      7.10000000e-02    8.00000000e-01    4.40525429e-05
976      7.20000000e-02    8.00000000e-01    4.46691341e-05
977      7.30000000e-02    8.00000000e-01    4.52855738e-05
978      7.40000000e-02    8.00000000e-01    4.59018602e-05
979      7.50000000e-02    8.00000000e-01    4.65179916e-05
980      7.60000000e-02    8.00000000e-01    4.71339663e-05
981      7.70000000e-02    8.00000000e-01    4.77497826e-05
982      7.80000000e-02    8.00000000e-01    4.83654387e-05
983      7.90000000e-02    8.00000000e-01    4.89809331e-05
984      8.00000000e-02    8.00000000e-01    4.95962639e-05
985      8.10000000e-02    8.00000000e-01    5.02114294e-05
986      8.20000000e-02    8.00000000e-01    5.08264280e-05
987      8.30000000e-02    8.00000000e-01    5.14412579e-05
988      8.40000000e-02    8.00000000e-01    5.20559173e-05
989      8.50000000e-02    8.00000000e-01    5.26704047e-05
990      8.60000000e-02    8.00000000e-01    5.32847181e-05
991      8.70000000e-02    8.00000000e-01    5.38988560e-05
992      8.80000000e-02    8.00000000e-01    5.45128166e-05
993      8.90000000e-02    8.00000000e-01    5.51265980e-05
994      9.00000000e-02    8.00000000e-01    5.57401987e-05
995      9.10000000e-02    8.00000000e-01    5.63536168e-05
996      9.20000000e-02    8.00000000e-01    5.69668506e-05
997      9.30000000e-02    8.00000000e-01    5.75798983e-05
998      9.40000000e-02    8.00000000e-01    5.81927583e-05
999      9.50000000e-02    8.00000000e-01    5.88054286e-05
1000     9.60000000e-02    8.00000000e-01    5.94179075e-05
1001     9.70000000e-02    8.00000000e-01    6.00301933e-05
1002     9.80000000e-02    8.00000000e-01    6.06422842e-05
1003     9.90000000e-02    8.00000000e-01    6.12541784e-05
1004     1.00000000e-01    8.00000000e-01    6.18658742e-05
1005    -1.00000000e-01    1.00000000e+00   -7.18481976e-05
1006    -9.90000000e-02    1.00000000e+00   -7.11358952e-05
1007    -9.80000000e-02    1.00000000e+00   -7.04234156e-05
1008    -9.70000000e-02    1.00000000e+00   -6.97107603e-05
1009    -9.60000000e-02    1.00000000e+00   -6.89979310e-05
1010    -9.50000000e-02    1.00000000e+00   -6.82849291e-05
1011    -9.40000000e-02    1.00000000e+00   -6.75717562e-05
1012    -9.30000000e-02    1.00000000e+00   -6.68584140e-05
1013    -9.20000000e-02    1.00000000e+00   -6.61449040e-05
1014    -9.10000000e-02    1.00000000e+00   -6.54312278e-05
1015    -9.00000000e-02    1.00000000e+00   -6.47173868e-05
1016    -8.90000000e-02    1.00000000e+00   -6.40033828e-05
1017    -8.80000000e-02    1.00000000e+00   -6.32892172e-05
1018    -8.70000000e-02    1.00000000e+00   -6.25748917e-05
1019    -8.60000000e-02    1.00000000e+00   -6.18604077e-05
1020    -8.50000000e-02    1.00000000e+00   -6.11457669e-05
1021    -8.40000000e-02    1.00000000e+00   -6.04309708e-05
1022    -8.30000000e-02    1.00000000e+00   -5.97160210e-05
1023    -8.20000000e-02    1.00000000e+00   -5.90009190e-05
1024    -8.10000000e-02    1.00000000e+00   -5.82856664e-05
1025    -8.00000000e-02    1.00000000e+00   -5.75702647e-05
1026    -7.90000000e-02    1.00000000e+00   -5.68547156e-05
1027    -7.80000000e-02    1.00000000e+00   -5.61390206e-05
1028    -7.70000000e-02    1.00000000e+00   -5.54231812e-05
1029    -7.60000000e-02    1.00000000e+00   -5.47071990e-05
1030    -7.50000000e-02    1.00000000e+00   -5.39910756e-05
1031    -7.40000000e-02    1.00000000e+00   -5.32748126e-05
1032    -7.30000000e-02    1.00000000e+00   -5.25584114e-05
1033    -7.20000000e-02    1.00000000e+00   -5.18418737e-05
1034    -7.10000000e-02    1.00000000e+00   -5.11252011e-05
1035    -7.00000000e-02    1.00000000e+00   -5.04083951e-05
1036    -6.90000000e-02    1.00000000e+00   -4.96914572e-05
1037    -6.80000000e-02    1.00000000e+00   -4.89743891e-05
1038    -6.70000000e-02    1.00000000e+00   -4.82571924e-05
1039    -6.60000000e-02    1.00000000e+00   -4.75398685e-05
1040    -6.50000000e-02    1.00000000e+00   -4.68224191e-05
1041    -6.40000000e-02    1.00000000e+00   -4.61048458e-05
1042    -6.30000000e-02    1.00000000e+00   -4.53871502e-05
1043    -6.20000000e-02    1.00000000e+00   -4.46693338e-05
1044    -6.10000000e-02    1.00000000e+00   -4.39513982e-05
1045    -6.00000000e-02    1.00000000e+00   -4.32333451e-05
1046    -5.90000000e-02    1.00000000e+00   -4.25151760e-05
1047    -5.80000000e-02    1.00000000e+00   -4.17968925e-05
1048    -5.70000000e-02    1.00000000e+00   -4.10784962e-05
1049    -5.60000000e-02    1.00000000e+00   -4.03599888e-05
1050    -5.50000000e-02    1.00000000e+00   -3.96413718e-05
1051    -5.40000000e-02    1.00000000e+00   -3.89226470e-05
1052    -5.30000000e-02    1.00000000e+00   -3.82038158e-05
1053    -5.20000000e-02    1.00000000e+00   -3.74848799e-05
1054    -5.10000000e-02    1.00000000e+00   -3.67658411e-05
1055    -5.00000000e-02    1.00000000e+00   -3.60467008e-05
1056    -4.90000000e-02    1.00000000e+00   -3.53274608e-05
1057    -4.80000000e-02    1.00000000e+00   -3.46081227e-05
1058    -4.70000000e-02    1.00000000e+00   -3.38886883e-05
1059    -4.60000000e-02    1.00000000e+00   -3.31691590e-05
1060    -4.50000000e-02    1.00000000e+00   -3.24495368e-05
1061    -4.40000000e-02    1.00000000e+00   -3.17298231e-05
1062    -4.30000000e-02    1.00000000e+00   -3.10100198e-05
1063    -4.20000000e-02    1.00000000e+00   -3.02901285e-05
1064    -4.10000000e-02    1.00000000e+00   -2.95701510e-05
1065    -4.00000000e-02    1.00000000e+00   -2.88500890e-05
1066    -3.90000000e-02    1.00000000e+00   -2.81299442e-05
1067    -3.80000000e-02    1.00000000e+00   -2.74097184e-05
1068    -3.70000000e-02    1.00000000e+00   -2.66894134e-05
1069    -3.60000000e-02    1.00000000e+00   -2.59690308e-05
1070    -3.50000000e-02    1.00000000e+00   -2.52485726e-05
1071    -3.40000000e-02    1.00000000e+00   -2.45280405e-05
1072    -3.30000000e-02    1.00000000e+00   -2.38074364e-05
1073    -3.20000000e-02    1.00000000e+00   -2.30867620e-05
1074    -3.10000000e-02    1.00000000e+00   -2.23660192e-05
1075    -3.00000000e-02    1.00000000e+00   -2.16452100e-05
1076    -2.90000000e-02    1.00000000e+00   -2.09243361e-05
1077    -2.80000000e-02    1.00000000e+00   -2.02033995e-05
1078    -2.70000000e-02    1.00000000e+00   -1.94824021e-05
1079    -2.60000000e-02    1.00000000e+00   -1.87613458e-05
1080    -2.50000000e-02    1.00000000e+00   -1.80402325e-05
1081    -2.40000000e-02    1.00000000e+00   -1.73190643e-05
1082    -2.30000000e-02    1.00000000e+00   -1.65978432e-05
1083    -2.20000000e-02    1.00000000e+00   -1.58765711e-05
1084    -2.10000000e-02    1.00000000e+00   -1.51552501e-05
1085    -2.00000000e-02    1.00000000e+00   -1.44338821e-05
1086    -1.90000000e-02    1.00000000e+00   -1.37124694e-05
1087    -1.80000000e-02    1.00000000e+00   -1.29910140e-05
1088    -1.70000000e-02    1.00000000e+00   -1.22695180e-05
1089    -1.60000000e-02    1.00000000e+00   -1.15479834e-05
1090    -1.50000000e-02    1.00000000e+00   -1.08264125e-05
1091    -1.40000000e-02    1.00000000e+00   -1.01048075e-05
1092    -1.30000000e-02    1.00000000e+00   -9.38317047e-06
1093    -1.20000000e-02    1.00000000e+00   -8.66150364e-06
1094    -1.10000000e-02    1.00000000e+00   -7.93980925e-06
1095    -1.00000000e-02    1.00000000e+00   -7.21808952e-06
1096    -9.00000000e-03    1.00000000e+00   -6.49634670e-06
1097    -8.00000000e-03    1.00000000e+00   -5.77458306e-06
1098    -7.00000000e-03    1.00000000e+00   -5.05280088e-06
1099    -6.00000000e-03    1.00000000e+00   -4.33100245e-06
1100    -5.00000000e-03    1.00000000e+00   -3.60919007e-06
1101    -4.00000000e-03    1.00000000e+00   -2.88736605e-06
1102    -3.00000000e-03    1.00000000e+00   -2.16553270e-06
1103    -2.00000000e-03    1.00000000e+00   -1.44369236e-06
1104    -1.00000000e-03    1.00000000e+00   -7.21847346e-07
1105     0.00000000e+00    1.00000000e+00    1.86577856e-20
1106     1.00000000e-03    1.00000000e+00    7.21847346e-07
1107     2.00000000e-03    1.00000000e+00    1.44369236e-06
1108     3.00000000e-03    1.00000000e+00    2.16553270e-06
1109     4.00000000e-03    1.00000000e+00    2.88736605e-06
1110     5.00000000e-03    1.00000000e+00    3.60919007e-06
1111     6.00000000e-03    1.00000000e+00    4.33100246e-06
1112     7.00000000e-03    1.00000000e+00    5.05280089e-06
1113     8.00000000e-03    1.00000000e+00    5.77458308e-06
1114     9.00000000e-03    1.00000000e+00    6.49634672e-06
1115     1.00000000e-02    1.00000000e+00    7.21808953e-06
1116     1.10000000e-02    1.00000000e+00    7.93980927e-06
1117     1.20000000e-02    1.00000000e+00    8.66150367e-06
1118     1.30000000e-02    1.00000000e+00    9.38317049e-06
1119     1.40000000e-02    1.00000000e+00    1.01048075e-05
1120     1.50000000e-02    1.00000000e+00    1.08264126e-05
1121     1.60000000e-02    1.00000000e+00    1.15479835e-05
1122     1.70000000e-02    1.00000000e+00    1.22695180e-05
1123     1.80000000e-02    1.00000000e+00    1.29910140e-05
1124     1.90000000e-02    1.00000000e+00    1.37124695e-05
1125     2.00000000e-02    1.00000000e+00    1.44338822e-05
1126     2.10000000e-02    1.00000000e+00    1.51552501e-05
1127     2.20000000e-02    1.00000000e+00    1.58765711e-05
1128     2.30000000e-02    1.00000000e+00    1.65978432e-05
1129     2.40000000e-02    1.00000000e+00    1.73190644e-05
1130     2.50000000e-02    1.00000000e+00    1.80402326e-05
1131     2.60000000e-02    1.00000000e+00    1.87613458e-05
1132     2.70000000e-02    1.00000000e+00    1.94824021e-05
1133     2.80000000e-02    1.00000000e+00    2.02033995e-05
1134     2.90000000e-02    1.00000000e+00    2.09243361e-05
1135     3.00000000e-02    1.00000000e+00    2.16452100e-05
1136     3.10000000e-02    1.00000000e+00    2.23660193e-05
1137     3.20000000e-02    1.00000000e+00    2.30867620e-05
1138     3.30000000e-02    1.00000000e+00    2.38074364e-05
1139     3.40000000e-02    1.00000000e+00    2.45280406e-05
1140     3.50000000e-02    1.00000000e+00    2.52485727e-05
1141     3.60000000e-02    1.00000000e+00    2.59690309e-05
1142     3.70000000e-02    1.00000000e+00    2.66894134e-05
1143     3.80000000e-02    1.00000000e+00    2.74097185e-05
1144     3.90000000e-02    1.00000000e+00    2.81299443e-05
1145     4.00000000e-02    1.00000000e+00    2.88500891e-05
1146     4.10000000e-02    1.00000000e+00    2.95701511e-05
1147     4.20000000e-02    1.00000000e+00    3.02901286e-05
1148     4.30000000e-02    1.00000000e+00    3.10100199e-05
1149     4.40000000e-02    1.00000000e+00    3.17298232e-05
1150     4.50000000e-02    1.00000000e+00    3.24495368e-05
1151     4.60000000e-02    1.00000000e+00    3.31691591e-05
1152     4.70000000e-02    1.00000000e+00    3.38886883e-05
1153     4.80000000e-02    1.00000000e+00    3.46081228e-05
1154     4.90000000e-02    1.00000000e+00    3.53274609e-05
1155     5.00000000e-02    1.00000000e+00    3.60467009e-05
1156     5.10000000e-02    1.00000000e+00    3.67658411e-05
1157     5.20000000e-02    1.00000000e+00    3.74848800e-05
1158     5.30000000e-02    1.00000000e+00    3.82038158e-05
1159     5.40000000e-02    1.00000000e+00    3.89226470e-05
1160     5.50000000e-02    1.00000000e+00    3.96413719e-05
1161     5.60000000e-02    1.00000000e+00    4.03599889e-05
1162     5.70000000e-02    1.00000000e+00    4.10784963e-05
1163     5.80000000e-02    1.00000000e+00    4.17968925e-05
1164     5.90000000e-02    1.00000000e+00    4.25151760e-05
1165     6.00000000e-02    1.00000000e+00    4.32333452e-05
1166     6.10000000e-02    1.00000000e+00    4.39513983e-05
1167     6.20000000e-02    1.00000000e+00    4.46693339e-05
1168     6.30000000e-02    1.00000000e+00    4.53871503e-05
1169     6.40000000e-02    1.00000000e+00    4.61048459e-05
1170     6.50000000e-02    1.00000000e+00    4.68224192e-05
1171     6.60000000e-02    1.00000000e+00    4.75398686e-05
1172     6.70000000e-02    1.00000000e+00    4.82571924e-05
1173     6.80000000e-02    1.00000000e+00    4.89743892e-05
1174     6.90000000e-02    1.00000000e+00    4.96914573e-05
1175     7.00000000e-02    1.00000000e+00    5.04083951e-05
1176     7.10000000e-02    1.00000000e+00    5.11252012e-05
1177     7.20000000e-02    1.00000000e+00    5.18418738e-05
1178     7.30000000e-02    1.00000000e+00    5.25584115e-05
1179     7.40000000e-02    1.00000000e+00    5.32748126e-05
1180     7.50000000e-02    1.00000000e+00    5.39910757e-05
1181     7.60000000e-02    1.00000000e+00    5.47071991e-05
1182     7.70000000e-02    1.00000000e+00    5.54231813e-05
1183     7.80000000e-02    1.00000000e+00    5.61390207e-05
1184     7.90000000e-02    1.00000000e+00    5.68547157e-05
1185     8.00000000e-02    1.00000000e+00    5.75702648e-05
1186     8.10000000e-02    1.00000000e+00    5.82856665e-05
1187     8.20000000e-02    1.00000000e+00    5.90009191e-05
1188     8.30000000e-02    1.00000000e+00    5.97160211e-05
1189     8.40000000e-02    1.00000000e+00    6.04309709e-05
1190     8.50000000e-02    1.00000000e+00    6.11457670e-05
1191     8.60000000e-02    1.00000000e+00    6.18604078e-05
1192     8.70000000e-02    1.00000000e+00    6.25748918e-05
1193     8.80000000e-02    1.00000000e+00    6.32892173e-05
1194     8.90000000e-02    1.00000000e+00    6.40033829e-05
1195     9.00000000e-02    1.00000000e+00    6.47173869e-05
1196     9.10000000e-02    1.00000000e+00    6.54312279e-05
1197     9.20000000e-02    1.00000000e+00    6.61449041e-05
1198     9.30000000e-02    1.00000000e+00    6.68584141e-05
1199     9.40000000e-02    1.00000000e+00    6.75717563e-05
1200     9.50000000e-02    1.00000000e+00    6.82849292e-05
1201     9.60000000e-02    1.00000000e+00    6.89979311e-05
1202     9.70000000e-02    1.00000000e+00    6.97107604e-05
1203     9.80000000e-02    1.00000000e+00    7.04234157e-05
1204     9.90000000e-02    1.00000000e+00    7.11358954e-05
1205     1.00000000e-01    1.00000000e+00    7.18481977e-05
End of Xyce(TM) Simulation
