Index     V(DRAIN)           V(GATE)        {-I(VDRAIN)}   
0       -1.00000000e-01    0.00000000e+00   -4.06442346e-10
1       -9.90000000e-02    0.00000000e+00   -3.91925650e-10
2       -9.80000000e-02    0.00000000e+00   -3.77923157e-10
3       -9.70000000e-02    0.00000000e+00   -3.64416735e-10
4       -9.60000000e-02    0.00000000e+00   -3.51388888e-10
5       -9.50000000e-02    0.00000000e+00   -3.38822731e-10
6       -9.40000000e-02    0.00000000e+00   -3.26701972e-10
7       -9.30000000e-02    0.00000000e+00   -3.15010888e-10
8       -9.20000000e-02    0.00000000e+00   -3.03734304e-10
9       -9.10000000e-02    0.00000000e+00   -2.92857581e-10
10      -9.00000000e-02    0.00000000e+00   -2.82366589e-10
11      -8.90000000e-02    0.00000000e+00   -2.72247693e-10
12      -8.80000000e-02    0.00000000e+00   -2.62487738e-10
13      -8.70000000e-02    0.00000000e+00   -2.53074027e-10
14      -8.60000000e-02    0.00000000e+00   -2.43994309e-10
15      -8.50000000e-02    0.00000000e+00   -2.35236763e-10
16      -8.40000000e-02    0.00000000e+00   -2.26789981e-10
17      -8.30000000e-02    0.00000000e+00   -2.18642954e-10
18      -8.20000000e-02    0.00000000e+00   -2.10785061e-10
19      -8.10000000e-02    0.00000000e+00   -2.03206051e-10
20      -8.00000000e-02    0.00000000e+00   -1.95896032e-10
21      -7.90000000e-02    0.00000000e+00   -1.88845461e-10
22      -7.80000000e-02    0.00000000e+00   -1.82045125e-10
23      -7.70000000e-02    0.00000000e+00   -1.75486138e-10
24      -7.60000000e-02    0.00000000e+00   -1.69159922e-10
25      -7.50000000e-02    0.00000000e+00   -1.63058201e-10
26      -7.40000000e-02    0.00000000e+00   -1.57172987e-10
27      -7.30000000e-02    0.00000000e+00   -1.51496573e-10
28      -7.20000000e-02    0.00000000e+00   -1.46021519e-10
29      -7.10000000e-02    0.00000000e+00   -1.40740648e-10
30      -7.00000000e-02    0.00000000e+00   -1.35647032e-10
31      -6.90000000e-02    0.00000000e+00   -1.30733983e-10
32      -6.80000000e-02    0.00000000e+00   -1.25995049e-10
33      -6.70000000e-02    0.00000000e+00   -1.21424002e-10
34      -6.60000000e-02    0.00000000e+00   -1.17014828e-10
35      -6.50000000e-02    0.00000000e+00   -1.12761727e-10
36      -6.40000000e-02    0.00000000e+00   -1.08659094e-10
37      -6.30000000e-02    0.00000000e+00   -1.04701524e-10
38      -6.20000000e-02    0.00000000e+00   -1.00883795e-10
39      -6.10000000e-02    0.00000000e+00   -9.72008662e-11
40      -6.00000000e-02    0.00000000e+00   -9.36478707e-11
41      -5.90000000e-02    0.00000000e+00   -9.02201084e-11
42      -5.80000000e-02    0.00000000e+00   -8.69130400e-11
43      -5.70000000e-02    0.00000000e+00   -8.37222810e-11
44      -5.60000000e-02    0.00000000e+00   -8.06435958e-11
45      -5.50000000e-02    0.00000000e+00   -7.76728924e-11
46      -5.40000000e-02    0.00000000e+00   -7.48062162e-11
47      -5.30000000e-02    0.00000000e+00   -7.20397452e-11
48      -5.20000000e-02    0.00000000e+00   -6.93697846e-11
49      -5.10000000e-02    0.00000000e+00   -6.67927618e-11
50      -5.00000000e-02    0.00000000e+00   -6.43052214e-11
51      -4.90000000e-02    0.00000000e+00   -6.19038201e-11
52      -4.80000000e-02    0.00000000e+00   -5.95853228e-11
53      -4.70000000e-02    0.00000000e+00   -5.73465969e-11
54      -4.60000000e-02    0.00000000e+00   -5.51846091e-11
55      -4.50000000e-02    0.00000000e+00   -5.30964199e-11
56      -4.40000000e-02    0.00000000e+00   -5.10791798e-11
57      -4.30000000e-02    0.00000000e+00   -4.91301255e-11
58      -4.20000000e-02    0.00000000e+00   -4.72465750e-11
59      -4.10000000e-02    0.00000000e+00   -4.54259242e-11
60      -4.00000000e-02    0.00000000e+00   -4.36656428e-11
61      -3.90000000e-02    0.00000000e+00   -4.19632705e-11
62      -3.80000000e-02    0.00000000e+00   -4.03164132e-11
63      -3.70000000e-02    0.00000000e+00   -3.87227397e-11
64      -3.60000000e-02    0.00000000e+00   -3.71799778e-11
65      -3.50000000e-02    0.00000000e+00   -3.56859110e-11
66      -3.40000000e-02    0.00000000e+00   -3.42383759e-11
67      -3.30000000e-02    0.00000000e+00   -3.28352579e-11
68      -3.20000000e-02    0.00000000e+00   -3.14744898e-11
69      -3.10000000e-02    0.00000000e+00   -3.01540480e-11
70      -3.00000000e-02    0.00000000e+00   -2.88719508e-11
71      -2.90000000e-02    0.00000000e+00   -2.76262557e-11
72      -2.80000000e-02    0.00000000e+00   -2.64150580e-11
73      -2.70000000e-02    0.00000000e+00   -2.52364892e-11
74      -2.60000000e-02    0.00000000e+00   -2.40887155e-11
75      -2.50000000e-02    0.00000000e+00   -2.29699372e-11
76      -2.40000000e-02    0.00000000e+00   -2.18783881e-11
77      -2.30000000e-02    0.00000000e+00   -2.08123354e-11
78      -2.20000000e-02    0.00000000e+00   -1.97700797e-11
79      -2.10000000e-02    0.00000000e+00   -1.87499556e-11
80      -2.00000000e-02    0.00000000e+00   -1.77503321e-11
81      -1.90000000e-02    0.00000000e+00   -1.67696140e-11
82      -1.80000000e-02    0.00000000e+00   -1.58062432e-11
83      -1.70000000e-02    0.00000000e+00   -1.48587008e-11
84      -1.60000000e-02    0.00000000e+00   -1.39255097e-11
85      -1.50000000e-02    0.00000000e+00   -1.30052390e-11
86      -1.40000000e-02    0.00000000e+00   -1.20965087e-11
87      -1.30000000e-02    0.00000000e+00   -1.11979973e-11
88      -1.20000000e-02    0.00000000e+00   -1.03084496e-11
89      -1.10000000e-02    0.00000000e+00   -9.42668685e-12
90      -1.00000000e-02    0.00000000e+00   -8.55161690e-12
91      -9.00000000e-03    0.00000000e+00   -7.68224380e-12
92      -8.00000000e-03    0.00000000e+00   -6.81767592e-12
93      -7.00000000e-03    0.00000000e+00   -5.95713064e-12
94      -6.00000000e-03    0.00000000e+00   -5.09993446e-12
95      -5.00000000e-03    0.00000000e+00   -4.24551720e-12
96      -4.00000000e-03    0.00000000e+00   -3.39339948e-12
97      -3.00000000e-03    0.00000000e+00   -2.54317169e-12
98      -2.00000000e-03    0.00000000e+00   -1.69446259e-12
99      -1.00000000e-03    0.00000000e+00   -8.46893030e-13
100      0.00000000e+00    0.00000000e+00    1.83607376e-28
101      1.00000000e-03    0.00000000e+00    8.46893231e-13
102      2.00000000e-03    0.00000000e+00    1.69446340e-12
103      3.00000000e-03    0.00000000e+00    2.54317349e-12
104      4.00000000e-03    0.00000000e+00    3.39340268e-12
105      5.00000000e-03    0.00000000e+00    4.24552222e-12
106      6.00000000e-03    0.00000000e+00    5.09994167e-12
107      7.00000000e-03    0.00000000e+00    5.95714049e-12
108      8.00000000e-03    0.00000000e+00    6.81768875e-12
109      9.00000000e-03    0.00000000e+00    7.68226002e-12
110      1.00000000e-02    0.00000000e+00    8.55163695e-12
111      1.10000000e-02    0.00000000e+00    9.42671112e-12
112      1.20000000e-02    0.00000000e+00    1.03084785e-11
113      1.30000000e-02    0.00000000e+00    1.11980312e-11
114      1.40000000e-02    0.00000000e+00    1.20965480e-11
115      1.50000000e-02    0.00000000e+00    1.30052841e-11
116      1.60000000e-02    0.00000000e+00    1.39255611e-11
117      1.70000000e-02    0.00000000e+00    1.48587588e-11
118      1.80000000e-02    0.00000000e+00    1.58063082e-11
119      1.90000000e-02    0.00000000e+00    1.67696865e-11
120      2.00000000e-02    0.00000000e+00    1.77504124e-11
121      2.10000000e-02    0.00000000e+00    1.87500442e-11
122      2.20000000e-02    0.00000000e+00    1.97701769e-11
123      2.30000000e-02    0.00000000e+00    2.08124417e-11
124      2.40000000e-02    0.00000000e+00    2.18785039e-11
125      2.50000000e-02    0.00000000e+00    2.29700629e-11
126      2.60000000e-02    0.00000000e+00    2.40888515e-11
127      2.70000000e-02    0.00000000e+00    2.52366359e-11
128      2.80000000e-02    0.00000000e+00    2.64152158e-11
129      2.90000000e-02    0.00000000e+00    2.76264250e-11
130      3.00000000e-02    0.00000000e+00    2.88721320e-11
131      3.10000000e-02    0.00000000e+00    3.01542417e-11
132      3.20000000e-02    0.00000000e+00    3.14746962e-11
133      3.30000000e-02    0.00000000e+00    3.28354775e-11
134      3.40000000e-02    0.00000000e+00    3.42386090e-11
135      3.50000000e-02    0.00000000e+00    3.56861582e-11
136      3.60000000e-02    0.00000000e+00    3.71802394e-11
137      3.70000000e-02    0.00000000e+00    3.87230162e-11
138      3.80000000e-02    0.00000000e+00    4.03167049e-11
139      3.90000000e-02    0.00000000e+00    4.19635779e-11
140      4.00000000e-02    0.00000000e+00    4.36659663e-11
141      4.10000000e-02    0.00000000e+00    4.54262642e-11
142      4.20000000e-02    0.00000000e+00    4.72469320e-11
143      4.30000000e-02    0.00000000e+00    4.91304999e-11
144      4.40000000e-02    0.00000000e+00    5.10795720e-11
145      4.50000000e-02    0.00000000e+00    5.30968303e-11
146      4.60000000e-02    0.00000000e+00    5.51850382e-11
147      4.70000000e-02    0.00000000e+00    5.73470451e-11
148      4.80000000e-02    0.00000000e+00    5.95857904e-11
149      4.90000000e-02    0.00000000e+00    6.19043078e-11
150      5.00000000e-02    0.00000000e+00    6.43057294e-11
151      5.10000000e-02    0.00000000e+00    6.67932907e-11
152      5.20000000e-02    0.00000000e+00    6.93703347e-11
153      5.30000000e-02    0.00000000e+00    7.20403169e-11
154      5.40000000e-02    0.00000000e+00    7.48068101e-11
155      5.50000000e-02    0.00000000e+00    7.76735088e-11
156      5.60000000e-02    0.00000000e+00    8.06442353e-11
157      5.70000000e-02    0.00000000e+00    8.37229439e-11
158      5.80000000e-02    0.00000000e+00    8.69137268e-11
159      5.90000000e-02    0.00000000e+00    9.02208196e-11
160      6.00000000e-02    0.00000000e+00    9.36486067e-11
161      6.10000000e-02    0.00000000e+00    9.72016273e-11
162      6.20000000e-02    0.00000000e+00    1.00884582e-10
163      6.30000000e-02    0.00000000e+00    1.04702337e-10
164      6.40000000e-02    0.00000000e+00    1.08659934e-10
165      6.50000000e-02    0.00000000e+00    1.12762593e-10
166      6.60000000e-02    0.00000000e+00    1.17015723e-10
167      6.70000000e-02    0.00000000e+00    1.21424924e-10
168      6.80000000e-02    0.00000000e+00    1.25996000e-10
169      6.90000000e-02    0.00000000e+00    1.30734963e-10
170      7.00000000e-02    0.00000000e+00    1.35648041e-10
171      7.10000000e-02    0.00000000e+00    1.40741687e-10
172      7.20000000e-02    0.00000000e+00    1.46022588e-10
173      7.30000000e-02    0.00000000e+00    1.51497673e-10
174      7.40000000e-02    0.00000000e+00    1.57174118e-10
175      7.50000000e-02    0.00000000e+00    1.63059364e-10
176      7.60000000e-02    0.00000000e+00    1.69161117e-10
177      7.70000000e-02    0.00000000e+00    1.75487366e-10
178      7.80000000e-02    0.00000000e+00    1.82046386e-10
179      7.90000000e-02    0.00000000e+00    1.88846755e-10
180      8.00000000e-02    0.00000000e+00    1.95897361e-10
181      8.10000000e-02    0.00000000e+00    2.03207414e-10
182      8.20000000e-02    0.00000000e+00    2.10786459e-10
183      8.30000000e-02    0.00000000e+00    2.18644388e-10
184      8.40000000e-02    0.00000000e+00    2.26791451e-10
185      8.50000000e-02    0.00000000e+00    2.35238270e-10
186      8.60000000e-02    0.00000000e+00    2.43995853e-10
187      8.70000000e-02    0.00000000e+00    2.53075608e-10
188      8.80000000e-02    0.00000000e+00    2.62489357e-10
189      8.90000000e-02    0.00000000e+00    2.72249351e-10
190      9.00000000e-02    0.00000000e+00    2.82368286e-10
191      9.10000000e-02    0.00000000e+00    2.92859318e-10
192      9.20000000e-02    0.00000000e+00    3.03736081e-10
193      9.30000000e-02    0.00000000e+00    3.15012705e-10
194      9.40000000e-02    0.00000000e+00    3.26703831e-10
195      9.50000000e-02    0.00000000e+00    3.38824632e-10
196      9.60000000e-02    0.00000000e+00    3.51390830e-10
197      9.70000000e-02    0.00000000e+00    3.64418720e-10
198      9.80000000e-02    0.00000000e+00    3.77925185e-10
199      9.90000000e-02    0.00000000e+00    3.91927723e-10
200      1.00000000e-01    0.00000000e+00    4.06444463e-10
201     -1.00000000e-01   -2.00000000e-01   -3.18116569e-07
202     -9.90000000e-02   -2.00000000e-01   -3.07763221e-07
203     -9.80000000e-02   -2.00000000e-01   -2.97724818e-07
204     -9.70000000e-02   -2.00000000e-01   -2.87992776e-07
205     -9.60000000e-02   -2.00000000e-01   -2.78558699e-07
206     -9.50000000e-02   -2.00000000e-01   -2.69414372e-07
207     -9.40000000e-02   -2.00000000e-01   -2.60551760e-07
208     -9.30000000e-02   -2.00000000e-01   -2.51963008e-07
209     -9.20000000e-02   -2.00000000e-01   -2.43640438e-07
210     -9.10000000e-02   -2.00000000e-01   -2.35576547e-07
211     -9.00000000e-02   -2.00000000e-01   -2.27764004e-07
212     -8.90000000e-02   -2.00000000e-01   -2.20195652e-07
213     -8.80000000e-02   -2.00000000e-01   -2.12864499e-07
214     -8.70000000e-02   -2.00000000e-01   -2.05763721e-07
215     -8.60000000e-02   -2.00000000e-01   -1.98886657e-07
216     -8.50000000e-02   -2.00000000e-01   -1.92226808e-07
217     -8.40000000e-02   -2.00000000e-01   -1.85777834e-07
218     -8.30000000e-02   -2.00000000e-01   -1.79533551e-07
219     -8.20000000e-02   -2.00000000e-01   -1.73487928e-07
220     -8.10000000e-02   -2.00000000e-01   -1.67635087e-07
221     -8.00000000e-02   -2.00000000e-01   -1.61969297e-07
222     -7.90000000e-02   -2.00000000e-01   -1.56484972e-07
223     -7.80000000e-02   -2.00000000e-01   -1.51176672e-07
224     -7.70000000e-02   -2.00000000e-01   -1.46039095e-07
225     -7.60000000e-02   -2.00000000e-01   -1.41067076e-07
226     -7.50000000e-02   -2.00000000e-01   -1.36255589e-07
227     -7.40000000e-02   -2.00000000e-01   -1.31599736e-07
228     -7.30000000e-02   -2.00000000e-01   -1.27094751e-07
229     -7.20000000e-02   -2.00000000e-01   -1.22735994e-07
230     -7.10000000e-02   -2.00000000e-01   -1.18518949e-07
231     -7.00000000e-02   -2.00000000e-01   -1.14439221e-07
232     -6.90000000e-02   -2.00000000e-01   -1.10492535e-07
233     -6.80000000e-02   -2.00000000e-01   -1.06674732e-07
234     -6.70000000e-02   -2.00000000e-01   -1.02981764e-07
235     -6.60000000e-02   -2.00000000e-01   -9.94096969e-08
236     -6.50000000e-02   -2.00000000e-01   -9.59547023e-08
237     -6.40000000e-02   -2.00000000e-01   -9.26130581e-08
238     -6.30000000e-02   -2.00000000e-01   -8.93811448e-08
239     -6.20000000e-02   -2.00000000e-01   -8.62554431e-08
240     -6.10000000e-02   -2.00000000e-01   -8.32325313e-08
241     -6.00000000e-02   -2.00000000e-01   -8.03090826e-08
242     -5.90000000e-02   -2.00000000e-01   -7.74818627e-08
243     -5.80000000e-02   -2.00000000e-01   -7.47477275e-08
244     -5.70000000e-02   -2.00000000e-01   -7.21036198e-08
245     -5.60000000e-02   -2.00000000e-01   -6.95465678e-08
246     -5.50000000e-02   -2.00000000e-01   -6.70736819e-08
247     -5.40000000e-02   -2.00000000e-01   -6.46821524e-08
248     -5.30000000e-02   -2.00000000e-01   -6.23692472e-08
249     -5.20000000e-02   -2.00000000e-01   -6.01323094e-08
250     -5.10000000e-02   -2.00000000e-01   -5.79687544e-08
251     -5.00000000e-02   -2.00000000e-01   -5.58760679e-08
252     -4.90000000e-02   -2.00000000e-01   -5.38518037e-08
253     -4.80000000e-02   -2.00000000e-01   -5.18935805e-08
254     -4.70000000e-02   -2.00000000e-01   -4.99990803e-08
255     -4.60000000e-02   -2.00000000e-01   -4.81660455e-08
256     -4.50000000e-02   -2.00000000e-01   -4.63922769e-08
257     -4.40000000e-02   -2.00000000e-01   -4.46756309e-08
258     -4.30000000e-02   -2.00000000e-01   -4.30140176e-08
259     -4.20000000e-02   -2.00000000e-01   -4.14053978e-08
260     -4.10000000e-02   -2.00000000e-01   -3.98477816e-08
261     -4.00000000e-02   -2.00000000e-01   -3.83392250e-08
262     -3.90000000e-02   -2.00000000e-01   -3.68778283e-08
263     -3.80000000e-02   -2.00000000e-01   -3.54617338e-08
264     -3.70000000e-02   -2.00000000e-01   -3.40891231e-08
265     -3.60000000e-02   -2.00000000e-01   -3.27582153e-08
266     -3.50000000e-02   -2.00000000e-01   -3.14672649e-08
267     -3.40000000e-02   -2.00000000e-01   -3.02145594e-08
268     -3.30000000e-02   -2.00000000e-01   -2.89984179e-08
269     -3.20000000e-02   -2.00000000e-01   -2.78171886e-08
270     -3.10000000e-02   -2.00000000e-01   -2.66692479e-08
271     -3.00000000e-02   -2.00000000e-01   -2.55529983e-08
272     -2.90000000e-02   -2.00000000e-01   -2.44668675e-08
273     -2.80000000e-02   -2.00000000e-01   -2.34093070e-08
274     -2.70000000e-02   -2.00000000e-01   -2.23787919e-08
275     -2.60000000e-02   -2.00000000e-01   -2.13738195e-08
276     -2.50000000e-02   -2.00000000e-01   -2.03929097e-08
277     -2.40000000e-02   -2.00000000e-01   -1.94346049e-08
278     -2.30000000e-02   -2.00000000e-01   -1.84974701e-08
279     -2.20000000e-02   -2.00000000e-01   -1.75800937e-08
280     -2.10000000e-02   -2.00000000e-01   -1.66810879e-08
281     -2.00000000e-02   -2.00000000e-01   -1.57990904e-08
282     -1.90000000e-02   -2.00000000e-01   -1.49327654e-08
283     -1.80000000e-02   -2.00000000e-01   -1.40808051e-08
284     -1.70000000e-02   -2.00000000e-01   -1.32419325e-08
285     -1.60000000e-02   -2.00000000e-01   -1.24149040e-08
286     -1.50000000e-02   -2.00000000e-01   -1.15985137e-08
287     -1.40000000e-02   -2.00000000e-01   -1.07915980e-08
288     -1.30000000e-02   -2.00000000e-01   -9.99304294e-09
289     -1.20000000e-02   -2.00000000e-01   -9.20179142e-09
290     -1.10000000e-02   -2.00000000e-01   -8.41685260e-09
291     -1.00000000e-02   -2.00000000e-01   -7.63731109e-09
292     -9.00000000e-03   -2.00000000e-01   -6.86233592e-09
293     -8.00000000e-03   -2.00000000e-01   -6.09118767e-09
294     -7.00000000e-03   -2.00000000e-01   -5.32322286e-09
295     -6.00000000e-03   -2.00000000e-01   -4.55789412e-09
296     -5.00000000e-03   -2.00000000e-01   -3.79474523e-09
297     -4.00000000e-03   -2.00000000e-01   -3.03339994e-09
298     -3.00000000e-03   -2.00000000e-01   -2.27354336e-09
299     -2.00000000e-03   -2.00000000e-01   -1.51489419e-09
300     -1.00000000e-03   -2.00000000e-01   -7.57163503e-10
301      0.00000000e+00   -2.00000000e-01    1.27128097e-14
302      1.00000000e-03   -2.00000000e-01    7.57188930e-10
303      2.00000000e-03   -2.00000000e-01    1.51491962e-09
304      3.00000000e-03   -2.00000000e-01    2.27356879e-09
305      4.00000000e-03   -2.00000000e-01    3.03342538e-09
306      5.00000000e-03   -2.00000000e-01    3.79477069e-09
307      6.00000000e-03   -2.00000000e-01    4.55791959e-09
308      7.00000000e-03   -2.00000000e-01    5.32324834e-09
309      8.00000000e-03   -2.00000000e-01    6.09121317e-09
310      9.00000000e-03   -2.00000000e-01    6.86236144e-09
311      1.00000000e-02   -2.00000000e-01    7.63733665e-09
312      1.10000000e-02   -2.00000000e-01    8.41687818e-09
313      1.20000000e-02   -2.00000000e-01    9.20181704e-09
314      1.30000000e-02   -2.00000000e-01    9.99306859e-09
315      1.40000000e-02   -2.00000000e-01    1.07916237e-08
316      1.50000000e-02   -2.00000000e-01    1.15985394e-08
317      1.60000000e-02   -2.00000000e-01    1.24149298e-08
318      1.70000000e-02   -2.00000000e-01    1.32419583e-08
319      1.80000000e-02   -2.00000000e-01    1.40808309e-08
320      1.90000000e-02   -2.00000000e-01    1.49327913e-08
321      2.00000000e-02   -2.00000000e-01    1.57991164e-08
322      2.10000000e-02   -2.00000000e-01    1.66811139e-08
323      2.20000000e-02   -2.00000000e-01    1.75801197e-08
324      2.30000000e-02   -2.00000000e-01    1.84974963e-08
325      2.40000000e-02   -2.00000000e-01    1.94346311e-08
326      2.50000000e-02   -2.00000000e-01    2.03929360e-08
327      2.60000000e-02   -2.00000000e-01    2.13738458e-08
328      2.70000000e-02   -2.00000000e-01    2.23788183e-08
329      2.80000000e-02   -2.00000000e-01    2.34093335e-08
330      2.90000000e-02   -2.00000000e-01    2.44668940e-08
331      3.00000000e-02   -2.00000000e-01    2.55530249e-08
332      3.10000000e-02   -2.00000000e-01    2.66692746e-08
333      3.20000000e-02   -2.00000000e-01    2.78172154e-08
334      3.30000000e-02   -2.00000000e-01    2.89984448e-08
335      3.40000000e-02   -2.00000000e-01    3.02145864e-08
336      3.50000000e-02   -2.00000000e-01    3.14672920e-08
337      3.60000000e-02   -2.00000000e-01    3.27582425e-08
338      3.70000000e-02   -2.00000000e-01    3.40891504e-08
339      3.80000000e-02   -2.00000000e-01    3.54617612e-08
340      3.90000000e-02   -2.00000000e-01    3.68778559e-08
341      4.00000000e-02   -2.00000000e-01    3.83392526e-08
342      4.10000000e-02   -2.00000000e-01    3.98478094e-08
343      4.20000000e-02   -2.00000000e-01    4.14054257e-08
344      4.30000000e-02   -2.00000000e-01    4.30140456e-08
345      4.40000000e-02   -2.00000000e-01    4.46756591e-08
346      4.50000000e-02   -2.00000000e-01    4.63923052e-08
347      4.60000000e-02   -2.00000000e-01    4.81660740e-08
348      4.70000000e-02   -2.00000000e-01    4.99991089e-08
349      4.80000000e-02   -2.00000000e-01    5.18936092e-08
350      4.90000000e-02   -2.00000000e-01    5.38518326e-08
351      5.00000000e-02   -2.00000000e-01    5.58760970e-08
352      5.10000000e-02   -2.00000000e-01    5.79687836e-08
353      5.20000000e-02   -2.00000000e-01    6.01323387e-08
354      5.30000000e-02   -2.00000000e-01    6.23692768e-08
355      5.40000000e-02   -2.00000000e-01    6.46821821e-08
356      5.50000000e-02   -2.00000000e-01    6.70737117e-08
357      5.60000000e-02   -2.00000000e-01    6.95465979e-08
358      5.70000000e-02   -2.00000000e-01    7.21036501e-08
359      5.80000000e-02   -2.00000000e-01    7.47477579e-08
360      5.90000000e-02   -2.00000000e-01    7.74818934e-08
361      6.00000000e-02   -2.00000000e-01    8.03091134e-08
362      6.10000000e-02   -2.00000000e-01    8.32325623e-08
363      6.20000000e-02   -2.00000000e-01    8.62554744e-08
364      6.30000000e-02   -2.00000000e-01    8.93811763e-08
365      6.40000000e-02   -2.00000000e-01    9.26130898e-08
366      6.50000000e-02   -2.00000000e-01    9.59547342e-08
367      6.60000000e-02   -2.00000000e-01    9.94097291e-08
368      6.70000000e-02   -2.00000000e-01    1.02981797e-07
369      6.80000000e-02   -2.00000000e-01    1.06674764e-07
370      6.90000000e-02   -2.00000000e-01    1.10492568e-07
371      7.00000000e-02   -2.00000000e-01    1.14439254e-07
372      7.10000000e-02   -2.00000000e-01    1.18518982e-07
373      7.20000000e-02   -2.00000000e-01    1.22736028e-07
374      7.30000000e-02   -2.00000000e-01    1.27094785e-07
375      7.40000000e-02   -2.00000000e-01    1.31599771e-07
376      7.50000000e-02   -2.00000000e-01    1.36255624e-07
377      7.60000000e-02   -2.00000000e-01    1.41067111e-07
378      7.70000000e-02   -2.00000000e-01    1.46039130e-07
379      7.80000000e-02   -2.00000000e-01    1.51176708e-07
380      7.90000000e-02   -2.00000000e-01    1.56485008e-07
381      8.00000000e-02   -2.00000000e-01    1.61969333e-07
382      8.10000000e-02   -2.00000000e-01    1.67635124e-07
383      8.20000000e-02   -2.00000000e-01    1.73487965e-07
384      8.30000000e-02   -2.00000000e-01    1.79533588e-07
385      8.40000000e-02   -2.00000000e-01    1.85777872e-07
386      8.50000000e-02   -2.00000000e-01    1.92226846e-07
387      8.60000000e-02   -2.00000000e-01    1.98886695e-07
388      8.70000000e-02   -2.00000000e-01    2.05763760e-07
389      8.80000000e-02   -2.00000000e-01    2.12864538e-07
390      8.90000000e-02   -2.00000000e-01    2.20195692e-07
391      9.00000000e-02   -2.00000000e-01    2.27764045e-07
392      9.10000000e-02   -2.00000000e-01    2.35576587e-07
393      9.20000000e-02   -2.00000000e-01    2.43640479e-07
394      9.30000000e-02   -2.00000000e-01    2.51963050e-07
395      9.40000000e-02   -2.00000000e-01    2.60551802e-07
396      9.50000000e-02   -2.00000000e-01    2.69414415e-07
397      9.60000000e-02   -2.00000000e-01    2.78558743e-07
398      9.70000000e-02   -2.00000000e-01    2.87992820e-07
399      9.80000000e-02   -2.00000000e-01    2.97724862e-07
400      9.90000000e-02   -2.00000000e-01    3.07763266e-07
401      1.00000000e-01   -2.00000000e-01    3.18116614e-07
402     -1.00000000e-01   -4.00000000e-01   -2.14435472e-05
403     -9.90000000e-02   -4.00000000e-01   -2.11555625e-05
404     -9.80000000e-02   -4.00000000e-01   -2.08696563e-05
405     -9.70000000e-02   -4.00000000e-01   -2.05858215e-05
406     -9.60000000e-02   -4.00000000e-01   -2.03040508e-05
407     -9.50000000e-02   -4.00000000e-01   -2.00243367e-05
408     -9.40000000e-02   -4.00000000e-01   -1.97466715e-05
409     -9.30000000e-02   -4.00000000e-01   -1.94710473e-05
410     -9.20000000e-02   -4.00000000e-01   -1.91974558e-05
411     -9.10000000e-02   -4.00000000e-01   -1.89258889e-05
412     -9.00000000e-02   -4.00000000e-01   -1.86563377e-05
413     -8.90000000e-02   -4.00000000e-01   -1.83887935e-05
414     -8.80000000e-02   -4.00000000e-01   -1.81232472e-05
415     -8.70000000e-02   -4.00000000e-01   -1.78596893e-05
416     -8.60000000e-02   -4.00000000e-01   -1.75981102e-05
417     -8.50000000e-02   -4.00000000e-01   -1.73385000e-05
418     -8.40000000e-02   -4.00000000e-01   -1.70808483e-05
419     -8.30000000e-02   -4.00000000e-01   -1.68251447e-05
420     -8.20000000e-02   -4.00000000e-01   -1.65713781e-05
421     -8.10000000e-02   -4.00000000e-01   -1.63195374e-05
422     -8.00000000e-02   -4.00000000e-01   -1.60696110e-05
423     -7.90000000e-02   -4.00000000e-01   -1.58215869e-05
424     -7.80000000e-02   -4.00000000e-01   -1.55754528e-05
425     -7.70000000e-02   -4.00000000e-01   -1.53311959e-05
426     -7.60000000e-02   -4.00000000e-01   -1.50888030e-05
427     -7.50000000e-02   -4.00000000e-01   -1.48482606e-05
428     -7.40000000e-02   -4.00000000e-01   -1.46095546e-05
429     -7.30000000e-02   -4.00000000e-01   -1.43726704e-05
430     -7.20000000e-02   -4.00000000e-01   -1.41375931e-05
431     -7.10000000e-02   -4.00000000e-01   -1.39043071e-05
432     -7.00000000e-02   -4.00000000e-01   -1.36727963e-05
433     -6.90000000e-02   -4.00000000e-01   -1.34430441e-05
434     -6.80000000e-02   -4.00000000e-01   -1.32150332e-05
435     -6.70000000e-02   -4.00000000e-01   -1.29887458e-05
436     -6.60000000e-02   -4.00000000e-01   -1.27641635e-05
437     -6.50000000e-02   -4.00000000e-01   -1.25412671e-05
438     -6.40000000e-02   -4.00000000e-01   -1.23200367e-05
439     -6.30000000e-02   -4.00000000e-01   -1.21004518e-05
440     -6.20000000e-02   -4.00000000e-01   -1.18824910e-05
441     -6.10000000e-02   -4.00000000e-01   -1.16661323e-05
442     -6.00000000e-02   -4.00000000e-01   -1.14513527e-05
443     -5.90000000e-02   -4.00000000e-01   -1.12381284e-05
444     -5.80000000e-02   -4.00000000e-01   -1.10264348e-05
445     -5.70000000e-02   -4.00000000e-01   -1.08162461e-05
446     -5.60000000e-02   -4.00000000e-01   -1.06075360e-05
447     -5.50000000e-02   -4.00000000e-01   -1.04002766e-05
448     -5.40000000e-02   -4.00000000e-01   -1.01944396e-05
449     -5.30000000e-02   -4.00000000e-01   -9.98999498e-06
450     -5.20000000e-02   -4.00000000e-01   -9.78691208e-06
451     -5.10000000e-02   -4.00000000e-01   -9.58515885e-06
452     -5.00000000e-02   -4.00000000e-01   -9.38470207e-06
453     -4.90000000e-02   -4.00000000e-01   -9.18550729e-06
454     -4.80000000e-02   -4.00000000e-01   -8.98753874e-06
455     -4.70000000e-02   -4.00000000e-01   -8.79075934e-06
456     -4.60000000e-02   -4.00000000e-01   -8.59513065e-06
457     -4.50000000e-02   -4.00000000e-01   -8.40061281e-06
458     -4.40000000e-02   -4.00000000e-01   -8.20716453e-06
459     -4.30000000e-02   -4.00000000e-01   -8.01474304e-06
460     -4.20000000e-02   -4.00000000e-01   -7.82330410e-06
461     -4.10000000e-02   -4.00000000e-01   -7.63280191e-06
462     -4.00000000e-02   -4.00000000e-01   -7.44318918e-06
463     -3.90000000e-02   -4.00000000e-01   -7.25441705e-06
464     -3.80000000e-02   -4.00000000e-01   -7.06643513e-06
465     -3.70000000e-02   -4.00000000e-01   -6.87919152e-06
466     -3.60000000e-02   -4.00000000e-01   -6.69263279e-06
467     -3.50000000e-02   -4.00000000e-01   -6.50670408e-06
468     -3.40000000e-02   -4.00000000e-01   -6.32134912e-06
469     -3.30000000e-02   -4.00000000e-01   -6.13651033e-06
470     -3.20000000e-02   -4.00000000e-01   -5.95212892e-06
471     -3.10000000e-02   -4.00000000e-01   -5.76814504e-06
472     -3.00000000e-02   -4.00000000e-01   -5.58449793e-06
473     -2.90000000e-02   -4.00000000e-01   -5.40112612e-06
474     -2.80000000e-02   -4.00000000e-01   -5.21796771e-06
475     -2.70000000e-02   -4.00000000e-01   -5.03496060e-06
476     -2.60000000e-02   -4.00000000e-01   -4.85204286e-06
477     -2.50000000e-02   -4.00000000e-01   -4.66915310e-06
478     -2.40000000e-02   -4.00000000e-01   -4.48623091e-06
479     -2.30000000e-02   -4.00000000e-01   -4.30321731e-06
480     -2.20000000e-02   -4.00000000e-01   -4.12005531e-06
481     -2.10000000e-02   -4.00000000e-01   -3.93669046e-06
482     -2.00000000e-02   -4.00000000e-01   -3.75307148e-06
483     -1.90000000e-02   -4.00000000e-01   -3.56915090e-06
484     -1.80000000e-02   -4.00000000e-01   -3.38488569e-06
485     -1.70000000e-02   -4.00000000e-01   -3.20023798e-06
486     -1.60000000e-02   -4.00000000e-01   -3.01517570e-06
487     -1.50000000e-02   -4.00000000e-01   -2.82967322e-06
488     -1.40000000e-02   -4.00000000e-01   -2.64371191e-06
489     -1.30000000e-02   -4.00000000e-01   -2.45728070e-06
490     -1.20000000e-02   -4.00000000e-01   -2.27037645e-06
491     -1.10000000e-02   -4.00000000e-01   -2.08300429e-06
492     -1.00000000e-02   -4.00000000e-01   -1.89517769e-06
493     -9.00000000e-03   -4.00000000e-01   -1.70691851e-06
494     -8.00000000e-03   -4.00000000e-01   -1.51825667e-06
495     -7.00000000e-03   -4.00000000e-01   -1.32922967e-06
496     -6.00000000e-03   -4.00000000e-01   -1.13988183e-06
497     -5.00000000e-03   -4.00000000e-01   -9.50263096e-07
498     -4.00000000e-03   -4.00000000e-01   -7.60427543e-07
499     -3.00000000e-03   -4.00000000e-01   -5.70431258e-07
500     -2.00000000e-03   -4.00000000e-01   -3.80329513e-07
501     -1.00000000e-03   -4.00000000e-01   -1.90172725e-07
502      0.00000000e+00   -4.00000000e-01    1.71407433e-13
503      1.00000000e-03   -4.00000000e-01    1.90173068e-07
504      2.00000000e-03   -4.00000000e-01    3.80329856e-07
505      3.00000000e-03   -4.00000000e-01    5.70431601e-07
506      4.00000000e-03   -4.00000000e-01    7.60427886e-07
507      5.00000000e-03   -4.00000000e-01    9.50263439e-07
508      6.00000000e-03   -4.00000000e-01    1.13988217e-06
509      7.00000000e-03   -4.00000000e-01    1.32923001e-06
510      8.00000000e-03   -4.00000000e-01    1.51825701e-06
511      9.00000000e-03   -4.00000000e-01    1.70691886e-06
512      1.00000000e-02   -4.00000000e-01    1.89517804e-06
513      1.10000000e-02   -4.00000000e-01    2.08300463e-06
514      1.20000000e-02   -4.00000000e-01    2.27037680e-06
515      1.30000000e-02   -4.00000000e-01    2.45728105e-06
516      1.40000000e-02   -4.00000000e-01    2.64371226e-06
517      1.50000000e-02   -4.00000000e-01    2.82967356e-06
518      1.60000000e-02   -4.00000000e-01    3.01517605e-06
519      1.70000000e-02   -4.00000000e-01    3.20023832e-06
520      1.80000000e-02   -4.00000000e-01    3.38488603e-06
521      1.90000000e-02   -4.00000000e-01    3.56915124e-06
522      2.00000000e-02   -4.00000000e-01    3.75307183e-06
523      2.10000000e-02   -4.00000000e-01    3.93669081e-06
524      2.20000000e-02   -4.00000000e-01    4.12005566e-06
525      2.30000000e-02   -4.00000000e-01    4.30321766e-06
526      2.40000000e-02   -4.00000000e-01    4.48623126e-06
527      2.50000000e-02   -4.00000000e-01    4.66915345e-06
528      2.60000000e-02   -4.00000000e-01    4.85204321e-06
529      2.70000000e-02   -4.00000000e-01    5.03496095e-06
530      2.80000000e-02   -4.00000000e-01    5.21796806e-06
531      2.90000000e-02   -4.00000000e-01    5.40112648e-06
532      3.00000000e-02   -4.00000000e-01    5.58449828e-06
533      3.10000000e-02   -4.00000000e-01    5.76814540e-06
534      3.20000000e-02   -4.00000000e-01    5.95212928e-06
535      3.30000000e-02   -4.00000000e-01    6.13651068e-06
536      3.40000000e-02   -4.00000000e-01    6.32134948e-06
537      3.50000000e-02   -4.00000000e-01    6.50670444e-06
538      3.60000000e-02   -4.00000000e-01    6.69263315e-06
539      3.70000000e-02   -4.00000000e-01    6.87919188e-06
540      3.80000000e-02   -4.00000000e-01    7.06643549e-06
541      3.90000000e-02   -4.00000000e-01    7.25441741e-06
542      4.00000000e-02   -4.00000000e-01    7.44318954e-06
543      4.10000000e-02   -4.00000000e-01    7.63280228e-06
544      4.20000000e-02   -4.00000000e-01    7.82330446e-06
545      4.30000000e-02   -4.00000000e-01    8.01474341e-06
546      4.40000000e-02   -4.00000000e-01    8.20716490e-06
547      4.50000000e-02   -4.00000000e-01    8.40061318e-06
548      4.60000000e-02   -4.00000000e-01    8.59513103e-06
549      4.70000000e-02   -4.00000000e-01    8.79075972e-06
550      4.80000000e-02   -4.00000000e-01    8.98753911e-06
551      4.90000000e-02   -4.00000000e-01    9.18550766e-06
552      5.00000000e-02   -4.00000000e-01    9.38470245e-06
553      5.10000000e-02   -4.00000000e-01    9.58515923e-06
554      5.20000000e-02   -4.00000000e-01    9.78691246e-06
555      5.30000000e-02   -4.00000000e-01    9.98999536e-06
556      5.40000000e-02   -4.00000000e-01    1.01944399e-05
557      5.50000000e-02   -4.00000000e-01    1.04002770e-05
558      5.60000000e-02   -4.00000000e-01    1.06075363e-05
559      5.70000000e-02   -4.00000000e-01    1.08162465e-05
560      5.80000000e-02   -4.00000000e-01    1.10264351e-05
561      5.90000000e-02   -4.00000000e-01    1.12381288e-05
562      6.00000000e-02   -4.00000000e-01    1.14513531e-05
563      6.10000000e-02   -4.00000000e-01    1.16661327e-05
564      6.20000000e-02   -4.00000000e-01    1.18824914e-05
565      6.30000000e-02   -4.00000000e-01    1.21004522e-05
566      6.40000000e-02   -4.00000000e-01    1.23200371e-05
567      6.50000000e-02   -4.00000000e-01    1.25412675e-05
568      6.60000000e-02   -4.00000000e-01    1.27641639e-05
569      6.70000000e-02   -4.00000000e-01    1.29887462e-05
570      6.80000000e-02   -4.00000000e-01    1.32150336e-05
571      6.90000000e-02   -4.00000000e-01    1.34430445e-05
572      7.00000000e-02   -4.00000000e-01    1.36727967e-05
573      7.10000000e-02   -4.00000000e-01    1.39043075e-05
574      7.20000000e-02   -4.00000000e-01    1.41375935e-05
575      7.30000000e-02   -4.00000000e-01    1.43726708e-05
576      7.40000000e-02   -4.00000000e-01    1.46095550e-05
577      7.50000000e-02   -4.00000000e-01    1.48482610e-05
578      7.60000000e-02   -4.00000000e-01    1.50888034e-05
579      7.70000000e-02   -4.00000000e-01    1.53311963e-05
580      7.80000000e-02   -4.00000000e-01    1.55754532e-05
581      7.90000000e-02   -4.00000000e-01    1.58215873e-05
582      8.00000000e-02   -4.00000000e-01    1.60696114e-05
583      8.10000000e-02   -4.00000000e-01    1.63195378e-05
584      8.20000000e-02   -4.00000000e-01    1.65713785e-05
585      8.30000000e-02   -4.00000000e-01    1.68251451e-05
586      8.40000000e-02   -4.00000000e-01    1.70808487e-05
587      8.50000000e-02   -4.00000000e-01    1.73385004e-05
588      8.60000000e-02   -4.00000000e-01    1.75981107e-05
589      8.70000000e-02   -4.00000000e-01    1.78596897e-05
590      8.80000000e-02   -4.00000000e-01    1.81232476e-05
591      8.90000000e-02   -4.00000000e-01    1.83887939e-05
592      9.00000000e-02   -4.00000000e-01    1.86563381e-05
593      9.10000000e-02   -4.00000000e-01    1.89258893e-05
594      9.20000000e-02   -4.00000000e-01    1.91974563e-05
595      9.30000000e-02   -4.00000000e-01    1.94710477e-05
596      9.40000000e-02   -4.00000000e-01    1.97466719e-05
597      9.50000000e-02   -4.00000000e-01    2.00243371e-05
598      9.60000000e-02   -4.00000000e-01    2.03040512e-05
599      9.70000000e-02   -4.00000000e-01    2.05858219e-05
600      9.80000000e-02   -4.00000000e-01    2.08696567e-05
601      9.90000000e-02   -4.00000000e-01    2.11555629e-05
602      1.00000000e-01   -4.00000000e-01    2.14435476e-05
603     -1.00000000e-01   -6.00000000e-01   -8.28884316e-05
604     -9.90000000e-02   -6.00000000e-01   -8.20973289e-05
605     -9.80000000e-02   -6.00000000e-01   -8.13065493e-05
606     -9.70000000e-02   -6.00000000e-01   -8.05160639e-05
607     -9.60000000e-02   -6.00000000e-01   -7.97258437e-05
608     -9.50000000e-02   -6.00000000e-01   -7.89358587e-05
609     -9.40000000e-02   -6.00000000e-01   -7.81460785e-05
610     -9.30000000e-02   -6.00000000e-01   -7.73564720e-05
611     -9.20000000e-02   -6.00000000e-01   -7.65670076e-05
612     -9.10000000e-02   -6.00000000e-01   -7.57776528e-05
613     -9.00000000e-02   -6.00000000e-01   -7.49883748e-05
614     -8.90000000e-02   -6.00000000e-01   -7.41991400e-05
615     -8.80000000e-02   -6.00000000e-01   -7.34099141e-05
616     -8.70000000e-02   -6.00000000e-01   -7.26206624e-05
617     -8.60000000e-02   -6.00000000e-01   -7.18313493e-05
618     -8.50000000e-02   -6.00000000e-01   -7.10419387e-05
619     -8.40000000e-02   -6.00000000e-01   -7.02523941e-05
620     -8.30000000e-02   -6.00000000e-01   -6.94626780e-05
621     -8.20000000e-02   -6.00000000e-01   -6.86727526e-05
622     -8.10000000e-02   -6.00000000e-01   -6.78825793e-05
623     -8.00000000e-02   -6.00000000e-01   -6.70921190e-05
624     -7.90000000e-02   -6.00000000e-01   -6.63013321e-05
625     -7.80000000e-02   -6.00000000e-01   -6.55101783e-05
626     -7.70000000e-02   -6.00000000e-01   -6.47186169e-05
627     -7.60000000e-02   -6.00000000e-01   -6.39266066e-05
628     -7.50000000e-02   -6.00000000e-01   -6.31341056e-05
629     -7.40000000e-02   -6.00000000e-01   -6.23410718e-05
630     -7.30000000e-02   -6.00000000e-01   -6.15474623e-05
631     -7.20000000e-02   -6.00000000e-01   -6.07532342e-05
632     -7.10000000e-02   -6.00000000e-01   -5.99583439e-05
633     -7.00000000e-02   -6.00000000e-01   -5.91627476e-05
634     -6.90000000e-02   -6.00000000e-01   -5.83664013e-05
635     -6.80000000e-02   -6.00000000e-01   -5.75692605e-05
636     -6.70000000e-02   -6.00000000e-01   -5.67712807e-05
637     -6.60000000e-02   -6.00000000e-01   -5.59724171e-05
638     -6.50000000e-02   -6.00000000e-01   -5.51726249e-05
639     -6.40000000e-02   -6.00000000e-01   -5.43718593e-05
640     -6.30000000e-02   -6.00000000e-01   -5.35700754e-05
641     -6.20000000e-02   -6.00000000e-01   -5.27672283e-05
642     -6.10000000e-02   -6.00000000e-01   -5.19632735e-05
643     -6.00000000e-02   -6.00000000e-01   -5.11581667e-05
644     -5.90000000e-02   -6.00000000e-01   -5.03518636e-05
645     -5.80000000e-02   -6.00000000e-01   -4.95443207e-05
646     -5.70000000e-02   -6.00000000e-01   -4.87354948e-05
647     -5.60000000e-02   -6.00000000e-01   -4.79253432e-05
648     -5.50000000e-02   -6.00000000e-01   -4.71138241e-05
649     -5.40000000e-02   -6.00000000e-01   -4.63008962e-05
650     -5.30000000e-02   -6.00000000e-01   -4.54865193e-05
651     -5.20000000e-02   -6.00000000e-01   -4.46706542e-05
652     -5.10000000e-02   -6.00000000e-01   -4.38532625e-05
653     -5.00000000e-02   -6.00000000e-01   -4.30343075e-05
654     -4.90000000e-02   -6.00000000e-01   -4.22137534e-05
655     -4.80000000e-02   -6.00000000e-01   -4.13915661e-05
656     -4.70000000e-02   -6.00000000e-01   -4.05677130e-05
657     -4.60000000e-02   -6.00000000e-01   -3.97421634e-05
658     -4.50000000e-02   -6.00000000e-01   -3.89148882e-05
659     -4.40000000e-02   -6.00000000e-01   -3.80858605e-05
660     -4.30000000e-02   -6.00000000e-01   -3.72550553e-05
661     -4.20000000e-02   -6.00000000e-01   -3.64224500e-05
662     -4.10000000e-02   -6.00000000e-01   -3.55880244e-05
663     -4.00000000e-02   -6.00000000e-01   -3.47517608e-05
664     -3.90000000e-02   -6.00000000e-01   -3.39136442e-05
665     -3.80000000e-02   -6.00000000e-01   -3.30736622e-05
666     -3.70000000e-02   -6.00000000e-01   -3.22318055e-05
667     -3.60000000e-02   -6.00000000e-01   -3.13880678e-05
668     -3.50000000e-02   -6.00000000e-01   -3.05424460e-05
669     -3.40000000e-02   -6.00000000e-01   -2.96949403e-05
670     -3.30000000e-02   -6.00000000e-01   -2.88455542e-05
671     -3.20000000e-02   -6.00000000e-01   -2.79942947e-05
672     -3.10000000e-02   -6.00000000e-01   -2.71411726e-05
673     -3.00000000e-02   -6.00000000e-01   -2.62862022e-05
674     -2.90000000e-02   -6.00000000e-01   -2.54294016e-05
675     -2.80000000e-02   -6.00000000e-01   -2.45707927e-05
676     -2.70000000e-02   -6.00000000e-01   -2.37104016e-05
677     -2.60000000e-02   -6.00000000e-01   -2.28482578e-05
678     -2.50000000e-02   -6.00000000e-01   -2.19843953e-05
679     -2.40000000e-02   -6.00000000e-01   -2.11188518e-05
680     -2.30000000e-02   -6.00000000e-01   -2.02516690e-05
681     -2.20000000e-02   -6.00000000e-01   -1.93828926e-05
682     -2.10000000e-02   -6.00000000e-01   -1.85125722e-05
683     -2.00000000e-02   -6.00000000e-01   -1.76407613e-05
684     -1.90000000e-02   -6.00000000e-01   -1.67675172e-05
685     -1.80000000e-02   -6.00000000e-01   -1.58929006e-05
686     -1.70000000e-02   -6.00000000e-01   -1.50169762e-05
687     -1.60000000e-02   -6.00000000e-01   -1.41398115e-05
688     -1.50000000e-02   -6.00000000e-01   -1.32614776e-05
689     -1.40000000e-02   -6.00000000e-01   -1.23820484e-05
690     -1.30000000e-02   -6.00000000e-01   -1.15016003e-05
691     -1.20000000e-02   -6.00000000e-01   -1.06202122e-05
692     -1.10000000e-02   -6.00000000e-01   -9.73796495e-06
693     -1.00000000e-02   -6.00000000e-01   -8.85494101e-06
694     -9.00000000e-03   -6.00000000e-01   -7.97122390e-06
695     -8.00000000e-03   -6.00000000e-01   -7.08689770e-06
696     -7.00000000e-03   -6.00000000e-01   -6.20204643e-06
697     -6.00000000e-03   -6.00000000e-01   -5.31675331e-06
698     -5.00000000e-03   -6.00000000e-01   -4.43109983e-06
699     -4.00000000e-03   -6.00000000e-01   -3.54516477e-06
700     -3.00000000e-03   -6.00000000e-01   -2.65902285e-06
701     -2.00000000e-03   -6.00000000e-01   -1.77274296e-06
702     -1.00000000e-03   -6.00000000e-01   -8.86385803e-07
703      0.00000000e+00   -6.00000000e-01    2.98226136e-13
704      1.00000000e-03   -6.00000000e-01    8.86386400e-07
705      2.00000000e-03   -6.00000000e-01    1.77274356e-06
706      3.00000000e-03   -6.00000000e-01    2.65902344e-06
707      4.00000000e-03   -6.00000000e-01    3.54516537e-06
708      5.00000000e-03   -6.00000000e-01    4.43110042e-06
709      6.00000000e-03   -6.00000000e-01    5.31675390e-06
710      7.00000000e-03   -6.00000000e-01    6.20204703e-06
711      8.00000000e-03   -6.00000000e-01    7.08689830e-06
712      9.00000000e-03   -6.00000000e-01    7.97122449e-06
713      1.00000000e-02   -6.00000000e-01    8.85494160e-06
714      1.10000000e-02   -6.00000000e-01    9.73796554e-06
715      1.20000000e-02   -6.00000000e-01    1.06202128e-05
716      1.30000000e-02   -6.00000000e-01    1.15016009e-05
717      1.40000000e-02   -6.00000000e-01    1.23820490e-05
718      1.50000000e-02   -6.00000000e-01    1.32614782e-05
719      1.60000000e-02   -6.00000000e-01    1.41398121e-05
720      1.70000000e-02   -6.00000000e-01    1.50169768e-05
721      1.80000000e-02   -6.00000000e-01    1.58929012e-05
722      1.90000000e-02   -6.00000000e-01    1.67675178e-05
723      2.00000000e-02   -6.00000000e-01    1.76407619e-05
724      2.10000000e-02   -6.00000000e-01    1.85125728e-05
725      2.20000000e-02   -6.00000000e-01    1.93828932e-05
726      2.30000000e-02   -6.00000000e-01    2.02516696e-05
727      2.40000000e-02   -6.00000000e-01    2.11188524e-05
728      2.50000000e-02   -6.00000000e-01    2.19843959e-05
729      2.60000000e-02   -6.00000000e-01    2.28482584e-05
730      2.70000000e-02   -6.00000000e-01    2.37104022e-05
731      2.80000000e-02   -6.00000000e-01    2.45707933e-05
732      2.90000000e-02   -6.00000000e-01    2.54294022e-05
733      3.00000000e-02   -6.00000000e-01    2.62862028e-05
734      3.10000000e-02   -6.00000000e-01    2.71411732e-05
735      3.20000000e-02   -6.00000000e-01    2.79942953e-05
736      3.30000000e-02   -6.00000000e-01    2.88455548e-05
737      3.40000000e-02   -6.00000000e-01    2.96949409e-05
738      3.50000000e-02   -6.00000000e-01    3.05424466e-05
739      3.60000000e-02   -6.00000000e-01    3.13880684e-05
740      3.70000000e-02   -6.00000000e-01    3.22318061e-05
741      3.80000000e-02   -6.00000000e-01    3.30736628e-05
742      3.90000000e-02   -6.00000000e-01    3.39136448e-05
743      4.00000000e-02   -6.00000000e-01    3.47517614e-05
744      4.10000000e-02   -6.00000000e-01    3.55880250e-05
745      4.20000000e-02   -6.00000000e-01    3.64224506e-05
746      4.30000000e-02   -6.00000000e-01    3.72550559e-05
747      4.40000000e-02   -6.00000000e-01    3.80858611e-05
748      4.50000000e-02   -6.00000000e-01    3.89148888e-05
749      4.60000000e-02   -6.00000000e-01    3.97421640e-05
750      4.70000000e-02   -6.00000000e-01    4.05677136e-05
751      4.80000000e-02   -6.00000000e-01    4.13915667e-05
752      4.90000000e-02   -6.00000000e-01    4.22137540e-05
753      5.00000000e-02   -6.00000000e-01    4.30343081e-05
754      5.10000000e-02   -6.00000000e-01    4.38532631e-05
755      5.20000000e-02   -6.00000000e-01    4.46706548e-05
756      5.30000000e-02   -6.00000000e-01    4.54865199e-05
757      5.40000000e-02   -6.00000000e-01    4.63008968e-05
758      5.50000000e-02   -6.00000000e-01    4.71138247e-05
759      5.60000000e-02   -6.00000000e-01    4.79253438e-05
760      5.70000000e-02   -6.00000000e-01    4.87354954e-05
761      5.80000000e-02   -6.00000000e-01    4.95443213e-05
762      5.90000000e-02   -6.00000000e-01    5.03518642e-05
763      6.00000000e-02   -6.00000000e-01    5.11581672e-05
764      6.10000000e-02   -6.00000000e-01    5.19632741e-05
765      6.20000000e-02   -6.00000000e-01    5.27672289e-05
766      6.30000000e-02   -6.00000000e-01    5.35700759e-05
767      6.40000000e-02   -6.00000000e-01    5.43718599e-05
768      6.50000000e-02   -6.00000000e-01    5.51726255e-05
769      6.60000000e-02   -6.00000000e-01    5.59724177e-05
770      6.70000000e-02   -6.00000000e-01    5.67712812e-05
771      6.80000000e-02   -6.00000000e-01    5.75692610e-05
772      6.90000000e-02   -6.00000000e-01    5.83664018e-05
773      7.00000000e-02   -6.00000000e-01    5.91627482e-05
774      7.10000000e-02   -6.00000000e-01    5.99583444e-05
775      7.20000000e-02   -6.00000000e-01    6.07532347e-05
776      7.30000000e-02   -6.00000000e-01    6.15474629e-05
777      7.40000000e-02   -6.00000000e-01    6.23410723e-05
778      7.50000000e-02   -6.00000000e-01    6.31341062e-05
779      7.60000000e-02   -6.00000000e-01    6.39266071e-05
780      7.70000000e-02   -6.00000000e-01    6.47186174e-05
781      7.80000000e-02   -6.00000000e-01    6.55101788e-05
782      7.90000000e-02   -6.00000000e-01    6.63013326e-05
783      8.00000000e-02   -6.00000000e-01    6.70921195e-05
784      8.10000000e-02   -6.00000000e-01    6.78825798e-05
785      8.20000000e-02   -6.00000000e-01    6.86727531e-05
786      8.30000000e-02   -6.00000000e-01    6.94626786e-05
787      8.40000000e-02   -6.00000000e-01    7.02523946e-05
788      8.50000000e-02   -6.00000000e-01    7.10419393e-05
789      8.60000000e-02   -6.00000000e-01    7.18313498e-05
790      8.70000000e-02   -6.00000000e-01    7.26206629e-05
791      8.80000000e-02   -6.00000000e-01    7.34099146e-05
792      8.90000000e-02   -6.00000000e-01    7.41991405e-05
793      9.00000000e-02   -6.00000000e-01    7.49883754e-05
794      9.10000000e-02   -6.00000000e-01    7.57776534e-05
795      9.20000000e-02   -6.00000000e-01    7.65670081e-05
796      9.30000000e-02   -6.00000000e-01    7.73564726e-05
797      9.40000000e-02   -6.00000000e-01    7.81460790e-05
798      9.50000000e-02   -6.00000000e-01    7.89358592e-05
799      9.60000000e-02   -6.00000000e-01    7.97258442e-05
800      9.70000000e-02   -6.00000000e-01    8.05160644e-05
801      9.80000000e-02   -6.00000000e-01    8.13065498e-05
802      9.90000000e-02   -6.00000000e-01    8.20973294e-05
803      1.00000000e-01   -6.00000000e-01    8.28884321e-05
804     -1.00000000e-01   -8.00000000e-01   -1.45434505e-04
805     -9.90000000e-02   -8.00000000e-01   -1.44110291e-04
806     -9.80000000e-02   -8.00000000e-01   -1.42783747e-04
807     -9.70000000e-02   -8.00000000e-01   -1.41454845e-04
808     -9.60000000e-02   -8.00000000e-01   -1.40123555e-04
809     -9.50000000e-02   -8.00000000e-01   -1.38789849e-04
810     -9.40000000e-02   -8.00000000e-01   -1.37453699e-04
811     -9.30000000e-02   -8.00000000e-01   -1.36115075e-04
812     -9.20000000e-02   -8.00000000e-01   -1.34773950e-04
813     -9.10000000e-02   -8.00000000e-01   -1.33430297e-04
814     -9.00000000e-02   -8.00000000e-01   -1.32084087e-04
815     -8.90000000e-02   -8.00000000e-01   -1.30735294e-04
816     -8.80000000e-02   -8.00000000e-01   -1.29383892e-04
817     -8.70000000e-02   -8.00000000e-01   -1.28029853e-04
818     -8.60000000e-02   -8.00000000e-01   -1.26673154e-04
819     -8.50000000e-02   -8.00000000e-01   -1.25313767e-04
820     -8.40000000e-02   -8.00000000e-01   -1.23951669e-04
821     -8.30000000e-02   -8.00000000e-01   -1.22586836e-04
822     -8.20000000e-02   -8.00000000e-01   -1.21219243e-04
823     -8.10000000e-02   -8.00000000e-01   -1.19848869e-04
824     -8.00000000e-02   -8.00000000e-01   -1.18475691e-04
825     -7.90000000e-02   -8.00000000e-01   -1.17099688e-04
826     -7.80000000e-02   -8.00000000e-01   -1.15720839e-04
827     -7.70000000e-02   -8.00000000e-01   -1.14339124e-04
828     -7.60000000e-02   -8.00000000e-01   -1.12954524e-04
829     -7.50000000e-02   -8.00000000e-01   -1.11567022e-04
830     -7.40000000e-02   -8.00000000e-01   -1.10176600e-04
831     -7.30000000e-02   -8.00000000e-01   -1.08783242e-04
832     -7.20000000e-02   -8.00000000e-01   -1.07386932e-04
833     -7.10000000e-02   -8.00000000e-01   -1.05987657e-04
834     -7.00000000e-02   -8.00000000e-01   -1.04585405e-04
835     -6.90000000e-02   -8.00000000e-01   -1.03180162e-04
836     -6.80000000e-02   -8.00000000e-01   -1.01771918e-04
837     -6.70000000e-02   -8.00000000e-01   -1.00360664e-04
838     -6.60000000e-02   -8.00000000e-01   -9.89463928e-05
839     -6.50000000e-02   -8.00000000e-01   -9.75290963e-05
840     -6.40000000e-02   -8.00000000e-01   -9.61087696e-05
841     -6.30000000e-02   -8.00000000e-01   -9.46854087e-05
842     -6.20000000e-02   -8.00000000e-01   -9.32590111e-05
843     -6.10000000e-02   -8.00000000e-01   -9.18295757e-05
844     -6.00000000e-02   -8.00000000e-01   -9.03971032e-05
845     -5.90000000e-02   -8.00000000e-01   -8.89615955e-05
846     -5.80000000e-02   -8.00000000e-01   -8.75230566e-05
847     -5.70000000e-02   -8.00000000e-01   -8.60814916e-05
848     -5.60000000e-02   -8.00000000e-01   -8.46369078e-05
849     -5.50000000e-02   -8.00000000e-01   -8.31893140e-05
850     -5.40000000e-02   -8.00000000e-01   -8.17387207e-05
851     -5.30000000e-02   -8.00000000e-01   -8.02851404e-05
852     -5.20000000e-02   -8.00000000e-01   -7.88285874e-05
853     -5.10000000e-02   -8.00000000e-01   -7.73690777e-05
854     -5.00000000e-02   -8.00000000e-01   -7.59066295e-05
855     -4.90000000e-02   -8.00000000e-01   -7.44412626e-05
856     -4.80000000e-02   -8.00000000e-01   -7.29729989e-05
857     -4.70000000e-02   -8.00000000e-01   -7.15018625e-05
858     -4.60000000e-02   -8.00000000e-01   -7.00278791e-05
859     -4.50000000e-02   -8.00000000e-01   -6.85510766e-05
860     -4.40000000e-02   -8.00000000e-01   -6.70714851e-05
861     -4.30000000e-02   -8.00000000e-01   -6.55891365e-05
862     -4.20000000e-02   -8.00000000e-01   -6.41040648e-05
863     -4.10000000e-02   -8.00000000e-01   -6.26163062e-05
864     -4.00000000e-02   -8.00000000e-01   -6.11258989e-05
865     -3.90000000e-02   -8.00000000e-01   -5.96328832e-05
866     -3.80000000e-02   -8.00000000e-01   -5.81373013e-05
867     -3.70000000e-02   -8.00000000e-01   -5.66391978e-05
868     -3.60000000e-02   -8.00000000e-01   -5.51386189e-05
869     -3.50000000e-02   -8.00000000e-01   -5.36356133e-05
870     -3.40000000e-02   -8.00000000e-01   -5.21302315e-05
871     -3.30000000e-02   -8.00000000e-01   -5.06225259e-05
872     -3.20000000e-02   -8.00000000e-01   -4.91125511e-05
873     -3.10000000e-02   -8.00000000e-01   -4.76003635e-05
874     -3.00000000e-02   -8.00000000e-01   -4.60860214e-05
875     -2.90000000e-02   -8.00000000e-01   -4.45695850e-05
876     -2.80000000e-02   -8.00000000e-01   -4.30511163e-05
877     -2.70000000e-02   -8.00000000e-01   -4.15306791e-05
878     -2.60000000e-02   -8.00000000e-01   -4.00083389e-05
879     -2.50000000e-02   -8.00000000e-01   -3.84841627e-05
880     -2.40000000e-02   -8.00000000e-01   -3.69582193e-05
881     -2.30000000e-02   -8.00000000e-01   -3.54305788e-05
882     -2.20000000e-02   -8.00000000e-01   -3.39013128e-05
883     -2.10000000e-02   -8.00000000e-01   -3.23704940e-05
884     -2.00000000e-02   -8.00000000e-01   -3.08381967e-05
885     -1.90000000e-02   -8.00000000e-01   -2.93044958e-05
886     -1.80000000e-02   -8.00000000e-01   -2.77694677e-05
887     -1.70000000e-02   -8.00000000e-01   -2.62331892e-05
888     -1.60000000e-02   -8.00000000e-01   -2.46957381e-05
889     -1.50000000e-02   -8.00000000e-01   -2.31571925e-05
890     -1.40000000e-02   -8.00000000e-01   -2.16176310e-05
891     -1.30000000e-02   -8.00000000e-01   -2.00771325e-05
892     -1.20000000e-02   -8.00000000e-01   -1.85357758e-05
893     -1.10000000e-02   -8.00000000e-01   -1.69936393e-05
894     -1.00000000e-02   -8.00000000e-01   -1.54508013e-05
895     -9.00000000e-03   -8.00000000e-01   -1.39073391e-05
896     -8.00000000e-03   -8.00000000e-01   -1.23633290e-05
897     -7.00000000e-03   -8.00000000e-01   -1.08188460e-05
898     -6.00000000e-03   -8.00000000e-01   -9.27396317e-06
899     -5.00000000e-03   -8.00000000e-01   -7.72875151e-06
900     -4.00000000e-03   -8.00000000e-01   -6.18327912e-06
901     -3.00000000e-03   -8.00000000e-01   -4.63761061e-06
902     -2.00000000e-03   -8.00000000e-01   -3.09180622e-06
903     -1.00000000e-03   -8.00000000e-01   -1.54592044e-06
904      0.00000000e+00   -8.00000000e-01    1.41458815e-13
905      1.00000000e-03   -8.00000000e-01    1.54592073e-06
906      2.00000000e-03   -8.00000000e-01    3.09180650e-06
907      3.00000000e-03   -8.00000000e-01    4.63761090e-06
908      4.00000000e-03   -8.00000000e-01    6.18327940e-06
909      5.00000000e-03   -8.00000000e-01    7.72875179e-06
910      6.00000000e-03   -8.00000000e-01    9.27396345e-06
911      7.00000000e-03   -8.00000000e-01    1.08188463e-05
912      8.00000000e-03   -8.00000000e-01    1.23633293e-05
913      9.00000000e-03   -8.00000000e-01    1.39073394e-05
914      1.00000000e-02   -8.00000000e-01    1.54508016e-05
915      1.10000000e-02   -8.00000000e-01    1.69936396e-05
916      1.20000000e-02   -8.00000000e-01    1.85357761e-05
917      1.30000000e-02   -8.00000000e-01    2.00771328e-05
918      1.40000000e-02   -8.00000000e-01    2.16176313e-05
919      1.50000000e-02   -8.00000000e-01    2.31571928e-05
920      1.60000000e-02   -8.00000000e-01    2.46957384e-05
921      1.70000000e-02   -8.00000000e-01    2.62331895e-05
922      1.80000000e-02   -8.00000000e-01    2.77694680e-05
923      1.90000000e-02   -8.00000000e-01    2.93044961e-05
924      2.00000000e-02   -8.00000000e-01    3.08381969e-05
925      2.10000000e-02   -8.00000000e-01    3.23704943e-05
926      2.20000000e-02   -8.00000000e-01    3.39013130e-05
927      2.30000000e-02   -8.00000000e-01    3.54305791e-05
928      2.40000000e-02   -8.00000000e-01    3.69582196e-05
929      2.50000000e-02   -8.00000000e-01    3.84841630e-05
930      2.60000000e-02   -8.00000000e-01    4.00083392e-05
931      2.70000000e-02   -8.00000000e-01    4.15306794e-05
932      2.80000000e-02   -8.00000000e-01    4.30511166e-05
933      2.90000000e-02   -8.00000000e-01    4.45695852e-05
934      3.00000000e-02   -8.00000000e-01    4.60860216e-05
935      3.10000000e-02   -8.00000000e-01    4.76003637e-05
936      3.20000000e-02   -8.00000000e-01    4.91125514e-05
937      3.30000000e-02   -8.00000000e-01    5.06225262e-05
938      3.40000000e-02   -8.00000000e-01    5.21302318e-05
939      3.50000000e-02   -8.00000000e-01    5.36356136e-05
940      3.60000000e-02   -8.00000000e-01    5.51386192e-05
941      3.70000000e-02   -8.00000000e-01    5.66391980e-05
942      3.80000000e-02   -8.00000000e-01    5.81373016e-05
943      3.90000000e-02   -8.00000000e-01    5.96328835e-05
944      4.00000000e-02   -8.00000000e-01    6.11258992e-05
945      4.10000000e-02   -8.00000000e-01    6.26163065e-05
946      4.20000000e-02   -8.00000000e-01    6.41040651e-05
947      4.30000000e-02   -8.00000000e-01    6.55891367e-05
948      4.40000000e-02   -8.00000000e-01    6.70714854e-05
949      4.50000000e-02   -8.00000000e-01    6.85510769e-05
950      4.60000000e-02   -8.00000000e-01    7.00278793e-05
951      4.70000000e-02   -8.00000000e-01    7.15018628e-05
952      4.80000000e-02   -8.00000000e-01    7.29729992e-05
953      4.90000000e-02   -8.00000000e-01    7.44412629e-05
954      5.00000000e-02   -8.00000000e-01    7.59066298e-05
955      5.10000000e-02   -8.00000000e-01    7.73690780e-05
956      5.20000000e-02   -8.00000000e-01    7.88285877e-05
957      5.30000000e-02   -8.00000000e-01    8.02851407e-05
958      5.40000000e-02   -8.00000000e-01    8.17387210e-05
959      5.50000000e-02   -8.00000000e-01    8.31893142e-05
960      5.60000000e-02   -8.00000000e-01    8.46369081e-05
961      5.70000000e-02   -8.00000000e-01    8.60814919e-05
962      5.80000000e-02   -8.00000000e-01    8.75230568e-05
963      5.90000000e-02   -8.00000000e-01    8.89615958e-05
964      6.00000000e-02   -8.00000000e-01    9.03971035e-05
965      6.10000000e-02   -8.00000000e-01    9.18295760e-05
966      6.20000000e-02   -8.00000000e-01    9.32590114e-05
967      6.30000000e-02   -8.00000000e-01    9.46854090e-05
968      6.40000000e-02   -8.00000000e-01    9.61087699e-05
969      6.50000000e-02   -8.00000000e-01    9.75290966e-05
970      6.60000000e-02   -8.00000000e-01    9.89463931e-05
971      6.70000000e-02   -8.00000000e-01    1.00360665e-04
972      6.80000000e-02   -8.00000000e-01    1.01771918e-04
973      6.90000000e-02   -8.00000000e-01    1.03180162e-04
974      7.00000000e-02   -8.00000000e-01    1.04585405e-04
975      7.10000000e-02   -8.00000000e-01    1.05987658e-04
976      7.20000000e-02   -8.00000000e-01    1.07386932e-04
977      7.30000000e-02   -8.00000000e-01    1.08783242e-04
978      7.40000000e-02   -8.00000000e-01    1.10176600e-04
979      7.50000000e-02   -8.00000000e-01    1.11567022e-04
980      7.60000000e-02   -8.00000000e-01    1.12954525e-04
981      7.70000000e-02   -8.00000000e-01    1.14339124e-04
982      7.80000000e-02   -8.00000000e-01    1.15720839e-04
983      7.90000000e-02   -8.00000000e-01    1.17099688e-04
984      8.00000000e-02   -8.00000000e-01    1.18475692e-04
985      8.10000000e-02   -8.00000000e-01    1.19848870e-04
986      8.20000000e-02   -8.00000000e-01    1.21219244e-04
987      8.30000000e-02   -8.00000000e-01    1.22586836e-04
988      8.40000000e-02   -8.00000000e-01    1.23951669e-04
989      8.50000000e-02   -8.00000000e-01    1.25313767e-04
990      8.60000000e-02   -8.00000000e-01    1.26673154e-04
991      8.70000000e-02   -8.00000000e-01    1.28029854e-04
992      8.80000000e-02   -8.00000000e-01    1.29383892e-04
993      8.90000000e-02   -8.00000000e-01    1.30735294e-04
994      9.00000000e-02   -8.00000000e-01    1.32084087e-04
995      9.10000000e-02   -8.00000000e-01    1.33430297e-04
996      9.20000000e-02   -8.00000000e-01    1.34773950e-04
997      9.30000000e-02   -8.00000000e-01    1.36115075e-04
998      9.40000000e-02   -8.00000000e-01    1.37453699e-04
999      9.50000000e-02   -8.00000000e-01    1.38789850e-04
1000     9.60000000e-02   -8.00000000e-01    1.40123556e-04
1001     9.70000000e-02   -8.00000000e-01    1.41454845e-04
1002     9.80000000e-02   -8.00000000e-01    1.42783747e-04
1003     9.90000000e-02   -8.00000000e-01    1.44110291e-04
1004     1.00000000e-01   -8.00000000e-01    1.45434505e-04
1005    -1.00000000e-01   -1.00000000e+00   -1.95561012e-04
1006    -9.90000000e-02   -1.00000000e+00   -1.93792508e-04
1007    -9.80000000e-02   -1.00000000e+00   -1.92019615e-04
1008    -9.70000000e-02   -1.00000000e+00   -1.90242325e-04
1009    -9.60000000e-02   -1.00000000e+00   -1.88460631e-04
1010    -9.50000000e-02   -1.00000000e+00   -1.86674525e-04
1011    -9.40000000e-02   -1.00000000e+00   -1.84884003e-04
1012    -9.30000000e-02   -1.00000000e+00   -1.83089059e-04
1013    -9.20000000e-02   -1.00000000e+00   -1.81289690e-04
1014    -9.10000000e-02   -1.00000000e+00   -1.79485893e-04
1015    -9.00000000e-02   -1.00000000e+00   -1.77677665e-04
1016    -8.90000000e-02   -1.00000000e+00   -1.75865006e-04
1017    -8.80000000e-02   -1.00000000e+00   -1.74047914e-04
1018    -8.70000000e-02   -1.00000000e+00   -1.72226392e-04
1019    -8.60000000e-02   -1.00000000e+00   -1.70400440e-04
1020    -8.50000000e-02   -1.00000000e+00   -1.68570061e-04
1021    -8.40000000e-02   -1.00000000e+00   -1.66735260e-04
1022    -8.30000000e-02   -1.00000000e+00   -1.64896040e-04
1023    -8.20000000e-02   -1.00000000e+00   -1.63052409e-04
1024    -8.10000000e-02   -1.00000000e+00   -1.61204373e-04
1025    -8.00000000e-02   -1.00000000e+00   -1.59351940e-04
1026    -7.90000000e-02   -1.00000000e+00   -1.57495120e-04
1027    -7.80000000e-02   -1.00000000e+00   -1.55633923e-04
1028    -7.70000000e-02   -1.00000000e+00   -1.53768361e-04
1029    -7.60000000e-02   -1.00000000e+00   -1.51898447e-04
1030    -7.50000000e-02   -1.00000000e+00   -1.50024195e-04
1031    -7.40000000e-02   -1.00000000e+00   -1.48145620e-04
1032    -7.30000000e-02   -1.00000000e+00   -1.46262738e-04
1033    -7.20000000e-02   -1.00000000e+00   -1.44375569e-04
1034    -7.10000000e-02   -1.00000000e+00   -1.42484130e-04
1035    -7.00000000e-02   -1.00000000e+00   -1.40588442e-04
1036    -6.90000000e-02   -1.00000000e+00   -1.38688527e-04
1037    -6.80000000e-02   -1.00000000e+00   -1.36784409e-04
1038    -6.70000000e-02   -1.00000000e+00   -1.34876110e-04
1039    -6.60000000e-02   -1.00000000e+00   -1.32963659e-04
1040    -6.50000000e-02   -1.00000000e+00   -1.31047080e-04
1041    -6.40000000e-02   -1.00000000e+00   -1.29126403e-04
1042    -6.30000000e-02   -1.00000000e+00   -1.27201659e-04
1043    -6.20000000e-02   -1.00000000e+00   -1.25272877e-04
1044    -6.10000000e-02   -1.00000000e+00   -1.23340091e-04
1045    -6.00000000e-02   -1.00000000e+00   -1.21403334e-04
1046    -5.90000000e-02   -1.00000000e+00   -1.19462643e-04
1047    -5.80000000e-02   -1.00000000e+00   -1.17518055e-04
1048    -5.70000000e-02   -1.00000000e+00   -1.15569607e-04
1049    -5.60000000e-02   -1.00000000e+00   -1.13617339e-04
1050    -5.50000000e-02   -1.00000000e+00   -1.11661293e-04
1051    -5.40000000e-02   -1.00000000e+00   -1.09701511e-04
1052    -5.30000000e-02   -1.00000000e+00   -1.07738037e-04
1053    -5.20000000e-02   -1.00000000e+00   -1.05770917e-04
1054    -5.10000000e-02   -1.00000000e+00   -1.03800197e-04
1055    -5.00000000e-02   -1.00000000e+00   -1.01825926e-04
1056    -4.90000000e-02   -1.00000000e+00   -9.98481542e-05
1057    -4.80000000e-02   -1.00000000e+00   -9.78669318e-05
1058    -4.70000000e-02   -1.00000000e+00   -9.58823116e-05
1059    -4.60000000e-02   -1.00000000e+00   -9.38943475e-05
1060    -4.50000000e-02   -1.00000000e+00   -9.19030948e-05
1061    -4.40000000e-02   -1.00000000e+00   -8.99086100e-05
1062    -4.30000000e-02   -1.00000000e+00   -8.79109512e-05
1063    -4.20000000e-02   -1.00000000e+00   -8.59101776e-05
1064    -4.10000000e-02   -1.00000000e+00   -8.39063498e-05
1065    -4.00000000e-02   -1.00000000e+00   -8.18995296e-05
1066    -3.90000000e-02   -1.00000000e+00   -7.98897802e-05
1067    -3.80000000e-02   -1.00000000e+00   -7.78771660e-05
1068    -3.70000000e-02   -1.00000000e+00   -7.58617524e-05
1069    -3.60000000e-02   -1.00000000e+00   -7.38436063e-05
1070    -3.50000000e-02   -1.00000000e+00   -7.18227955e-05
1071    -3.40000000e-02   -1.00000000e+00   -6.97993891e-05
1072    -3.30000000e-02   -1.00000000e+00   -6.77734572e-05
1073    -3.20000000e-02   -1.00000000e+00   -6.57450709e-05
1074    -3.10000000e-02   -1.00000000e+00   -6.37143023e-05
1075    -3.00000000e-02   -1.00000000e+00   -6.16812245e-05
1076    -2.90000000e-02   -1.00000000e+00   -5.96459117e-05
1077    -2.80000000e-02   -1.00000000e+00   -5.76084386e-05
1078    -2.70000000e-02   -1.00000000e+00   -5.55688810e-05
1079    -2.60000000e-02   -1.00000000e+00   -5.35273154e-05
1080    -2.50000000e-02   -1.00000000e+00   -5.14838189e-05
1081    -2.40000000e-02   -1.00000000e+00   -4.94384695e-05
1082    -2.30000000e-02   -1.00000000e+00   -4.73913456e-05
1083    -2.20000000e-02   -1.00000000e+00   -4.53425260e-05
1084    -2.10000000e-02   -1.00000000e+00   -4.32920903e-05
1085    -2.00000000e-02   -1.00000000e+00   -4.12401182e-05
1086    -1.90000000e-02   -1.00000000e+00   -3.91866899e-05
1087    -1.80000000e-02   -1.00000000e+00   -3.71318855e-05
1088    -1.70000000e-02   -1.00000000e+00   -3.50757856e-05
1089    -1.60000000e-02   -1.00000000e+00   -3.30184707e-05
1090    -1.50000000e-02   -1.00000000e+00   -3.09600211e-05
1091    -1.40000000e-02   -1.00000000e+00   -2.89005171e-05
1092    -1.30000000e-02   -1.00000000e+00   -2.68400385e-05
1093    -1.20000000e-02   -1.00000000e+00   -2.47786651e-05
1094    -1.10000000e-02   -1.00000000e+00   -2.27164756e-05
1095    -1.00000000e-02   -1.00000000e+00   -2.06535483e-05
1096    -9.00000000e-03   -1.00000000e+00   -1.85899607e-05
1097    -8.00000000e-03   -1.00000000e+00   -1.65257891e-05
1098    -7.00000000e-03   -1.00000000e+00   -1.44611086e-05
1099    -6.00000000e-03   -1.00000000e+00   -1.23959927e-05
1100    -5.00000000e-03   -1.00000000e+00   -1.03305133e-05
1101    -4.00000000e-03   -1.00000000e+00   -8.26473999e-06
1102    -3.00000000e-03   -1.00000000e+00   -6.19874000e-06
1103    -2.00000000e-03   -1.00000000e+00   -4.13257739e-06
1104    -1.00000000e-03   -1.00000000e+00   -2.06631237e-06
1105     0.00000000e+00   -1.00000000e+00    5.34938895e-14
1106     1.00000000e-03   -1.00000000e+00    2.06631248e-06
1107     2.00000000e-03   -1.00000000e+00    4.13257750e-06
1108     3.00000000e-03   -1.00000000e+00    6.19874011e-06
1109     4.00000000e-03   -1.00000000e+00    8.26474010e-06
1110     5.00000000e-03   -1.00000000e+00    1.03305134e-05
1111     6.00000000e-03   -1.00000000e+00    1.23959928e-05
1112     7.00000000e-03   -1.00000000e+00    1.44611087e-05
1113     8.00000000e-03   -1.00000000e+00    1.65257892e-05
1114     9.00000000e-03   -1.00000000e+00    1.85899608e-05
1115     1.00000000e-02   -1.00000000e+00    2.06535484e-05
1116     1.10000000e-02   -1.00000000e+00    2.27164757e-05
1117     1.20000000e-02   -1.00000000e+00    2.47786652e-05
1118     1.30000000e-02   -1.00000000e+00    2.68400387e-05
1119     1.40000000e-02   -1.00000000e+00    2.89005172e-05
1120     1.50000000e-02   -1.00000000e+00    3.09600212e-05
1121     1.60000000e-02   -1.00000000e+00    3.30184708e-05
1122     1.70000000e-02   -1.00000000e+00    3.50757857e-05
1123     1.80000000e-02   -1.00000000e+00    3.71318856e-05
1124     1.90000000e-02   -1.00000000e+00    3.91866900e-05
1125     2.00000000e-02   -1.00000000e+00    4.12401183e-05
1126     2.10000000e-02   -1.00000000e+00    4.32920904e-05
1127     2.20000000e-02   -1.00000000e+00    4.53425261e-05
1128     2.30000000e-02   -1.00000000e+00    4.73913457e-05
1129     2.40000000e-02   -1.00000000e+00    4.94384696e-05
1130     2.50000000e-02   -1.00000000e+00    5.14838190e-05
1131     2.60000000e-02   -1.00000000e+00    5.35273155e-05
1132     2.70000000e-02   -1.00000000e+00    5.55688811e-05
1133     2.80000000e-02   -1.00000000e+00    5.76084387e-05
1134     2.90000000e-02   -1.00000000e+00    5.96459118e-05
1135     3.00000000e-02   -1.00000000e+00    6.16812246e-05
1136     3.10000000e-02   -1.00000000e+00    6.37143024e-05
1137     3.20000000e-02   -1.00000000e+00    6.57450710e-05
1138     3.30000000e-02   -1.00000000e+00    6.77734573e-05
1139     3.40000000e-02   -1.00000000e+00    6.97993892e-05
1140     3.50000000e-02   -1.00000000e+00    7.18227956e-05
1141     3.60000000e-02   -1.00000000e+00    7.38436064e-05
1142     3.70000000e-02   -1.00000000e+00    7.58617525e-05
1143     3.80000000e-02   -1.00000000e+00    7.78771661e-05
1144     3.90000000e-02   -1.00000000e+00    7.98897803e-05
1145     4.00000000e-02   -1.00000000e+00    8.18995297e-05
1146     4.10000000e-02   -1.00000000e+00    8.39063499e-05
1147     4.20000000e-02   -1.00000000e+00    8.59101777e-05
1148     4.30000000e-02   -1.00000000e+00    8.79109513e-05
1149     4.40000000e-02   -1.00000000e+00    8.99086102e-05
1150     4.50000000e-02   -1.00000000e+00    9.19030949e-05
1151     4.60000000e-02   -1.00000000e+00    9.38943476e-05
1152     4.70000000e-02   -1.00000000e+00    9.58823117e-05
1153     4.80000000e-02   -1.00000000e+00    9.78669319e-05
1154     4.90000000e-02   -1.00000000e+00    9.98481543e-05
1155     5.00000000e-02   -1.00000000e+00    1.01825926e-04
1156     5.10000000e-02   -1.00000000e+00    1.03800197e-04
1157     5.20000000e-02   -1.00000000e+00    1.05770917e-04
1158     5.30000000e-02   -1.00000000e+00    1.07738037e-04
1159     5.40000000e-02   -1.00000000e+00    1.09701511e-04
1160     5.50000000e-02   -1.00000000e+00    1.11661293e-04
1161     5.60000000e-02   -1.00000000e+00    1.13617339e-04
1162     5.70000000e-02   -1.00000000e+00    1.15569607e-04
1163     5.80000000e-02   -1.00000000e+00    1.17518055e-04
1164     5.90000000e-02   -1.00000000e+00    1.19462644e-04
1165     6.00000000e-02   -1.00000000e+00    1.21403334e-04
1166     6.10000000e-02   -1.00000000e+00    1.23340091e-04
1167     6.20000000e-02   -1.00000000e+00    1.25272877e-04
1168     6.30000000e-02   -1.00000000e+00    1.27201659e-04
1169     6.40000000e-02   -1.00000000e+00    1.29126404e-04
1170     6.50000000e-02   -1.00000000e+00    1.31047080e-04
1171     6.60000000e-02   -1.00000000e+00    1.32963659e-04
1172     6.70000000e-02   -1.00000000e+00    1.34876111e-04
1173     6.80000000e-02   -1.00000000e+00    1.36784409e-04
1174     6.90000000e-02   -1.00000000e+00    1.38688527e-04
1175     7.00000000e-02   -1.00000000e+00    1.40588442e-04
1176     7.10000000e-02   -1.00000000e+00    1.42484130e-04
1177     7.20000000e-02   -1.00000000e+00    1.44375569e-04
1178     7.30000000e-02   -1.00000000e+00    1.46262738e-04
1179     7.40000000e-02   -1.00000000e+00    1.48145620e-04
1180     7.50000000e-02   -1.00000000e+00    1.50024195e-04
1181     7.60000000e-02   -1.00000000e+00    1.51898447e-04
1182     7.70000000e-02   -1.00000000e+00    1.53768361e-04
1183     7.80000000e-02   -1.00000000e+00    1.55633923e-04
1184     7.90000000e-02   -1.00000000e+00    1.57495120e-04
1185     8.00000000e-02   -1.00000000e+00    1.59351940e-04
1186     8.10000000e-02   -1.00000000e+00    1.61204373e-04
1187     8.20000000e-02   -1.00000000e+00    1.63052409e-04
1188     8.30000000e-02   -1.00000000e+00    1.64896041e-04
1189     8.40000000e-02   -1.00000000e+00    1.66735260e-04
1190     8.50000000e-02   -1.00000000e+00    1.68570061e-04
1191     8.60000000e-02   -1.00000000e+00    1.70400440e-04
1192     8.70000000e-02   -1.00000000e+00    1.72226392e-04
1193     8.80000000e-02   -1.00000000e+00    1.74047914e-04
1194     8.90000000e-02   -1.00000000e+00    1.75865006e-04
1195     9.00000000e-02   -1.00000000e+00    1.77677665e-04
1196     9.10000000e-02   -1.00000000e+00    1.79485893e-04
1197     9.20000000e-02   -1.00000000e+00    1.81289691e-04
1198     9.30000000e-02   -1.00000000e+00    1.83089059e-04
1199     9.40000000e-02   -1.00000000e+00    1.84884003e-04
1200     9.50000000e-02   -1.00000000e+00    1.86674525e-04
1201     9.60000000e-02   -1.00000000e+00    1.88460631e-04
1202     9.70000000e-02   -1.00000000e+00    1.90242325e-04
1203     9.80000000e-02   -1.00000000e+00    1.92019616e-04
1204     9.90000000e-02   -1.00000000e+00    1.93792508e-04
1205     1.00000000e-01   -1.00000000e+00    1.95561012e-04
End of Xyce(TM) Simulation
