Index     V(DRAIN)           V(GATE)        {-I(VDRAIN)}   
0       -1.00000000e-01    0.00000000e+00   -5.38512421e-08
1       -9.90000000e-02    0.00000000e+00   -5.19211322e-08
2       -9.80000000e-02    0.00000000e+00   -5.00585473e-08
3       -9.70000000e-02    0.00000000e+00   -4.82611883e-08
4       -9.60000000e-02    0.00000000e+00   -4.65268310e-08
5       -9.50000000e-02    0.00000000e+00   -4.48533238e-08
6       -9.40000000e-02    0.00000000e+00   -4.32385859e-08
7       -9.30000000e-02    0.00000000e+00   -4.16806045e-08
8       -9.20000000e-02    0.00000000e+00   -4.01774329e-08
9       -9.10000000e-02    0.00000000e+00   -3.87271888e-08
10      -9.00000000e-02    0.00000000e+00   -3.73280518e-08
11      -8.90000000e-02    0.00000000e+00   -3.59782618e-08
12      -8.80000000e-02    0.00000000e+00   -3.46761170e-08
13      -8.70000000e-02    0.00000000e+00   -3.34199720e-08
14      -8.60000000e-02    0.00000000e+00   -3.22082360e-08
15      -8.50000000e-02    0.00000000e+00   -3.10393712e-08
16      -8.40000000e-02    0.00000000e+00   -2.99118912e-08
17      -8.30000000e-02    0.00000000e+00   -2.88243589e-08
18      -8.20000000e-02    0.00000000e+00   -2.77753855e-08
19      -8.10000000e-02    0.00000000e+00   -2.67636284e-08
20      -8.00000000e-02    0.00000000e+00   -2.57877902e-08
21      -7.90000000e-02    0.00000000e+00   -2.48466169e-08
22      -7.80000000e-02    0.00000000e+00   -2.39388966e-08
23      -7.70000000e-02    0.00000000e+00   -2.30634581e-08
24      -7.60000000e-02    0.00000000e+00   -2.22191697e-08
25      -7.50000000e-02    0.00000000e+00   -2.14049376e-08
26      -7.40000000e-02    0.00000000e+00   -2.06197051e-08
27      -7.30000000e-02    0.00000000e+00   -1.98624508e-08
28      -7.20000000e-02    0.00000000e+00   -1.91321879e-08
29      -7.10000000e-02    0.00000000e+00   -1.84279631e-08
30      -7.00000000e-02    0.00000000e+00   -1.77488548e-08
31      -6.90000000e-02    0.00000000e+00   -1.70939729e-08
32      -6.80000000e-02    0.00000000e+00   -1.64624572e-08
33      -6.70000000e-02    0.00000000e+00   -1.58534765e-08
34      -6.60000000e-02    0.00000000e+00   -1.52662277e-08
35      -6.50000000e-02    0.00000000e+00   -1.46999348e-08
36      -6.40000000e-02    0.00000000e+00   -1.41538479e-08
37      -6.30000000e-02    0.00000000e+00   -1.36272424e-08
38      -6.20000000e-02    0.00000000e+00   -1.31194181e-08
39      -6.10000000e-02    0.00000000e+00   -1.26296985e-08
40      -6.00000000e-02    0.00000000e+00   -1.21574295e-08
41      -5.90000000e-02    0.00000000e+00   -1.17019793e-08
42      -5.80000000e-02    0.00000000e+00   -1.12627372e-08
43      -5.70000000e-02    0.00000000e+00   -1.08391129e-08
44      -5.60000000e-02    0.00000000e+00   -1.04305358e-08
45      -5.50000000e-02    0.00000000e+00   -1.00364545e-08
46      -5.40000000e-02    0.00000000e+00   -9.65633600e-09
47      -5.30000000e-02    0.00000000e+00   -9.28966496e-09
48      -5.20000000e-02    0.00000000e+00   -8.93594328e-09
49      -5.10000000e-02    0.00000000e+00   -8.59468943e-09
50      -5.00000000e-02    0.00000000e+00   -8.26543791e-09
51      -4.90000000e-02    0.00000000e+00   -7.94773870e-09
52      -4.80000000e-02    0.00000000e+00   -7.64115675e-09
53      -4.70000000e-02    0.00000000e+00   -7.34527149e-09
54      -4.60000000e-02    0.00000000e+00   -7.05967638e-09
55      -4.50000000e-02    0.00000000e+00   -6.78397840e-09
56      -4.40000000e-02    0.00000000e+00   -6.51779766e-09
57      -4.30000000e-02    0.00000000e+00   -6.26076690e-09
58      -4.20000000e-02    0.00000000e+00   -6.01253108e-09
59      -4.10000000e-02    0.00000000e+00   -5.77274688e-09
60      -4.00000000e-02    0.00000000e+00   -5.54108223e-09
61      -3.90000000e-02    0.00000000e+00   -5.31721578e-09
62      -3.80000000e-02    0.00000000e+00   -5.10083628e-09
63      -3.70000000e-02    0.00000000e+00   -4.89164199e-09
64      -3.60000000e-02    0.00000000e+00   -4.68933991e-09
65      -3.50000000e-02    0.00000000e+00   -4.49364504e-09
66      -3.40000000e-02    0.00000000e+00   -4.30427949e-09
67      -3.30000000e-02    0.00000000e+00   -4.12097164e-09
68      -3.20000000e-02    0.00000000e+00   -3.94345519e-09
69      -3.10000000e-02    0.00000000e+00   -3.77146836e-09
70      -3.00000000e-02    0.00000000e+00   -3.60475314e-09
71      -2.90000000e-02    0.00000000e+00   -3.44305471e-09
72      -2.80000000e-02    0.00000000e+00   -3.28612117e-09
73      -2.70000000e-02    0.00000000e+00   -3.13370351e-09
74      -2.60000000e-02    0.00000000e+00   -2.98555599e-09
75      -2.50000000e-02    0.00000000e+00   -2.84143680e-09
76      -2.40000000e-02    0.00000000e+00   -2.70110907e-09
77      -2.30000000e-02    0.00000000e+00   -2.56434203e-09
78      -2.20000000e-02    0.00000000e+00   -2.43091233e-09
79      -2.10000000e-02    0.00000000e+00   -2.30060530e-09
80      -2.00000000e-02    0.00000000e+00   -2.17321600e-09
81      -1.90000000e-02    0.00000000e+00   -2.04855008e-09
82      -1.80000000e-02    0.00000000e+00   -1.92642416e-09
83      -1.70000000e-02    0.00000000e+00   -1.80666590e-09
84      -1.60000000e-02    0.00000000e+00   -1.68911360e-09
85      -1.50000000e-02    0.00000000e+00   -1.57361546e-09
86      -1.40000000e-02    0.00000000e+00   -1.46002851e-09
87      -1.30000000e-02    0.00000000e+00   -1.34821736e-09
88      -1.20000000e-02    0.00000000e+00   -1.23805274e-09
89      -1.10000000e-02    0.00000000e+00   -1.12941000e-09
90      -1.00000000e-02    0.00000000e+00   -1.02216769e-09
91      -9.00000000e-03    0.00000000e+00   -9.16206123e-10
92      -8.00000000e-03    0.00000000e+00   -8.11406098e-10
93      -7.00000000e-03    0.00000000e+00   -7.07647830e-10
94      -6.00000000e-03    0.00000000e+00   -6.04810011e-10
95      -5.00000000e-03    0.00000000e+00   -5.02769113e-10
96      -4.00000000e-03    0.00000000e+00   -4.01398909e-10
97      -3.00000000e-03    0.00000000e+00   -3.00570239e-10
98      -2.00000000e-03    0.00000000e+00   -2.00151020e-10
99      -1.00000000e-03    0.00000000e+00   -1.00006534e-10
100      0.00000000e+00    0.00000000e+00   -7.90564845e-25
101      1.00000000e-03    0.00000000e+00    1.00006534e-10
102      2.00000000e-03    0.00000000e+00    2.00151021e-10
103      3.00000000e-03    0.00000000e+00    3.00570240e-10
104      4.00000000e-03    0.00000000e+00    4.01398911e-10
105      5.00000000e-03    0.00000000e+00    5.02769116e-10
106      6.00000000e-03    0.00000000e+00    6.04810016e-10
107      7.00000000e-03    0.00000000e+00    7.07647836e-10
108      8.00000000e-03    0.00000000e+00    8.11406106e-10
109      9.00000000e-03    0.00000000e+00    9.16206133e-10
110      1.00000000e-02    0.00000000e+00    1.02216771e-09
111      1.10000000e-02    0.00000000e+00    1.12941002e-09
112      1.20000000e-02    0.00000000e+00    1.23805275e-09
113      1.30000000e-02    0.00000000e+00    1.34821738e-09
114      1.40000000e-02    0.00000000e+00    1.46002853e-09
115      1.50000000e-02    0.00000000e+00    1.57361548e-09
116      1.60000000e-02    0.00000000e+00    1.68911363e-09
117      1.70000000e-02    0.00000000e+00    1.80666594e-09
118      1.80000000e-02    0.00000000e+00    1.92642421e-09
119      1.90000000e-02    0.00000000e+00    2.04855013e-09
120      2.00000000e-02    0.00000000e+00    2.17321605e-09
121      2.10000000e-02    0.00000000e+00    2.30060535e-09
122      2.20000000e-02    0.00000000e+00    2.43091240e-09
123      2.30000000e-02    0.00000000e+00    2.56434210e-09
124      2.40000000e-02    0.00000000e+00    2.70110915e-09
125      2.50000000e-02    0.00000000e+00    2.84143689e-09
126      2.60000000e-02    0.00000000e+00    2.98555608e-09
127      2.70000000e-02    0.00000000e+00    3.13370361e-09
128      2.80000000e-02    0.00000000e+00    3.28612128e-09
129      2.90000000e-02    0.00000000e+00    3.44305483e-09
130      3.00000000e-02    0.00000000e+00    3.60475327e-09
131      3.10000000e-02    0.00000000e+00    3.77146850e-09
132      3.20000000e-02    0.00000000e+00    3.94345534e-09
133      3.30000000e-02    0.00000000e+00    4.12097180e-09
134      3.40000000e-02    0.00000000e+00    4.30427967e-09
135      3.50000000e-02    0.00000000e+00    4.49364524e-09
136      3.60000000e-02    0.00000000e+00    4.68934013e-09
137      3.70000000e-02    0.00000000e+00    4.89164223e-09
138      3.80000000e-02    0.00000000e+00    5.10083654e-09
139      3.90000000e-02    0.00000000e+00    5.31721606e-09
140      4.00000000e-02    0.00000000e+00    5.54108255e-09
141      4.10000000e-02    0.00000000e+00    5.77274722e-09
142      4.20000000e-02    0.00000000e+00    6.01253145e-09
143      4.30000000e-02    0.00000000e+00    6.26076731e-09
144      4.40000000e-02    0.00000000e+00    6.51779811e-09
145      4.50000000e-02    0.00000000e+00    6.78397889e-09
146      4.60000000e-02    0.00000000e+00    7.05967690e-09
147      4.70000000e-02    0.00000000e+00    7.34527206e-09
148      4.80000000e-02    0.00000000e+00    7.64115737e-09
149      4.90000000e-02    0.00000000e+00    7.94773937e-09
150      5.00000000e-02    0.00000000e+00    8.26543865e-09
151      5.10000000e-02    0.00000000e+00    8.59469023e-09
152      5.20000000e-02    0.00000000e+00    8.93594414e-09
153      5.30000000e-02    0.00000000e+00    9.28966589e-09
154      5.40000000e-02    0.00000000e+00    9.65633701e-09
155      5.50000000e-02    0.00000000e+00    1.00364556e-08
156      5.60000000e-02    0.00000000e+00    1.04305370e-08
157      5.70000000e-02    0.00000000e+00    1.08391141e-08
158      5.80000000e-02    0.00000000e+00    1.12627386e-08
159      5.90000000e-02    0.00000000e+00    1.17019808e-08
160      6.00000000e-02    0.00000000e+00    1.21574311e-08
161      6.10000000e-02    0.00000000e+00    1.26297002e-08
162      6.20000000e-02    0.00000000e+00    1.31194200e-08
163      6.30000000e-02    0.00000000e+00    1.36272444e-08
164      6.40000000e-02    0.00000000e+00    1.41538500e-08
165      6.50000000e-02    0.00000000e+00    1.46999371e-08
166      6.60000000e-02    0.00000000e+00    1.52662302e-08
167      6.70000000e-02    0.00000000e+00    1.58534791e-08
168      6.80000000e-02    0.00000000e+00    1.64624600e-08
169      6.90000000e-02    0.00000000e+00    1.70939759e-08
170      7.00000000e-02    0.00000000e+00    1.77488579e-08
171      7.10000000e-02    0.00000000e+00    1.84279664e-08
172      7.20000000e-02    0.00000000e+00    1.91321915e-08
173      7.30000000e-02    0.00000000e+00    1.98624545e-08
174      7.40000000e-02    0.00000000e+00    2.06197091e-08
175      7.50000000e-02    0.00000000e+00    2.14049419e-08
176      7.60000000e-02    0.00000000e+00    2.22191742e-08
177      7.70000000e-02    0.00000000e+00    2.30634629e-08
178      7.80000000e-02    0.00000000e+00    2.39389017e-08
179      7.90000000e-02    0.00000000e+00    2.48466223e-08
180      8.00000000e-02    0.00000000e+00    2.57877959e-08
181      8.10000000e-02    0.00000000e+00    2.67636344e-08
182      8.20000000e-02    0.00000000e+00    2.77753918e-08
183      8.30000000e-02    0.00000000e+00    2.88243656e-08
184      8.40000000e-02    0.00000000e+00    2.99118983e-08
185      8.50000000e-02    0.00000000e+00    3.10393787e-08
186      8.60000000e-02    0.00000000e+00    3.22082438e-08
187      8.70000000e-02    0.00000000e+00    3.34199802e-08
188      8.80000000e-02    0.00000000e+00    3.46761257e-08
189      8.90000000e-02    0.00000000e+00    3.59782710e-08
190      9.00000000e-02    0.00000000e+00    3.73280614e-08
191      9.10000000e-02    0.00000000e+00    3.87271989e-08
192      9.20000000e-02    0.00000000e+00    4.01774435e-08
193      9.30000000e-02    0.00000000e+00    4.16806156e-08
194      9.40000000e-02    0.00000000e+00    4.32385976e-08
195      9.50000000e-02    0.00000000e+00    4.48533361e-08
196      9.60000000e-02    0.00000000e+00    4.65268438e-08
197      9.70000000e-02    0.00000000e+00    4.82612018e-08
198      9.80000000e-02    0.00000000e+00    5.00585614e-08
199      9.90000000e-02    0.00000000e+00    5.19211470e-08
200      1.00000000e-01    0.00000000e+00    5.38512576e-08
201     -1.00000000e-01    2.00000000e-01   -1.25534207e-05
202     -9.90000000e-02    2.00000000e-01   -1.23111697e-05
203     -9.80000000e-02    2.00000000e-01   -1.20719731e-05
204     -9.70000000e-02    2.00000000e-01   -1.18358202e-05
205     -9.60000000e-02    2.00000000e-01   -1.16027001e-05
206     -9.50000000e-02    2.00000000e-01   -1.13726016e-05
207     -9.40000000e-02    2.00000000e-01   -1.11455129e-05
208     -9.30000000e-02    2.00000000e-01   -1.09214219e-05
209     -9.20000000e-02    2.00000000e-01   -1.07003161e-05
210     -9.10000000e-02    2.00000000e-01   -1.04821827e-05
211     -9.00000000e-02    2.00000000e-01   -1.02670084e-05
212     -8.90000000e-02    2.00000000e-01   -1.00547796e-05
213     -8.80000000e-02    2.00000000e-01   -9.84548208e-06
214     -8.70000000e-02    2.00000000e-01   -9.63910150e-06
215     -8.60000000e-02    2.00000000e-01   -9.43562293e-06
216     -8.50000000e-02    2.00000000e-01   -9.23503108e-06
217     -8.40000000e-02    2.00000000e-01   -9.03731024e-06
218     -8.30000000e-02    2.00000000e-01   -8.84244427e-06
219     -8.20000000e-02    2.00000000e-01   -8.65041664e-06
220     -8.10000000e-02    2.00000000e-01   -8.46121036e-06
221     -8.00000000e-02    2.00000000e-01   -8.27480802e-06
222     -7.90000000e-02    2.00000000e-01   -8.09119181e-06
223     -7.80000000e-02    2.00000000e-01   -7.91034343e-06
224     -7.70000000e-02    2.00000000e-01   -7.73224420e-06
225     -7.60000000e-02    2.00000000e-01   -7.55687495e-06
226     -7.50000000e-02    2.00000000e-01   -7.38421609e-06
227     -7.40000000e-02    2.00000000e-01   -7.21424759e-06
228     -7.30000000e-02    2.00000000e-01   -7.04694895e-06
229     -7.20000000e-02    2.00000000e-01   -6.88229922e-06
230     -7.10000000e-02    2.00000000e-01   -6.72027698e-06
231     -7.00000000e-02    2.00000000e-01   -6.56086037e-06
232     -6.90000000e-02    2.00000000e-01   -6.40402706e-06
233     -6.80000000e-02    2.00000000e-01   -6.24975422e-06
234     -6.70000000e-02    2.00000000e-01   -6.09801859e-06
235     -6.60000000e-02    2.00000000e-01   -5.94879640e-06
236     -6.50000000e-02    2.00000000e-01   -5.80206343e-06
237     -6.40000000e-02    2.00000000e-01   -5.65779495e-06
238     -6.30000000e-02    2.00000000e-01   -5.51596576e-06
239     -6.20000000e-02    2.00000000e-01   -5.37655017e-06
240     -6.10000000e-02    2.00000000e-01   -5.23952201e-06
241     -6.00000000e-02    2.00000000e-01   -5.10485460e-06
242     -5.90000000e-02    2.00000000e-01   -4.97252081e-06
243     -5.80000000e-02    2.00000000e-01   -4.84249297e-06
244     -5.70000000e-02    2.00000000e-01   -4.71474297e-06
245     -5.60000000e-02    2.00000000e-01   -4.58924217e-06
246     -5.50000000e-02    2.00000000e-01   -4.46596148e-06
247     -5.40000000e-02    2.00000000e-01   -4.34487132e-06
248     -5.30000000e-02    2.00000000e-01   -4.22594162e-06
249     -5.20000000e-02    2.00000000e-01   -4.10914186e-06
250     -5.10000000e-02    2.00000000e-01   -3.99444102e-06
251     -5.00000000e-02    2.00000000e-01   -3.88180765e-06
252     -4.90000000e-02    2.00000000e-01   -3.77120979e-06
253     -4.80000000e-02    2.00000000e-01   -3.66261506e-06
254     -4.70000000e-02    2.00000000e-01   -3.55599057e-06
255     -4.60000000e-02    2.00000000e-01   -3.45130295e-06
256     -4.50000000e-02    2.00000000e-01   -3.34851835e-06
257     -4.40000000e-02    2.00000000e-01   -3.24760236e-06
258     -4.30000000e-02    2.00000000e-01   -3.14852000e-06
259     -4.20000000e-02    2.00000000e-01   -3.05123568e-06
260     -4.10000000e-02    2.00000000e-01   -2.95571307e-06
261     -4.00000000e-02    2.00000000e-01   -2.86191508e-06
262     -3.90000000e-02    2.00000000e-01   -2.76980370e-06
263     -3.80000000e-02    2.00000000e-01   -2.67933990e-06
264     -3.70000000e-02    2.00000000e-01   -2.59048349e-06
265     -3.60000000e-02    2.00000000e-01   -2.50319294e-06
266     -3.50000000e-02    2.00000000e-01   -2.41742527e-06
267     -3.40000000e-02    2.00000000e-01   -2.33313588e-06
268     -3.30000000e-02    2.00000000e-01   -2.25027844e-06
269     -3.20000000e-02    2.00000000e-01   -2.16880484e-06
270     -3.10000000e-02    2.00000000e-01   -2.08866516e-06
271     -3.00000000e-02    2.00000000e-01   -2.00980773e-06
272     -2.90000000e-02    2.00000000e-01   -1.93217927e-06
273     -2.80000000e-02    2.00000000e-01   -1.85572519e-06
274     -2.70000000e-02    2.00000000e-01   -1.78038989e-06
275     -2.60000000e-02    2.00000000e-01   -1.70611723e-06
276     -2.50000000e-02    2.00000000e-01   -1.63285105e-06
277     -2.40000000e-02    2.00000000e-01   -1.56053569e-06
278     -2.30000000e-02    2.00000000e-01   -1.48911663e-06
279     -2.20000000e-02    2.00000000e-01   -1.41854098e-06
280     -2.10000000e-02    2.00000000e-01   -1.34875803e-06
281     -2.00000000e-02    2.00000000e-01   -1.27971956e-06
282     -1.90000000e-02    2.00000000e-01   -1.21138023e-06
283     -1.80000000e-02    2.00000000e-01   -1.14369760e-06
284     -1.70000000e-02    2.00000000e-01   -1.07663222e-06
285     -1.60000000e-02    2.00000000e-01   -1.01014744e-06
286     -1.50000000e-02    2.00000000e-01   -9.44209128e-07
287     -1.40000000e-02    2.00000000e-01   -8.78785347e-07
288     -1.30000000e-02    2.00000000e-01   -8.13845847e-07
289     -1.20000000e-02    2.00000000e-01   -7.49361577e-07
290     -1.10000000e-02    2.00000000e-01   -6.85304143e-07
291     -1.00000000e-02    2.00000000e-01   -6.21645267e-07
292     -9.00000000e-03    2.00000000e-01   -5.58356274e-07
293     -8.00000000e-03    2.00000000e-01   -4.95407620e-07
294     -7.00000000e-03    2.00000000e-01   -4.32768488e-07
295     -6.00000000e-03    2.00000000e-01   -3.70406460e-07
296     -5.00000000e-03    2.00000000e-01   -3.08287278e-07
297     -4.00000000e-03    2.00000000e-01   -2.46374719e-07
298     -3.00000000e-03    2.00000000e-01   -1.84630575e-07
299     -2.00000000e-03    2.00000000e-01   -1.23014759e-07
300     -1.00000000e-03    2.00000000e-01   -6.14855546e-08
301      0.00000000e+00    2.00000000e-01   -1.92433431e-15
302      1.00000000e-03    2.00000000e-01    6.14855508e-08
303      2.00000000e-03    2.00000000e-01    1.23014755e-07
304      3.00000000e-03    2.00000000e-01    1.84630571e-07
305      4.00000000e-03    2.00000000e-01    2.46374715e-07
306      5.00000000e-03    2.00000000e-01    3.08287274e-07
307      6.00000000e-03    2.00000000e-01    3.70406456e-07
308      7.00000000e-03    2.00000000e-01    4.32768484e-07
309      8.00000000e-03    2.00000000e-01    4.95407616e-07
310      9.00000000e-03    2.00000000e-01    5.58356270e-07
311      1.00000000e-02    2.00000000e-01    6.21645263e-07
312      1.10000000e-02    2.00000000e-01    6.85304139e-07
313      1.20000000e-02    2.00000000e-01    7.49361573e-07
314      1.30000000e-02    2.00000000e-01    8.13845843e-07
315      1.40000000e-02    2.00000000e-01    8.78785343e-07
316      1.50000000e-02    2.00000000e-01    9.44209124e-07
317      1.60000000e-02    2.00000000e-01    1.01014743e-06
318      1.70000000e-02    2.00000000e-01    1.07663222e-06
319      1.80000000e-02    2.00000000e-01    1.14369760e-06
320      1.90000000e-02    2.00000000e-01    1.21138022e-06
321      2.00000000e-02    2.00000000e-01    1.27971956e-06
322      2.10000000e-02    2.00000000e-01    1.34875802e-06
323      2.20000000e-02    2.00000000e-01    1.41854098e-06
324      2.30000000e-02    2.00000000e-01    1.48911662e-06
325      2.40000000e-02    2.00000000e-01    1.56053569e-06
326      2.50000000e-02    2.00000000e-01    1.63285104e-06
327      2.60000000e-02    2.00000000e-01    1.70611723e-06
328      2.70000000e-02    2.00000000e-01    1.78038989e-06
329      2.80000000e-02    2.00000000e-01    1.85572519e-06
330      2.90000000e-02    2.00000000e-01    1.93217927e-06
331      3.00000000e-02    2.00000000e-01    2.00980772e-06
332      3.10000000e-02    2.00000000e-01    2.08866516e-06
333      3.20000000e-02    2.00000000e-01    2.16880484e-06
334      3.30000000e-02    2.00000000e-01    2.25027844e-06
335      3.40000000e-02    2.00000000e-01    2.33313587e-06
336      3.50000000e-02    2.00000000e-01    2.41742527e-06
337      3.60000000e-02    2.00000000e-01    2.50319294e-06
338      3.70000000e-02    2.00000000e-01    2.59048349e-06
339      3.80000000e-02    2.00000000e-01    2.67933990e-06
340      3.90000000e-02    2.00000000e-01    2.76980370e-06
341      4.00000000e-02    2.00000000e-01    2.86191507e-06
342      4.10000000e-02    2.00000000e-01    2.95571306e-06
343      4.20000000e-02    2.00000000e-01    3.05123567e-06
344      4.30000000e-02    2.00000000e-01    3.14852000e-06
345      4.40000000e-02    2.00000000e-01    3.24760236e-06
346      4.50000000e-02    2.00000000e-01    3.34851835e-06
347      4.60000000e-02    2.00000000e-01    3.45130295e-06
348      4.70000000e-02    2.00000000e-01    3.55599056e-06
349      4.80000000e-02    2.00000000e-01    3.66261505e-06
350      4.90000000e-02    2.00000000e-01    3.77120979e-06
351      5.00000000e-02    2.00000000e-01    3.88180764e-06
352      5.10000000e-02    2.00000000e-01    3.99444102e-06
353      5.20000000e-02    2.00000000e-01    4.10914186e-06
354      5.30000000e-02    2.00000000e-01    4.22594162e-06
355      5.40000000e-02    2.00000000e-01    4.34487132e-06
356      5.50000000e-02    2.00000000e-01    4.46596148e-06
357      5.60000000e-02    2.00000000e-01    4.58924217e-06
358      5.70000000e-02    2.00000000e-01    4.71474296e-06
359      5.80000000e-02    2.00000000e-01    4.84249297e-06
360      5.90000000e-02    2.00000000e-01    4.97252080e-06
361      6.00000000e-02    2.00000000e-01    5.10485460e-06
362      6.10000000e-02    2.00000000e-01    5.23952200e-06
363      6.20000000e-02    2.00000000e-01    5.37655016e-06
364      6.30000000e-02    2.00000000e-01    5.51596575e-06
365      6.40000000e-02    2.00000000e-01    5.65779494e-06
366      6.50000000e-02    2.00000000e-01    5.80206343e-06
367      6.60000000e-02    2.00000000e-01    5.94879640e-06
368      6.70000000e-02    2.00000000e-01    6.09801859e-06
369      6.80000000e-02    2.00000000e-01    6.24975422e-06
370      6.90000000e-02    2.00000000e-01    6.40402705e-06
371      7.00000000e-02    2.00000000e-01    6.56086037e-06
372      7.10000000e-02    2.00000000e-01    6.72027698e-06
373      7.20000000e-02    2.00000000e-01    6.88229921e-06
374      7.30000000e-02    2.00000000e-01    7.04694895e-06
375      7.40000000e-02    2.00000000e-01    7.21424759e-06
376      7.50000000e-02    2.00000000e-01    7.38421609e-06
377      7.60000000e-02    2.00000000e-01    7.55687494e-06
378      7.70000000e-02    2.00000000e-01    7.73224419e-06
379      7.80000000e-02    2.00000000e-01    7.91034343e-06
380      7.90000000e-02    2.00000000e-01    8.09119180e-06
381      8.00000000e-02    2.00000000e-01    8.27480802e-06
382      8.10000000e-02    2.00000000e-01    8.46121035e-06
383      8.20000000e-02    2.00000000e-01    8.65041664e-06
384      8.30000000e-02    2.00000000e-01    8.84244427e-06
385      8.40000000e-02    2.00000000e-01    9.03731023e-06
386      8.50000000e-02    2.00000000e-01    9.23503107e-06
387      8.60000000e-02    2.00000000e-01    9.43562292e-06
388      8.70000000e-02    2.00000000e-01    9.63910149e-06
389      8.80000000e-02    2.00000000e-01    9.84548207e-06
390      8.90000000e-02    2.00000000e-01    1.00547796e-05
391      9.00000000e-02    2.00000000e-01    1.02670084e-05
392      9.10000000e-02    2.00000000e-01    1.04821827e-05
393      9.20000000e-02    2.00000000e-01    1.07003161e-05
394      9.30000000e-02    2.00000000e-01    1.09214219e-05
395      9.40000000e-02    2.00000000e-01    1.11455129e-05
396      9.50000000e-02    2.00000000e-01    1.13726016e-05
397      9.60000000e-02    2.00000000e-01    1.16027001e-05
398      9.70000000e-02    2.00000000e-01    1.18358202e-05
399      9.80000000e-02    2.00000000e-01    1.20719731e-05
400      9.90000000e-02    2.00000000e-01    1.23111697e-05
401      1.00000000e-01    2.00000000e-01    1.25534207e-05
402     -1.00000000e-01    4.00000000e-01   -9.48997421e-05
403     -9.90000000e-02    4.00000000e-01   -9.40078722e-05
404     -9.80000000e-02    4.00000000e-01   -9.31156958e-05
405     -9.70000000e-02    4.00000000e-01   -9.22231843e-05
406     -9.60000000e-02    4.00000000e-01   -9.13303090e-05
407     -9.50000000e-02    4.00000000e-01   -9.04370406e-05
408     -9.40000000e-02    4.00000000e-01   -8.95433497e-05
409     -9.30000000e-02    4.00000000e-01   -8.86492066e-05
410     -9.20000000e-02    4.00000000e-01   -8.77545812e-05
411     -9.10000000e-02    4.00000000e-01   -8.68594434e-05
412     -9.00000000e-02    4.00000000e-01   -8.59637625e-05
413     -8.90000000e-02    4.00000000e-01   -8.50675078e-05
414     -8.80000000e-02    4.00000000e-01   -8.41706482e-05
415     -8.70000000e-02    4.00000000e-01   -8.32731524e-05
416     -8.60000000e-02    4.00000000e-01   -8.23749887e-05
417     -8.50000000e-02    4.00000000e-01   -8.14761254e-05
418     -8.40000000e-02    4.00000000e-01   -8.05765304e-05
419     -8.30000000e-02    4.00000000e-01   -7.96761713e-05
420     -8.20000000e-02    4.00000000e-01   -7.87750154e-05
421     -8.10000000e-02    4.00000000e-01   -7.78730298e-05
422     -8.00000000e-02    4.00000000e-01   -7.69701814e-05
423     -7.90000000e-02    4.00000000e-01   -7.60664365e-05
424     -7.80000000e-02    4.00000000e-01   -7.51617614e-05
425     -7.70000000e-02    4.00000000e-01   -7.42561219e-05
426     -7.60000000e-02    4.00000000e-01   -7.33494835e-05
427     -7.50000000e-02    4.00000000e-01   -7.24418113e-05
428     -7.40000000e-02    4.00000000e-01   -7.15330702e-05
429     -7.30000000e-02    4.00000000e-01   -7.06232246e-05
430     -7.20000000e-02    4.00000000e-01   -6.97122386e-05
431     -7.10000000e-02    4.00000000e-01   -6.88000758e-05
432     -7.00000000e-02    4.00000000e-01   -6.78866996e-05
433     -6.90000000e-02    4.00000000e-01   -6.69720731e-05
434     -6.80000000e-02    4.00000000e-01   -6.60561588e-05
435     -6.70000000e-02    4.00000000e-01   -6.51389190e-05
436     -6.60000000e-02    4.00000000e-01   -6.42203160e-05
437     -6.50000000e-02    4.00000000e-01   -6.33003115e-05
438     -6.40000000e-02    4.00000000e-01   -6.23788672e-05
439     -6.30000000e-02    4.00000000e-01   -6.14559447e-05
440     -6.20000000e-02    4.00000000e-01   -6.05315058e-05
441     -6.10000000e-02    4.00000000e-01   -5.96055120e-05
442     -6.00000000e-02    4.00000000e-01   -5.86779253e-05
443     -5.90000000e-02    4.00000000e-01   -5.77487081e-05
444     -5.80000000e-02    4.00000000e-01   -5.68178231e-05
445     -5.70000000e-02    4.00000000e-01   -5.58852338e-05
446     -5.60000000e-02    4.00000000e-01   -5.49509046e-05
447     -5.50000000e-02    4.00000000e-01   -5.40148008e-05
448     -5.40000000e-02    4.00000000e-01   -5.30768891e-05
449     -5.30000000e-02    4.00000000e-01   -5.21371376e-05
450     -5.20000000e-02    4.00000000e-01   -5.11955163e-05
451     -5.10000000e-02    4.00000000e-01   -5.02519969e-05
452     -5.00000000e-02    4.00000000e-01   -4.93065535e-05
453     -4.90000000e-02    4.00000000e-01   -4.83591627e-05
454     -4.80000000e-02    4.00000000e-01   -4.74098037e-05
455     -4.70000000e-02    4.00000000e-01   -4.64584586e-05
456     -4.60000000e-02    4.00000000e-01   -4.55051130e-05
457     -4.50000000e-02    4.00000000e-01   -4.45497557e-05
458     -4.40000000e-02    4.00000000e-01   -4.35923792e-05
459     -4.30000000e-02    4.00000000e-01   -4.26329799e-05
460     -4.20000000e-02    4.00000000e-01   -4.16715583e-05
461     -4.10000000e-02    4.00000000e-01   -4.07081190e-05
462     -4.00000000e-02    4.00000000e-01   -3.97426709e-05
463     -3.90000000e-02    4.00000000e-01   -3.87752276e-05
464     -3.80000000e-02    4.00000000e-01   -3.78058068e-05
465     -3.70000000e-02    4.00000000e-01   -3.68344311e-05
466     -3.60000000e-02    4.00000000e-01   -3.58611274e-05
467     -3.50000000e-02    4.00000000e-01   -3.48859272e-05
468     -3.40000000e-02    4.00000000e-01   -3.39088665e-05
469     -3.30000000e-02    4.00000000e-01   -3.29299855e-05
470     -3.20000000e-02    4.00000000e-01   -3.19493285e-05
471     -3.10000000e-02    4.00000000e-01   -3.09669440e-05
472     -3.00000000e-02    4.00000000e-01   -2.99828841e-05
473     -2.90000000e-02    4.00000000e-01   -2.89972044e-05
474     -2.80000000e-02    4.00000000e-01   -2.80099638e-05
475     -2.70000000e-02    4.00000000e-01   -2.70212240e-05
476     -2.60000000e-02    4.00000000e-01   -2.60310494e-05
477     -2.50000000e-02    4.00000000e-01   -2.50395065e-05
478     -2.40000000e-02    4.00000000e-01   -2.40466637e-05
479     -2.30000000e-02    4.00000000e-01   -2.30525908e-05
480     -2.20000000e-02    4.00000000e-01   -2.20573585e-05
481     -2.10000000e-02    4.00000000e-01   -2.10610383e-05
482     -2.00000000e-02    4.00000000e-01   -2.00637017e-05
483     -1.90000000e-02    4.00000000e-01   -1.90654201e-05
484     -1.80000000e-02    4.00000000e-01   -1.80662642e-05
485     -1.70000000e-02    4.00000000e-01   -1.70663037e-05
486     -1.60000000e-02    4.00000000e-01   -1.60656066e-05
487     -1.50000000e-02    4.00000000e-01   -1.50642395e-05
488     -1.40000000e-02    4.00000000e-01   -1.40622665e-05
489     -1.30000000e-02    4.00000000e-01   -1.30597495e-05
490     -1.20000000e-02    4.00000000e-01   -1.20567475e-05
491     -1.10000000e-02    4.00000000e-01   -1.10533165e-05
492     -1.00000000e-02    4.00000000e-01   -1.00495094e-05
493     -9.00000000e-03    4.00000000e-01   -9.04537585e-06
494     -8.00000000e-03    4.00000000e-01   -8.04096184e-06
495     -7.00000000e-03    4.00000000e-01   -7.03631009e-06
496     -6.00000000e-03    4.00000000e-01   -6.03145983e-06
497     -5.00000000e-03    4.00000000e-01   -5.02644699e-06
498     -4.00000000e-03    4.00000000e-01   -4.02130437e-06
499     -3.00000000e-03    4.00000000e-01   -3.01606190e-06
500     -2.00000000e-03    4.00000000e-01   -2.01074700e-06
501     -1.00000000e-03    4.00000000e-01   -1.00538507e-06
502      0.00000000e+00    4.00000000e-01   -9.29075120e-15
503      1.00000000e-03    4.00000000e-01    1.00538505e-06
504      2.00000000e-03    4.00000000e-01    2.01074698e-06
505      3.00000000e-03    4.00000000e-01    3.01606188e-06
506      4.00000000e-03    4.00000000e-01    4.02130435e-06
507      5.00000000e-03    4.00000000e-01    5.02644697e-06
508      6.00000000e-03    4.00000000e-01    6.03145981e-06
509      7.00000000e-03    4.00000000e-01    7.03631007e-06
510      8.00000000e-03    4.00000000e-01    8.04096183e-06
511      9.00000000e-03    4.00000000e-01    9.04537583e-06
512      1.00000000e-02    4.00000000e-01    1.00495094e-05
513      1.10000000e-02    4.00000000e-01    1.10533165e-05
514      1.20000000e-02    4.00000000e-01    1.20567475e-05
515      1.30000000e-02    4.00000000e-01    1.30597495e-05
516      1.40000000e-02    4.00000000e-01    1.40622665e-05
517      1.50000000e-02    4.00000000e-01    1.50642395e-05
518      1.60000000e-02    4.00000000e-01    1.60656066e-05
519      1.70000000e-02    4.00000000e-01    1.70663036e-05
520      1.80000000e-02    4.00000000e-01    1.80662642e-05
521      1.90000000e-02    4.00000000e-01    1.90654201e-05
522      2.00000000e-02    4.00000000e-01    2.00637017e-05
523      2.10000000e-02    4.00000000e-01    2.10610383e-05
524      2.20000000e-02    4.00000000e-01    2.20573585e-05
525      2.30000000e-02    4.00000000e-01    2.30525907e-05
526      2.40000000e-02    4.00000000e-01    2.40466637e-05
527      2.50000000e-02    4.00000000e-01    2.50395065e-05
528      2.60000000e-02    4.00000000e-01    2.60310494e-05
529      2.70000000e-02    4.00000000e-01    2.70212240e-05
530      2.80000000e-02    4.00000000e-01    2.80099637e-05
531      2.90000000e-02    4.00000000e-01    2.89972044e-05
532      3.00000000e-02    4.00000000e-01    2.99828841e-05
533      3.10000000e-02    4.00000000e-01    3.09669440e-05
534      3.20000000e-02    4.00000000e-01    3.19493285e-05
535      3.30000000e-02    4.00000000e-01    3.29299855e-05
536      3.40000000e-02    4.00000000e-01    3.39088665e-05
537      3.50000000e-02    4.00000000e-01    3.48859272e-05
538      3.60000000e-02    4.00000000e-01    3.58611274e-05
539      3.70000000e-02    4.00000000e-01    3.68344311e-05
540      3.80000000e-02    4.00000000e-01    3.78058068e-05
541      3.90000000e-02    4.00000000e-01    3.87752275e-05
542      4.00000000e-02    4.00000000e-01    3.97426709e-05
543      4.10000000e-02    4.00000000e-01    4.07081189e-05
544      4.20000000e-02    4.00000000e-01    4.16715583e-05
545      4.30000000e-02    4.00000000e-01    4.26329799e-05
546      4.40000000e-02    4.00000000e-01    4.35923792e-05
547      4.50000000e-02    4.00000000e-01    4.45497557e-05
548      4.60000000e-02    4.00000000e-01    4.55051130e-05
549      4.70000000e-02    4.00000000e-01    4.64584586e-05
550      4.80000000e-02    4.00000000e-01    4.74098037e-05
551      4.90000000e-02    4.00000000e-01    4.83591627e-05
552      5.00000000e-02    4.00000000e-01    4.93065535e-05
553      5.10000000e-02    4.00000000e-01    5.02519969e-05
554      5.20000000e-02    4.00000000e-01    5.11955163e-05
555      5.30000000e-02    4.00000000e-01    5.21371376e-05
556      5.40000000e-02    4.00000000e-01    5.30768891e-05
557      5.50000000e-02    4.00000000e-01    5.40148008e-05
558      5.60000000e-02    4.00000000e-01    5.49509046e-05
559      5.70000000e-02    4.00000000e-01    5.58852338e-05
560      5.80000000e-02    4.00000000e-01    5.68178231e-05
561      5.90000000e-02    4.00000000e-01    5.77487081e-05
562      6.00000000e-02    4.00000000e-01    5.86779253e-05
563      6.10000000e-02    4.00000000e-01    5.96055120e-05
564      6.20000000e-02    4.00000000e-01    6.05315058e-05
565      6.30000000e-02    4.00000000e-01    6.14559447e-05
566      6.40000000e-02    4.00000000e-01    6.23788672e-05
567      6.50000000e-02    4.00000000e-01    6.33003114e-05
568      6.60000000e-02    4.00000000e-01    6.42203160e-05
569      6.70000000e-02    4.00000000e-01    6.51389190e-05
570      6.80000000e-02    4.00000000e-01    6.60561587e-05
571      6.90000000e-02    4.00000000e-01    6.69720731e-05
572      7.00000000e-02    4.00000000e-01    6.78866996e-05
573      7.10000000e-02    4.00000000e-01    6.88000758e-05
574      7.20000000e-02    4.00000000e-01    6.97122386e-05
575      7.30000000e-02    4.00000000e-01    7.06232246e-05
576      7.40000000e-02    4.00000000e-01    7.15330702e-05
577      7.50000000e-02    4.00000000e-01    7.24418113e-05
578      7.60000000e-02    4.00000000e-01    7.33494834e-05
579      7.70000000e-02    4.00000000e-01    7.42561218e-05
580      7.80000000e-02    4.00000000e-01    7.51617614e-05
581      7.90000000e-02    4.00000000e-01    7.60664365e-05
582      8.00000000e-02    4.00000000e-01    7.69701813e-05
583      8.10000000e-02    4.00000000e-01    7.78730298e-05
584      8.20000000e-02    4.00000000e-01    7.87750154e-05
585      8.30000000e-02    4.00000000e-01    7.96761713e-05
586      8.40000000e-02    4.00000000e-01    8.05765304e-05
587      8.50000000e-02    4.00000000e-01    8.14761254e-05
588      8.60000000e-02    4.00000000e-01    8.23749887e-05
589      8.70000000e-02    4.00000000e-01    8.32731523e-05
590      8.80000000e-02    4.00000000e-01    8.41706482e-05
591      8.90000000e-02    4.00000000e-01    8.50675078e-05
592      9.00000000e-02    4.00000000e-01    8.59637625e-05
593      9.10000000e-02    4.00000000e-01    8.68594434e-05
594      9.20000000e-02    4.00000000e-01    8.77545812e-05
595      9.30000000e-02    4.00000000e-01    8.86492065e-05
596      9.40000000e-02    4.00000000e-01    8.95433496e-05
597      9.50000000e-02    4.00000000e-01    9.04370405e-05
598      9.60000000e-02    4.00000000e-01    9.13303089e-05
599      9.70000000e-02    4.00000000e-01    9.22231843e-05
600      9.80000000e-02    4.00000000e-01    9.31156958e-05
601      9.90000000e-02    4.00000000e-01    9.40078722e-05
602      1.00000000e-01    4.00000000e-01    9.48997420e-05
603     -1.00000000e-01    6.00000000e-01   -1.86425721e-04
604     -9.90000000e-02    6.00000000e-01   -1.84801984e-04
605     -9.80000000e-02    6.00000000e-01   -1.83173081e-04
606     -9.70000000e-02    6.00000000e-01   -1.81538980e-04
607     -9.60000000e-02    6.00000000e-01   -1.79899651e-04
608     -9.50000000e-02    6.00000000e-01   -1.78255065e-04
609     -9.40000000e-02    6.00000000e-01   -1.76605192e-04
610     -9.30000000e-02    6.00000000e-01   -1.74950005e-04
611     -9.20000000e-02    6.00000000e-01   -1.73289477e-04
612     -9.10000000e-02    6.00000000e-01   -1.71623583e-04
613     -9.00000000e-02    6.00000000e-01   -1.69952299e-04
614     -8.90000000e-02    6.00000000e-01   -1.68275599e-04
615     -8.80000000e-02    6.00000000e-01   -1.66593464e-04
616     -8.70000000e-02    6.00000000e-01   -1.64905871e-04
617     -8.60000000e-02    6.00000000e-01   -1.63212801e-04
618     -8.50000000e-02    6.00000000e-01   -1.61514237e-04
619     -8.40000000e-02    6.00000000e-01   -1.59810161e-04
620     -8.30000000e-02    6.00000000e-01   -1.58100559e-04
621     -8.20000000e-02    6.00000000e-01   -1.56385417e-04
622     -8.10000000e-02    6.00000000e-01   -1.54664724e-04
623     -8.00000000e-02    6.00000000e-01   -1.52938470e-04
624     -7.90000000e-02    6.00000000e-01   -1.51206647e-04
625     -7.80000000e-02    6.00000000e-01   -1.49469248e-04
626     -7.70000000e-02    6.00000000e-01   -1.47726270e-04
627     -7.60000000e-02    6.00000000e-01   -1.45977710e-04
628     -7.50000000e-02    6.00000000e-01   -1.44223568e-04
629     -7.40000000e-02    6.00000000e-01   -1.42463847e-04
630     -7.30000000e-02    6.00000000e-01   -1.40698549e-04
631     -7.20000000e-02    6.00000000e-01   -1.38927681e-04
632     -7.10000000e-02    6.00000000e-01   -1.37151253e-04
633     -7.00000000e-02    6.00000000e-01   -1.35369274e-04
634     -6.90000000e-02    6.00000000e-01   -1.33581759e-04
635     -6.80000000e-02    6.00000000e-01   -1.31788722e-04
636     -6.70000000e-02    6.00000000e-01   -1.29990182e-04
637     -6.60000000e-02    6.00000000e-01   -1.28186159e-04
638     -6.50000000e-02    6.00000000e-01   -1.26376676e-04
639     -6.40000000e-02    6.00000000e-01   -1.24561760e-04
640     -6.30000000e-02    6.00000000e-01   -1.22741437e-04
641     -6.20000000e-02    6.00000000e-01   -1.20915738e-04
642     -6.10000000e-02    6.00000000e-01   -1.19084697e-04
643     -6.00000000e-02    6.00000000e-01   -1.17248349e-04
644     -5.90000000e-02    6.00000000e-01   -1.15406733e-04
645     -5.80000000e-02    6.00000000e-01   -1.13559889e-04
646     -5.70000000e-02    6.00000000e-01   -1.11707861e-04
647     -5.60000000e-02    6.00000000e-01   -1.09850695e-04
648     -5.50000000e-02    6.00000000e-01   -1.07988440e-04
649     -5.40000000e-02    6.00000000e-01   -1.06121146e-04
650     -5.30000000e-02    6.00000000e-01   -1.04248868e-04
651     -5.20000000e-02    6.00000000e-01   -1.02371662e-04
652     -5.10000000e-02    6.00000000e-01   -1.00489585e-04
653     -5.00000000e-02    6.00000000e-01   -9.86027008e-05
654     -4.90000000e-02    6.00000000e-01   -9.67110712e-05
655     -4.80000000e-02    6.00000000e-01   -9.48147623e-05
656     -4.70000000e-02    6.00000000e-01   -9.29138426e-05
657     -4.60000000e-02    6.00000000e-01   -9.10083825e-05
658     -4.50000000e-02    6.00000000e-01   -8.90984546e-05
659     -4.40000000e-02    6.00000000e-01   -8.71841338e-05
660     -4.30000000e-02    6.00000000e-01   -8.52654972e-05
661     -4.20000000e-02    6.00000000e-01   -8.33426238e-05
662     -4.10000000e-02    6.00000000e-01   -8.14155946e-05
663     -4.00000000e-02    6.00000000e-01   -7.94844924e-05
664     -3.90000000e-02    6.00000000e-01   -7.75494021e-05
665     -3.80000000e-02    6.00000000e-01   -7.56104102e-05
666     -3.70000000e-02    6.00000000e-01   -7.36676048e-05
667     -3.60000000e-02    6.00000000e-01   -7.17210757e-05
668     -3.50000000e-02    6.00000000e-01   -6.97709143e-05
669     -3.40000000e-02    6.00000000e-01   -6.78172134e-05
670     -3.30000000e-02    6.00000000e-01   -6.58600670e-05
671     -3.20000000e-02    6.00000000e-01   -6.38995705e-05
672     -3.10000000e-02    6.00000000e-01   -6.19358206e-05
673     -3.00000000e-02    6.00000000e-01   -5.99689148e-05
674     -2.90000000e-02    6.00000000e-01   -5.79989518e-05
675     -2.80000000e-02    6.00000000e-01   -5.60260313e-05
676     -2.70000000e-02    6.00000000e-01   -5.40502535e-05
677     -2.60000000e-02    6.00000000e-01   -5.20717196e-05
678     -2.50000000e-02    6.00000000e-01   -5.00905314e-05
679     -2.40000000e-02    6.00000000e-01   -4.81067912e-05
680     -2.30000000e-02    6.00000000e-01   -4.61206018e-05
681     -2.20000000e-02    6.00000000e-01   -4.41320665e-05
682     -2.10000000e-02    6.00000000e-01   -4.21412887e-05
683     -2.00000000e-02    6.00000000e-01   -4.01483721e-05
684     -1.90000000e-02    6.00000000e-01   -3.81534207e-05
685     -1.80000000e-02    6.00000000e-01   -3.61565385e-05
686     -1.70000000e-02    6.00000000e-01   -3.41578293e-05
687     -1.60000000e-02    6.00000000e-01   -3.21573971e-05
688     -1.50000000e-02    6.00000000e-01   -3.01553457e-05
689     -1.40000000e-02    6.00000000e-01   -2.81517787e-05
690     -1.30000000e-02    6.00000000e-01   -2.61467995e-05
691     -1.20000000e-02    6.00000000e-01   -2.41405112e-05
692     -1.10000000e-02    6.00000000e-01   -2.21330167e-05
693     -1.00000000e-02    6.00000000e-01   -2.01244183e-05
694     -9.00000000e-03    6.00000000e-01   -1.81148183e-05
695     -8.00000000e-03    6.00000000e-01   -1.61043183e-05
696     -7.00000000e-03    6.00000000e-01   -1.40930196e-05
697     -6.00000000e-03    6.00000000e-01   -1.20810232e-05
698     -5.00000000e-03    6.00000000e-01   -1.00684296e-05
699     -4.00000000e-03    6.00000000e-01   -8.05533906e-06
700     -3.00000000e-03    6.00000000e-01   -6.04185136e-06
701     -2.00000000e-03    6.00000000e-01   -4.02806611e-06
702     -1.00000000e-03    6.00000000e-01   -2.01408262e-06
703      0.00000000e+00    6.00000000e-01   -5.83186016e-14
704      1.00000000e-03    6.00000000e-01    2.01408250e-06
705      2.00000000e-03    6.00000000e-01    4.02806599e-06
706      3.00000000e-03    6.00000000e-01    6.04185125e-06
707      4.00000000e-03    6.00000000e-01    8.05533894e-06
708      5.00000000e-03    6.00000000e-01    1.00684295e-05
709      6.00000000e-03    6.00000000e-01    1.20810231e-05
710      7.00000000e-03    6.00000000e-01    1.40930195e-05
711      8.00000000e-03    6.00000000e-01    1.61043182e-05
712      9.00000000e-03    6.00000000e-01    1.81148182e-05
713      1.00000000e-02    6.00000000e-01    2.01244182e-05
714      1.10000000e-02    6.00000000e-01    2.21330166e-05
715      1.20000000e-02    6.00000000e-01    2.41405111e-05
716      1.30000000e-02    6.00000000e-01    2.61467994e-05
717      1.40000000e-02    6.00000000e-01    2.81517786e-05
718      1.50000000e-02    6.00000000e-01    3.01553456e-05
719      1.60000000e-02    6.00000000e-01    3.21573970e-05
720      1.70000000e-02    6.00000000e-01    3.41578292e-05
721      1.80000000e-02    6.00000000e-01    3.61565383e-05
722      1.90000000e-02    6.00000000e-01    3.81534206e-05
723      2.00000000e-02    6.00000000e-01    4.01483720e-05
724      2.10000000e-02    6.00000000e-01    4.21412885e-05
725      2.20000000e-02    6.00000000e-01    4.41320664e-05
726      2.30000000e-02    6.00000000e-01    4.61206017e-05
727      2.40000000e-02    6.00000000e-01    4.81067910e-05
728      2.50000000e-02    6.00000000e-01    5.00905312e-05
729      2.60000000e-02    6.00000000e-01    5.20717194e-05
730      2.70000000e-02    6.00000000e-01    5.40502533e-05
731      2.80000000e-02    6.00000000e-01    5.60260311e-05
732      2.90000000e-02    6.00000000e-01    5.79989517e-05
733      3.00000000e-02    6.00000000e-01    5.99689147e-05
734      3.10000000e-02    6.00000000e-01    6.19358205e-05
735      3.20000000e-02    6.00000000e-01    6.38995704e-05
736      3.30000000e-02    6.00000000e-01    6.58600669e-05
737      3.40000000e-02    6.00000000e-01    6.78172133e-05
738      3.50000000e-02    6.00000000e-01    6.97709142e-05
739      3.60000000e-02    6.00000000e-01    7.17210756e-05
740      3.70000000e-02    6.00000000e-01    7.36676046e-05
741      3.80000000e-02    6.00000000e-01    7.56104101e-05
742      3.90000000e-02    6.00000000e-01    7.75494020e-05
743      4.00000000e-02    6.00000000e-01    7.94844923e-05
744      4.10000000e-02    6.00000000e-01    8.14155945e-05
745      4.20000000e-02    6.00000000e-01    8.33426237e-05
746      4.30000000e-02    6.00000000e-01    8.52654971e-05
747      4.40000000e-02    6.00000000e-01    8.71841337e-05
748      4.50000000e-02    6.00000000e-01    8.90984544e-05
749      4.60000000e-02    6.00000000e-01    9.10083823e-05
750      4.70000000e-02    6.00000000e-01    9.29138425e-05
751      4.80000000e-02    6.00000000e-01    9.48147622e-05
752      4.90000000e-02    6.00000000e-01    9.67110710e-05
753      5.00000000e-02    6.00000000e-01    9.86027007e-05
754      5.10000000e-02    6.00000000e-01    1.00489585e-04
755      5.20000000e-02    6.00000000e-01    1.02371661e-04
756      5.30000000e-02    6.00000000e-01    1.04248868e-04
757      5.40000000e-02    6.00000000e-01    1.06121146e-04
758      5.50000000e-02    6.00000000e-01    1.07988439e-04
759      5.60000000e-02    6.00000000e-01    1.09850695e-04
760      5.70000000e-02    6.00000000e-01    1.11707861e-04
761      5.80000000e-02    6.00000000e-01    1.13559889e-04
762      5.90000000e-02    6.00000000e-01    1.15406732e-04
763      6.00000000e-02    6.00000000e-01    1.17248349e-04
764      6.10000000e-02    6.00000000e-01    1.19084697e-04
765      6.20000000e-02    6.00000000e-01    1.20915738e-04
766      6.30000000e-02    6.00000000e-01    1.22741436e-04
767      6.40000000e-02    6.00000000e-01    1.24561759e-04
768      6.50000000e-02    6.00000000e-01    1.26376676e-04
769      6.60000000e-02    6.00000000e-01    1.28186159e-04
770      6.70000000e-02    6.00000000e-01    1.29990182e-04
771      6.80000000e-02    6.00000000e-01    1.31788722e-04
772      6.90000000e-02    6.00000000e-01    1.33581759e-04
773      7.00000000e-02    6.00000000e-01    1.35369274e-04
774      7.10000000e-02    6.00000000e-01    1.37151253e-04
775      7.20000000e-02    6.00000000e-01    1.38927681e-04
776      7.30000000e-02    6.00000000e-01    1.40698549e-04
777      7.40000000e-02    6.00000000e-01    1.42463846e-04
778      7.50000000e-02    6.00000000e-01    1.44223568e-04
779      7.60000000e-02    6.00000000e-01    1.45977710e-04
780      7.70000000e-02    6.00000000e-01    1.47726270e-04
781      7.80000000e-02    6.00000000e-01    1.49469248e-04
782      7.90000000e-02    6.00000000e-01    1.51206647e-04
783      8.00000000e-02    6.00000000e-01    1.52938470e-04
784      8.10000000e-02    6.00000000e-01    1.54664724e-04
785      8.20000000e-02    6.00000000e-01    1.56385417e-04
786      8.30000000e-02    6.00000000e-01    1.58100559e-04
787      8.40000000e-02    6.00000000e-01    1.59810161e-04
788      8.50000000e-02    6.00000000e-01    1.61514236e-04
789      8.60000000e-02    6.00000000e-01    1.63212801e-04
790      8.70000000e-02    6.00000000e-01    1.64905871e-04
791      8.80000000e-02    6.00000000e-01    1.66593464e-04
792      8.90000000e-02    6.00000000e-01    1.68275599e-04
793      9.00000000e-02    6.00000000e-01    1.69952298e-04
794      9.10000000e-02    6.00000000e-01    1.71623583e-04
795      9.20000000e-02    6.00000000e-01    1.73289477e-04
796      9.30000000e-02    6.00000000e-01    1.74950005e-04
797      9.40000000e-02    6.00000000e-01    1.76605192e-04
798      9.50000000e-02    6.00000000e-01    1.78255065e-04
799      9.60000000e-02    6.00000000e-01    1.79899651e-04
800      9.70000000e-02    6.00000000e-01    1.81538980e-04
801      9.80000000e-02    6.00000000e-01    1.83173081e-04
802      9.90000000e-02    6.00000000e-01    1.84801984e-04
803      1.00000000e-01    6.00000000e-01    1.86425721e-04
804     -1.00000000e-01    8.00000000e-01   -2.46192280e-04
805     -9.90000000e-02    8.00000000e-01   -2.43976179e-04
806     -9.80000000e-02    8.00000000e-01   -2.41754001e-04
807     -9.70000000e-02    8.00000000e-01   -2.39525752e-04
808     -9.60000000e-02    8.00000000e-01   -2.37291435e-04
809     -9.50000000e-02    8.00000000e-01   -2.35051057e-04
810     -9.40000000e-02    8.00000000e-01   -2.32804623e-04
811     -9.30000000e-02    8.00000000e-01   -2.30552142e-04
812     -9.20000000e-02    8.00000000e-01   -2.28293624e-04
813     -9.10000000e-02    8.00000000e-01   -2.26029078e-04
814     -9.00000000e-02    8.00000000e-01   -2.23758516e-04
815     -8.90000000e-02    8.00000000e-01   -2.21481951e-04
816     -8.80000000e-02    8.00000000e-01   -2.19199397e-04
817     -8.70000000e-02    8.00000000e-01   -2.16910868e-04
818     -8.60000000e-02    8.00000000e-01   -2.14616383e-04
819     -8.50000000e-02    8.00000000e-01   -2.12315957e-04
820     -8.40000000e-02    8.00000000e-01   -2.10009611e-04
821     -8.30000000e-02    8.00000000e-01   -2.07697365e-04
822     -8.20000000e-02    8.00000000e-01   -2.05379239e-04
823     -8.10000000e-02    8.00000000e-01   -2.03055258e-04
824     -8.00000000e-02    8.00000000e-01   -2.00725446e-04
825     -7.90000000e-02    8.00000000e-01   -1.98389827e-04
826     -7.80000000e-02    8.00000000e-01   -1.96048430e-04
827     -7.70000000e-02    8.00000000e-01   -1.93701281e-04
828     -7.60000000e-02    8.00000000e-01   -1.91348411e-04
829     -7.50000000e-02    8.00000000e-01   -1.88989852e-04
830     -7.40000000e-02    8.00000000e-01   -1.86625634e-04
831     -7.30000000e-02    8.00000000e-01   -1.84255792e-04
832     -7.20000000e-02    8.00000000e-01   -1.81880361e-04
833     -7.10000000e-02    8.00000000e-01   -1.79499377e-04
834     -7.00000000e-02    8.00000000e-01   -1.77112879e-04
835     -6.90000000e-02    8.00000000e-01   -1.74720905e-04
836     -6.80000000e-02    8.00000000e-01   -1.72323496e-04
837     -6.70000000e-02    8.00000000e-01   -1.69920694e-04
838     -6.60000000e-02    8.00000000e-01   -1.67512542e-04
839     -6.50000000e-02    8.00000000e-01   -1.65099086e-04
840     -6.40000000e-02    8.00000000e-01   -1.62680371e-04
841     -6.30000000e-02    8.00000000e-01   -1.60256444e-04
842     -6.20000000e-02    8.00000000e-01   -1.57827355e-04
843     -6.10000000e-02    8.00000000e-01   -1.55393155e-04
844     -6.00000000e-02    8.00000000e-01   -1.52953893e-04
845     -5.90000000e-02    8.00000000e-01   -1.50509625e-04
846     -5.80000000e-02    8.00000000e-01   -1.48060403e-04
847     -5.70000000e-02    8.00000000e-01   -1.45606283e-04
848     -5.60000000e-02    8.00000000e-01   -1.43147323e-04
849     -5.50000000e-02    8.00000000e-01   -1.40683581e-04
850     -5.40000000e-02    8.00000000e-01   -1.38215117e-04
851     -5.30000000e-02    8.00000000e-01   -1.35741991e-04
852     -5.20000000e-02    8.00000000e-01   -1.33264266e-04
853     -5.10000000e-02    8.00000000e-01   -1.30782006e-04
854     -5.00000000e-02    8.00000000e-01   -1.28295274e-04
855     -4.90000000e-02    8.00000000e-01   -1.25804138e-04
856     -4.80000000e-02    8.00000000e-01   -1.23308664e-04
857     -4.70000000e-02    8.00000000e-01   -1.20808922e-04
858     -4.60000000e-02    8.00000000e-01   -1.18304980e-04
859     -4.50000000e-02    8.00000000e-01   -1.15796910e-04
860     -4.40000000e-02    8.00000000e-01   -1.13284784e-04
861     -4.30000000e-02    8.00000000e-01   -1.10768676e-04
862     -4.20000000e-02    8.00000000e-01   -1.08248659e-04
863     -4.10000000e-02    8.00000000e-01   -1.05724809e-04
864     -4.00000000e-02    8.00000000e-01   -1.03197203e-04
865     -3.90000000e-02    8.00000000e-01   -1.00665919e-04
866     -3.80000000e-02    8.00000000e-01   -9.81310348e-05
867     -3.70000000e-02    8.00000000e-01   -9.55926307e-05
868     -3.60000000e-02    8.00000000e-01   -9.30507874e-05
869     -3.50000000e-02    8.00000000e-01   -9.05055866e-05
870     -3.40000000e-02    8.00000000e-01   -8.79571112e-05
871     -3.30000000e-02    8.00000000e-01   -8.54054447e-05
872     -3.20000000e-02    8.00000000e-01   -8.28506716e-05
873     -3.10000000e-02    8.00000000e-01   -8.02928774e-05
874     -3.00000000e-02    8.00000000e-01   -7.77321484e-05
875     -2.90000000e-02    8.00000000e-01   -7.51685716e-05
876     -2.80000000e-02    8.00000000e-01   -7.26022349e-05
877     -2.70000000e-02    8.00000000e-01   -7.00332269e-05
878     -2.60000000e-02    8.00000000e-01   -6.74616371e-05
879     -2.50000000e-02    8.00000000e-01   -6.48875554e-05
880     -2.40000000e-02    8.00000000e-01   -6.23110727e-05
881     -2.30000000e-02    8.00000000e-01   -5.97322803e-05
882     -2.20000000e-02    8.00000000e-01   -5.71512703e-05
883     -2.10000000e-02    8.00000000e-01   -5.45681352e-05
884     -2.00000000e-02    8.00000000e-01   -5.19829682e-05
885     -1.90000000e-02    8.00000000e-01   -4.93958631e-05
886     -1.80000000e-02    8.00000000e-01   -4.68069138e-05
887     -1.70000000e-02    8.00000000e-01   -4.42162151e-05
888     -1.60000000e-02    8.00000000e-01   -4.16238621e-05
889     -1.50000000e-02    8.00000000e-01   -3.90299501e-05
890     -1.40000000e-02    8.00000000e-01   -3.64345750e-05
891     -1.30000000e-02    8.00000000e-01   -3.38378331e-05
892     -1.20000000e-02    8.00000000e-01   -3.12398207e-05
893     -1.10000000e-02    8.00000000e-01   -2.86406346e-05
894     -1.00000000e-02    8.00000000e-01   -2.60403719e-05
895     -9.00000000e-03    8.00000000e-01   -2.34391297e-05
896     -8.00000000e-03    8.00000000e-01   -2.08370056e-05
897     -7.00000000e-03    8.00000000e-01   -1.82340971e-05
898     -6.00000000e-03    8.00000000e-01   -1.56305021e-05
899     -5.00000000e-03    8.00000000e-01   -1.30263183e-05
900     -4.00000000e-03    8.00000000e-01   -1.04216437e-05
901     -3.00000000e-03    8.00000000e-01   -7.81657651e-06
902     -2.00000000e-03    8.00000000e-01   -5.21121475e-06
903     -1.00000000e-03    8.00000000e-01   -2.60565659e-06
904      0.00000000e+00    8.00000000e-01   -2.29972729e-13
905      1.00000000e-03    8.00000000e-01    2.60565613e-06
906      2.00000000e-03    8.00000000e-01    5.21121429e-06
907      3.00000000e-03    8.00000000e-01    7.81657605e-06
908      4.00000000e-03    8.00000000e-01    1.04216433e-05
909      5.00000000e-03    8.00000000e-01    1.30263178e-05
910      6.00000000e-03    8.00000000e-01    1.56305016e-05
911      7.00000000e-03    8.00000000e-01    1.82340967e-05
912      8.00000000e-03    8.00000000e-01    2.08370052e-05
913      9.00000000e-03    8.00000000e-01    2.34391293e-05
914      1.00000000e-02    8.00000000e-01    2.60403714e-05
915      1.10000000e-02    8.00000000e-01    2.86406341e-05
916      1.20000000e-02    8.00000000e-01    3.12398202e-05
917      1.30000000e-02    8.00000000e-01    3.38378326e-05
918      1.40000000e-02    8.00000000e-01    3.64345746e-05
919      1.50000000e-02    8.00000000e-01    3.90299496e-05
920      1.60000000e-02    8.00000000e-01    4.16238616e-05
921      1.70000000e-02    8.00000000e-01    4.42162147e-05
922      1.80000000e-02    8.00000000e-01    4.68069133e-05
923      1.90000000e-02    8.00000000e-01    4.93958626e-05
924      2.00000000e-02    8.00000000e-01    5.19829678e-05
925      2.10000000e-02    8.00000000e-01    5.45681348e-05
926      2.20000000e-02    8.00000000e-01    5.71512698e-05
927      2.30000000e-02    8.00000000e-01    5.97322798e-05
928      2.40000000e-02    8.00000000e-01    6.23110722e-05
929      2.50000000e-02    8.00000000e-01    6.48875549e-05
930      2.60000000e-02    8.00000000e-01    6.74616366e-05
931      2.70000000e-02    8.00000000e-01    7.00332264e-05
932      2.80000000e-02    8.00000000e-01    7.26022344e-05
933      2.90000000e-02    8.00000000e-01    7.51685711e-05
934      3.00000000e-02    8.00000000e-01    7.77321479e-05
935      3.10000000e-02    8.00000000e-01    8.02928770e-05
936      3.20000000e-02    8.00000000e-01    8.28506712e-05
937      3.30000000e-02    8.00000000e-01    8.54054442e-05
938      3.40000000e-02    8.00000000e-01    8.79571107e-05
939      3.50000000e-02    8.00000000e-01    9.05055862e-05
940      3.60000000e-02    8.00000000e-01    9.30507869e-05
941      3.70000000e-02    8.00000000e-01    9.55926302e-05
942      3.80000000e-02    8.00000000e-01    9.81310343e-05
943      3.90000000e-02    8.00000000e-01    1.00665918e-04
944      4.00000000e-02    8.00000000e-01    1.03197203e-04
945      4.10000000e-02    8.00000000e-01    1.05724809e-04
946      4.20000000e-02    8.00000000e-01    1.08248659e-04
947      4.30000000e-02    8.00000000e-01    1.10768675e-04
948      4.40000000e-02    8.00000000e-01    1.13284784e-04
949      4.50000000e-02    8.00000000e-01    1.15796910e-04
950      4.60000000e-02    8.00000000e-01    1.18304980e-04
951      4.70000000e-02    8.00000000e-01    1.20808921e-04
952      4.80000000e-02    8.00000000e-01    1.23308664e-04
953      4.90000000e-02    8.00000000e-01    1.25804137e-04
954      5.00000000e-02    8.00000000e-01    1.28295274e-04
955      5.10000000e-02    8.00000000e-01    1.30782005e-04
956      5.20000000e-02    8.00000000e-01    1.33264266e-04
957      5.30000000e-02    8.00000000e-01    1.35741991e-04
958      5.40000000e-02    8.00000000e-01    1.38215117e-04
959      5.50000000e-02    8.00000000e-01    1.40683581e-04
960      5.60000000e-02    8.00000000e-01    1.43147323e-04
961      5.70000000e-02    8.00000000e-01    1.45606283e-04
962      5.80000000e-02    8.00000000e-01    1.48060402e-04
963      5.90000000e-02    8.00000000e-01    1.50509624e-04
964      6.00000000e-02    8.00000000e-01    1.52953893e-04
965      6.10000000e-02    8.00000000e-01    1.55393154e-04
966      6.20000000e-02    8.00000000e-01    1.57827355e-04
967      6.30000000e-02    8.00000000e-01    1.60256444e-04
968      6.40000000e-02    8.00000000e-01    1.62680370e-04
969      6.50000000e-02    8.00000000e-01    1.65099085e-04
970      6.60000000e-02    8.00000000e-01    1.67512542e-04
971      6.70000000e-02    8.00000000e-01    1.69920693e-04
972      6.80000000e-02    8.00000000e-01    1.72323495e-04
973      6.90000000e-02    8.00000000e-01    1.74720904e-04
974      7.00000000e-02    8.00000000e-01    1.77112878e-04
975      7.10000000e-02    8.00000000e-01    1.79499377e-04
976      7.20000000e-02    8.00000000e-01    1.81880360e-04
977      7.30000000e-02    8.00000000e-01    1.84255791e-04
978      7.40000000e-02    8.00000000e-01    1.86625633e-04
979      7.50000000e-02    8.00000000e-01    1.88989851e-04
980      7.60000000e-02    8.00000000e-01    1.91348411e-04
981      7.70000000e-02    8.00000000e-01    1.93701281e-04
982      7.80000000e-02    8.00000000e-01    1.96048429e-04
983      7.90000000e-02    8.00000000e-01    1.98389827e-04
984      8.00000000e-02    8.00000000e-01    2.00725445e-04
985      8.10000000e-02    8.00000000e-01    2.03055258e-04
986      8.20000000e-02    8.00000000e-01    2.05379239e-04
987      8.30000000e-02    8.00000000e-01    2.07697364e-04
988      8.40000000e-02    8.00000000e-01    2.10009611e-04
989      8.50000000e-02    8.00000000e-01    2.12315957e-04
990      8.60000000e-02    8.00000000e-01    2.14616382e-04
991      8.70000000e-02    8.00000000e-01    2.16910868e-04
992      8.80000000e-02    8.00000000e-01    2.19199396e-04
993      8.90000000e-02    8.00000000e-01    2.21481950e-04
994      9.00000000e-02    8.00000000e-01    2.23758515e-04
995      9.10000000e-02    8.00000000e-01    2.26029077e-04
996      9.20000000e-02    8.00000000e-01    2.28293623e-04
997      9.30000000e-02    8.00000000e-01    2.30552142e-04
998      9.40000000e-02    8.00000000e-01    2.32804622e-04
999      9.50000000e-02    8.00000000e-01    2.35051056e-04
1000     9.60000000e-02    8.00000000e-01    2.37291435e-04
1001     9.70000000e-02    8.00000000e-01    2.39525752e-04
1002     9.80000000e-02    8.00000000e-01    2.41754001e-04
1003     9.90000000e-02    8.00000000e-01    2.43976178e-04
1004     1.00000000e-01    8.00000000e-01    2.46192280e-04
1005    -1.00000000e-01    1.00000000e+00   -2.82806905e-04
1006    -9.90000000e-02    1.00000000e+00   -2.80186203e-04
1007    -9.80000000e-02    1.00000000e+00   -2.77560108e-04
1008    -9.70000000e-02    1.00000000e+00   -2.74928637e-04
1009    -9.60000000e-02    1.00000000e+00   -2.72291808e-04
1010    -9.50000000e-02    1.00000000e+00   -2.69649642e-04
1011    -9.40000000e-02    1.00000000e+00   -2.67002157e-04
1012    -9.30000000e-02    1.00000000e+00   -2.64349375e-04
1013    -9.20000000e-02    1.00000000e+00   -2.61691317e-04
1014    -9.10000000e-02    1.00000000e+00   -2.59028005e-04
1015    -9.00000000e-02    1.00000000e+00   -2.56359462e-04
1016    -8.90000000e-02    1.00000000e+00   -2.53685712e-04
1017    -8.80000000e-02    1.00000000e+00   -2.51006779e-04
1018    -8.70000000e-02    1.00000000e+00   -2.48322689e-04
1019    -8.60000000e-02    1.00000000e+00   -2.45633468e-04
1020    -8.50000000e-02    1.00000000e+00   -2.42939143e-04
1021    -8.40000000e-02    1.00000000e+00   -2.40239741e-04
1022    -8.30000000e-02    1.00000000e+00   -2.37535291e-04
1023    -8.20000000e-02    1.00000000e+00   -2.34825822e-04
1024    -8.10000000e-02    1.00000000e+00   -2.32111365e-04
1025    -8.00000000e-02    1.00000000e+00   -2.29391950e-04
1026    -7.90000000e-02    1.00000000e+00   -2.26667610e-04
1027    -7.80000000e-02    1.00000000e+00   -2.23938376e-04
1028    -7.70000000e-02    1.00000000e+00   -2.21204282e-04
1029    -7.60000000e-02    1.00000000e+00   -2.18465363e-04
1030    -7.50000000e-02    1.00000000e+00   -2.15721653e-04
1031    -7.40000000e-02    1.00000000e+00   -2.12973189e-04
1032    -7.30000000e-02    1.00000000e+00   -2.10220007e-04
1033    -7.20000000e-02    1.00000000e+00   -2.07462144e-04
1034    -7.10000000e-02    1.00000000e+00   -2.04699640e-04
1035    -7.00000000e-02    1.00000000e+00   -2.01932533e-04
1036    -6.90000000e-02    1.00000000e+00   -1.99160863e-04
1037    -6.80000000e-02    1.00000000e+00   -1.96384672e-04
1038    -6.70000000e-02    1.00000000e+00   -1.93604001e-04
1039    -6.60000000e-02    1.00000000e+00   -1.90818893e-04
1040    -6.50000000e-02    1.00000000e+00   -1.88029391e-04
1041    -6.40000000e-02    1.00000000e+00   -1.85235539e-04
1042    -6.30000000e-02    1.00000000e+00   -1.82437383e-04
1043    -6.20000000e-02    1.00000000e+00   -1.79634968e-04
1044    -6.10000000e-02    1.00000000e+00   -1.76828341e-04
1045    -6.00000000e-02    1.00000000e+00   -1.74017551e-04
1046    -5.90000000e-02    1.00000000e+00   -1.71202644e-04
1047    -5.80000000e-02    1.00000000e+00   -1.68383672e-04
1048    -5.70000000e-02    1.00000000e+00   -1.65560682e-04
1049    -5.60000000e-02    1.00000000e+00   -1.62733728e-04
1050    -5.50000000e-02    1.00000000e+00   -1.59902859e-04
1051    -5.40000000e-02    1.00000000e+00   -1.57068129e-04
1052    -5.30000000e-02    1.00000000e+00   -1.54229592e-04
1053    -5.20000000e-02    1.00000000e+00   -1.51387300e-04
1054    -5.10000000e-02    1.00000000e+00   -1.48541310e-04
1055    -5.00000000e-02    1.00000000e+00   -1.45691676e-04
1056    -4.90000000e-02    1.00000000e+00   -1.42838456e-04
1057    -4.80000000e-02    1.00000000e+00   -1.39981707e-04
1058    -4.70000000e-02    1.00000000e+00   -1.37121486e-04
1059    -4.60000000e-02    1.00000000e+00   -1.34257853e-04
1060    -4.50000000e-02    1.00000000e+00   -1.31390867e-04
1061    -4.40000000e-02    1.00000000e+00   -1.28520589e-04
1062    -4.30000000e-02    1.00000000e+00   -1.25647079e-04
1063    -4.20000000e-02    1.00000000e+00   -1.22770400e-04
1064    -4.10000000e-02    1.00000000e+00   -1.19890613e-04
1065    -4.00000000e-02    1.00000000e+00   -1.17007783e-04
1066    -3.90000000e-02    1.00000000e+00   -1.14121972e-04
1067    -3.80000000e-02    1.00000000e+00   -1.11233247e-04
1068    -3.70000000e-02    1.00000000e+00   -1.08341671e-04
1069    -3.60000000e-02    1.00000000e+00   -1.05447312e-04
1070    -3.50000000e-02    1.00000000e+00   -1.02550236e-04
1071    -3.40000000e-02    1.00000000e+00   -9.96505095e-05
1072    -3.30000000e-02    1.00000000e+00   -9.67482013e-05
1073    -3.20000000e-02    1.00000000e+00   -9.38433799e-05
1074    -3.10000000e-02    1.00000000e+00   -9.09361144e-05
1075    -3.00000000e-02    1.00000000e+00   -8.80264747e-05
1076    -2.90000000e-02    1.00000000e+00   -8.51145312e-05
1077    -2.80000000e-02    1.00000000e+00   -8.22003548e-05
1078    -2.70000000e-02    1.00000000e+00   -7.92840172e-05
1079    -2.60000000e-02    1.00000000e+00   -7.63655904e-05
1080    -2.50000000e-02    1.00000000e+00   -7.34451470e-05
1081    -2.40000000e-02    1.00000000e+00   -7.05227603e-05
1082    -2.30000000e-02    1.00000000e+00   -6.75985038e-05
1083    -2.20000000e-02    1.00000000e+00   -6.46724516e-05
1084    -2.10000000e-02    1.00000000e+00   -6.17446785e-05
1085    -2.00000000e-02    1.00000000e+00   -5.88152594e-05
1086    -1.90000000e-02    1.00000000e+00   -5.58842697e-05
1087    -1.80000000e-02    1.00000000e+00   -5.29517856e-05
1088    -1.70000000e-02    1.00000000e+00   -5.00178831e-05
1089    -1.60000000e-02    1.00000000e+00   -4.70826390e-05
1090    -1.50000000e-02    1.00000000e+00   -4.41461304e-05
1091    -1.40000000e-02    1.00000000e+00   -4.12084345e-05
1092    -1.30000000e-02    1.00000000e+00   -3.82696292e-05
1093    -1.20000000e-02    1.00000000e+00   -3.53297924e-05
1094    -1.10000000e-02    1.00000000e+00   -3.23890023e-05
1095    -1.00000000e-02    1.00000000e+00   -2.94473376e-05
1096    -9.00000000e-03    1.00000000e+00   -2.65048769e-05
1097    -8.00000000e-03    1.00000000e+00   -2.35616994e-05
1098    -7.00000000e-03    1.00000000e+00   -2.06178840e-05
1099    -6.00000000e-03    1.00000000e+00   -1.76735103e-05
1100    -5.00000000e-03    1.00000000e+00   -1.47286576e-05
1101    -4.00000000e-03    1.00000000e+00   -1.17834057e-05
1102    -3.00000000e-03    1.00000000e+00   -8.83783418e-06
1103    -2.00000000e-03    1.00000000e+00   -5.89202295e-06
1104    -1.00000000e-03    1.00000000e+00   -2.94605187e-06
1105     0.00000000e+00    1.00000000e+00   -8.48077654e-13
1106     1.00000000e-03    1.00000000e+00    2.94605017e-06
1107     2.00000000e-03    1.00000000e+00    5.89202126e-06
1108     3.00000000e-03    1.00000000e+00    8.83783248e-06
1109     4.00000000e-03    1.00000000e+00    1.17834040e-05
1110     5.00000000e-03    1.00000000e+00    1.47286559e-05
1111     6.00000000e-03    1.00000000e+00    1.76735086e-05
1112     7.00000000e-03    1.00000000e+00    2.06178823e-05
1113     8.00000000e-03    1.00000000e+00    2.35616977e-05
1114     9.00000000e-03    1.00000000e+00    2.65048752e-05
1115     1.00000000e-02    1.00000000e+00    2.94473359e-05
1116     1.10000000e-02    1.00000000e+00    3.23890006e-05
1117     1.20000000e-02    1.00000000e+00    3.53297907e-05
1118     1.30000000e-02    1.00000000e+00    3.82696275e-05
1119     1.40000000e-02    1.00000000e+00    4.12084328e-05
1120     1.50000000e-02    1.00000000e+00    4.41461287e-05
1121     1.60000000e-02    1.00000000e+00    4.70826373e-05
1122     1.70000000e-02    1.00000000e+00    5.00178814e-05
1123     1.80000000e-02    1.00000000e+00    5.29517839e-05
1124     1.90000000e-02    1.00000000e+00    5.58842680e-05
1125     2.00000000e-02    1.00000000e+00    5.88152577e-05
1126     2.10000000e-02    1.00000000e+00    6.17446768e-05
1127     2.20000000e-02    1.00000000e+00    6.46724499e-05
1128     2.30000000e-02    1.00000000e+00    6.75985021e-05
1129     2.40000000e-02    1.00000000e+00    7.05227586e-05
1130     2.50000000e-02    1.00000000e+00    7.34451453e-05
1131     2.60000000e-02    1.00000000e+00    7.63655887e-05
1132     2.70000000e-02    1.00000000e+00    7.92840155e-05
1133     2.80000000e-02    1.00000000e+00    8.22003531e-05
1134     2.90000000e-02    1.00000000e+00    8.51145295e-05
1135     3.00000000e-02    1.00000000e+00    8.80264730e-05
1136     3.10000000e-02    1.00000000e+00    9.09361127e-05
1137     3.20000000e-02    1.00000000e+00    9.38433782e-05
1138     3.30000000e-02    1.00000000e+00    9.67481996e-05
1139     3.40000000e-02    1.00000000e+00    9.96505078e-05
1140     3.50000000e-02    1.00000000e+00    1.02550234e-04
1141     3.60000000e-02    1.00000000e+00    1.05447310e-04
1142     3.70000000e-02    1.00000000e+00    1.08341670e-04
1143     3.80000000e-02    1.00000000e+00    1.11233245e-04
1144     3.90000000e-02    1.00000000e+00    1.14121971e-04
1145     4.00000000e-02    1.00000000e+00    1.17007781e-04
1146     4.10000000e-02    1.00000000e+00    1.19890611e-04
1147     4.20000000e-02    1.00000000e+00    1.22770398e-04
1148     4.30000000e-02    1.00000000e+00    1.25647077e-04
1149     4.40000000e-02    1.00000000e+00    1.28520587e-04
1150     4.50000000e-02    1.00000000e+00    1.31390866e-04
1151     4.60000000e-02    1.00000000e+00    1.34257852e-04
1152     4.70000000e-02    1.00000000e+00    1.37121485e-04
1153     4.80000000e-02    1.00000000e+00    1.39981705e-04
1154     4.90000000e-02    1.00000000e+00    1.42838455e-04
1155     5.00000000e-02    1.00000000e+00    1.45691675e-04
1156     5.10000000e-02    1.00000000e+00    1.48541308e-04
1157     5.20000000e-02    1.00000000e+00    1.51387298e-04
1158     5.30000000e-02    1.00000000e+00    1.54229590e-04
1159     5.40000000e-02    1.00000000e+00    1.57068128e-04
1160     5.50000000e-02    1.00000000e+00    1.59902857e-04
1161     5.60000000e-02    1.00000000e+00    1.62733726e-04
1162     5.70000000e-02    1.00000000e+00    1.65560681e-04
1163     5.80000000e-02    1.00000000e+00    1.68383670e-04
1164     5.90000000e-02    1.00000000e+00    1.71202643e-04
1165     6.00000000e-02    1.00000000e+00    1.74017549e-04
1166     6.10000000e-02    1.00000000e+00    1.76828340e-04
1167     6.20000000e-02    1.00000000e+00    1.79634966e-04
1168     6.30000000e-02    1.00000000e+00    1.82437381e-04
1169     6.40000000e-02    1.00000000e+00    1.85235537e-04
1170     6.50000000e-02    1.00000000e+00    1.88029389e-04
1171     6.60000000e-02    1.00000000e+00    1.90818891e-04
1172     6.70000000e-02    1.00000000e+00    1.93604000e-04
1173     6.80000000e-02    1.00000000e+00    1.96384671e-04
1174     6.90000000e-02    1.00000000e+00    1.99160862e-04
1175     7.00000000e-02    1.00000000e+00    2.01932531e-04
1176     7.10000000e-02    1.00000000e+00    2.04699638e-04
1177     7.20000000e-02    1.00000000e+00    2.07462143e-04
1178     7.30000000e-02    1.00000000e+00    2.10220005e-04
1179     7.40000000e-02    1.00000000e+00    2.12973187e-04
1180     7.50000000e-02    1.00000000e+00    2.15721652e-04
1181     7.60000000e-02    1.00000000e+00    2.18465361e-04
1182     7.70000000e-02    1.00000000e+00    2.21204281e-04
1183     7.80000000e-02    1.00000000e+00    2.23938374e-04
1184     7.90000000e-02    1.00000000e+00    2.26667608e-04
1185     8.00000000e-02    1.00000000e+00    2.29391949e-04
1186     8.10000000e-02    1.00000000e+00    2.32111363e-04
1187     8.20000000e-02    1.00000000e+00    2.34825821e-04
1188     8.30000000e-02    1.00000000e+00    2.37535289e-04
1189     8.40000000e-02    1.00000000e+00    2.40239739e-04
1190     8.50000000e-02    1.00000000e+00    2.42939141e-04
1191     8.60000000e-02    1.00000000e+00    2.45633466e-04
1192     8.70000000e-02    1.00000000e+00    2.48322688e-04
1193     8.80000000e-02    1.00000000e+00    2.51006778e-04
1194     8.90000000e-02    1.00000000e+00    2.53685710e-04
1195     9.00000000e-02    1.00000000e+00    2.56359460e-04
1196     9.10000000e-02    1.00000000e+00    2.59028003e-04
1197     9.20000000e-02    1.00000000e+00    2.61691315e-04
1198     9.30000000e-02    1.00000000e+00    2.64349374e-04
1199     9.40000000e-02    1.00000000e+00    2.67002156e-04
1200     9.50000000e-02    1.00000000e+00    2.69649640e-04
1201     9.60000000e-02    1.00000000e+00    2.72291807e-04
1202     9.70000000e-02    1.00000000e+00    2.74928635e-04
1203     9.80000000e-02    1.00000000e+00    2.77560106e-04
1204     9.90000000e-02    1.00000000e+00    2.80186201e-04
1205     1.00000000e-01    1.00000000e+00    2.82806903e-04
End of Xyce(TM) Simulation
