Index       V(G)              V(D)             I(V_D)            I(V_G)            I(V_S)      
0        1.00000000e+00   -5.00000000e-02   -5.00000000e-17    0.00000000e+00    5.00000000e-17
1        9.90000000e-01   -5.00000000e-02   -5.00000000e-17    0.00000000e+00    5.00000000e-17
2        9.80000000e-01   -5.00000000e-02   -5.00000000e-17    0.00000000e+00    5.00000000e-17
3        9.70000000e-01   -5.00000000e-02   -5.00000000e-17    0.00000000e+00    5.00000000e-17
4        9.60000000e-01   -5.00000000e-02   -5.00000000e-17    0.00000000e+00    5.00000000e-17
5        9.50000000e-01   -5.00000000e-02   -5.00000000e-17    0.00000000e+00    5.00000000e-17
6        9.40000000e-01   -5.00000000e-02   -5.00000000e-17    0.00000000e+00    5.00000000e-17
7        9.30000000e-01   -5.00000000e-02   -5.00000000e-17    0.00000000e+00    5.00000000e-17
8        9.20000000e-01   -5.00000000e-02   -5.00000000e-17    0.00000000e+00    5.00000000e-17
9        9.10000000e-01   -5.00000000e-02   -5.00000000e-17    0.00000000e+00    5.00000000e-17
10       9.00000000e-01   -5.00000000e-02   -5.00000000e-17    0.00000000e+00    5.00000000e-17
11       8.90000000e-01   -5.00000000e-02   -5.00000000e-17    0.00000000e+00    5.00000000e-17
12       8.80000000e-01   -5.00000000e-02   -5.00000000e-17    0.00000000e+00    5.00000000e-17
13       8.70000000e-01   -5.00000000e-02   -5.00000000e-17    0.00000000e+00    5.00000000e-17
14       8.60000000e-01   -5.00000000e-02   -5.00000000e-17    0.00000000e+00    5.00000000e-17
15       8.50000000e-01   -5.00000000e-02   -5.00000000e-17    0.00000000e+00    5.00000000e-17
16       8.40000000e-01   -5.00000000e-02   -5.00000000e-17    0.00000000e+00    5.00000000e-17
17       8.30000000e-01   -5.00000000e-02   -5.00000000e-17    0.00000000e+00    5.00000000e-17
18       8.20000000e-01   -5.00000000e-02   -5.00000000e-17    0.00000000e+00    5.00000000e-17
19       8.10000000e-01   -5.00000000e-02   -5.00000000e-17    0.00000000e+00    5.00000000e-17
20       8.00000000e-01   -5.00000000e-02   -5.00000000e-17    0.00000000e+00    5.00000000e-17
21       7.90000000e-01   -5.00000000e-02   -5.00000000e-17    0.00000000e+00    5.00000000e-17
22       7.80000000e-01   -5.00000000e-02   -5.00000000e-17    0.00000000e+00    5.00000000e-17
23       7.70000000e-01   -5.00000000e-02   -5.00000000e-17    0.00000000e+00    5.00000000e-17
24       7.60000000e-01   -5.00000000e-02   -5.00000000e-17    0.00000000e+00    5.00000000e-17
25       7.50000000e-01   -5.00000000e-02   -5.00000001e-17    0.00000000e+00    5.00000001e-17
26       7.40000000e-01   -5.00000000e-02   -5.00000001e-17    0.00000000e+00    5.00000001e-17
27       7.30000000e-01   -5.00000000e-02   -5.00000001e-17    0.00000000e+00    5.00000001e-17
28       7.20000000e-01   -5.00000000e-02   -5.00000002e-17    0.00000000e+00    5.00000002e-17
29       7.10000000e-01   -5.00000000e-02   -5.00000003e-17    0.00000000e+00    5.00000003e-17
30       7.00000000e-01   -5.00000000e-02   -5.00000004e-17    0.00000000e+00    5.00000004e-17
31       6.90000000e-01   -5.00000000e-02   -5.00000005e-17    0.00000000e+00    5.00000005e-17
32       6.80000000e-01   -5.00000000e-02   -5.00000007e-17    0.00000000e+00    5.00000007e-17
33       6.70000000e-01   -5.00000000e-02   -5.00000010e-17    0.00000000e+00    5.00000010e-17
34       6.60000000e-01   -5.00000000e-02   -5.00000015e-17    0.00000000e+00    5.00000015e-17
35       6.50000000e-01   -5.00000000e-02   -5.00000020e-17    0.00000000e+00    5.00000020e-17
36       6.40000000e-01   -5.00000000e-02   -5.00000029e-17    0.00000000e+00    5.00000029e-17
37       6.30000000e-01   -5.00000000e-02   -5.00000041e-17    0.00000000e+00    5.00000041e-17
38       6.20000000e-01   -5.00000000e-02   -5.00000058e-17    0.00000000e+00    5.00000058e-17
39       6.10000000e-01   -5.00000000e-02   -5.00000082e-17    0.00000000e+00    5.00000082e-17
40       6.00000000e-01   -5.00000000e-02   -5.00000116e-17    0.00000000e+00    5.00000116e-17
41       5.90000000e-01   -5.00000000e-02   -5.00000163e-17    0.00000000e+00    5.00000163e-17
42       5.80000000e-01   -5.00000000e-02   -5.00000231e-17    0.00000000e+00    5.00000231e-17
43       5.70000000e-01   -5.00000000e-02   -5.00000326e-17    0.00000000e+00    5.00000326e-17
44       5.60000000e-01   -5.00000000e-02   -5.00000461e-17    0.00000000e+00    5.00000461e-17
45       5.50000000e-01   -5.00000000e-02   -5.00000652e-17    0.00000000e+00    5.00000652e-17
46       5.40000000e-01   -5.00000000e-02   -5.00000921e-17    0.00000000e+00    5.00000921e-17
47       5.30000000e-01   -5.00000000e-02   -5.00001302e-17    0.00000000e+00    5.00001302e-17
48       5.20000000e-01   -5.00000000e-02   -5.00001840e-17    0.00000000e+00    5.00001840e-17
49       5.10000000e-01   -5.00000000e-02   -5.00002600e-17    0.00000000e+00    5.00002600e-17
50       5.00000000e-01   -5.00000000e-02   -5.00003675e-17    0.00000000e+00    5.00003675e-17
51       4.90000000e-01   -5.00000000e-02   -5.00005195e-17    0.00000000e+00    5.00005195e-17
52       4.80000000e-01   -5.00000000e-02   -5.00007343e-17    0.00000000e+00    5.00007343e-17
53       4.70000000e-01   -5.00000000e-02   -5.00010379e-17    0.00000000e+00    5.00010379e-17
54       4.60000000e-01   -5.00000000e-02   -5.00014672e-17    0.00000000e+00    5.00014672e-17
55       4.50000000e-01   -5.00000000e-02   -5.00020739e-17    0.00000000e+00    5.00020739e-17
56       4.40000000e-01   -5.00000000e-02   -5.00029316e-17    0.00000000e+00    5.00029316e-17
57       4.30000000e-01   -5.00000000e-02   -5.00041441e-17    0.00000000e+00    5.00041441e-17
58       4.20000000e-01   -5.00000000e-02   -5.00058582e-17    0.00000000e+00    5.00058582e-17
59       4.10000000e-01   -5.00000000e-02   -5.00082813e-17    0.00000000e+00    5.00082813e-17
60       4.00000000e-01   -5.00000000e-02   -5.00117068e-17    0.00000000e+00    5.00117068e-17
61       3.90000000e-01   -5.00000000e-02   -5.00165496e-17    0.00000000e+00    5.00165496e-17
62       3.80000000e-01   -5.00000000e-02   -5.00233961e-17    0.00000000e+00    5.00233961e-17
63       3.70000000e-01   -5.00000000e-02   -5.00330753e-17    0.00000000e+00    5.00330753e-17
64       3.60000000e-01   -5.00000000e-02   -5.00467597e-17    0.00000000e+00    5.00467597e-17
65       3.50000000e-01   -5.00000000e-02   -5.00661065e-17    0.00000000e+00    5.00661065e-17
66       3.40000000e-01   -5.00000000e-02   -5.00934595e-17    0.00000000e+00    5.00934595e-17
67       3.30000000e-01   -5.00000000e-02   -5.01321322e-17    0.00000000e+00    5.01321322e-17
68       3.20000000e-01   -5.00000000e-02   -5.01868100e-17    0.00000000e+00    5.01868100e-17
69       3.10000000e-01   -5.00000000e-02   -5.02641178e-17    0.00000000e+00    5.02641178e-17
70       3.00000000e-01   -5.00000000e-02   -5.03734232e-17    0.00000000e+00    5.03734232e-17
71       2.90000000e-01   -5.00000000e-02   -5.05279721e-17    0.00000000e+00    5.05279721e-17
72       2.80000000e-01   -5.00000000e-02   -5.07464948e-17    0.00000000e+00    5.07464948e-17
73       2.70000000e-01   -5.00000000e-02   -5.10554768e-17    0.00000000e+00    5.10554768e-17
74       2.60000000e-01   -5.00000000e-02   -5.14923707e-17    0.00000000e+00    5.14923707e-17
75       2.50000000e-01   -5.00000000e-02   -5.21101381e-17    0.00000000e+00    5.21101381e-17
76       2.40000000e-01   -5.00000000e-02   -5.29836724e-17    0.00000000e+00    5.29836724e-17
77       2.30000000e-01   -5.00000000e-02   -5.42188831e-17    0.00000000e+00    5.42188831e-17
78       2.20000000e-01   -5.00000000e-02   -5.59655428e-17    0.00000000e+00    5.59655428e-17
79       2.10000000e-01   -5.00000000e-02   -5.84354557e-17    0.00000000e+00    5.84354557e-17
80       2.00000000e-01   -5.00000000e-02   -6.19281538e-17    0.00000000e+00    6.19281538e-17
81       1.90000000e-01   -5.00000000e-02   -6.68672395e-17    0.00000000e+00    6.68672395e-17
82       1.80000000e-01   -5.00000000e-02   -7.38517853e-17    0.00000000e+00    7.38517853e-17
83       1.70000000e-01   -5.00000000e-02   -8.37290308e-17    0.00000000e+00    8.37290308e-17
84       1.60000000e-01   -5.00000000e-02   -9.76972039e-17    0.00000000e+00    9.76972039e-17
85       1.50000000e-01   -5.00000000e-02   -1.17450949e-16    0.00000000e+00    1.17450949e-16
86       1.40000000e-01   -5.00000000e-02   -1.45387020e-16    0.00000000e+00    1.45387020e-16
87       1.30000000e-01   -5.00000000e-02   -1.84895222e-16    0.00000000e+00    1.84895222e-16
88       1.20000000e-01   -5.00000000e-02   -2.40769929e-16    0.00000000e+00    2.40769929e-16
89       1.10000000e-01   -5.00000000e-02   -3.19792159e-16    0.00000000e+00    3.19792159e-16
90       1.00000000e-01   -5.00000000e-02   -4.31552913e-16    0.00000000e+00    4.31552913e-16
91       9.00000000e-02   -5.00000000e-02   -5.89617791e-16    0.00000000e+00    5.89617791e-16
92       8.00000000e-02   -5.00000000e-02   -8.13174361e-16    0.00000000e+00    8.13174361e-16
93       7.00000000e-02   -5.00000000e-02   -1.12936243e-15    0.00000000e+00    1.12936243e-15
94       6.00000000e-02   -5.00000000e-02   -1.57657036e-15    0.00000000e+00    1.57657036e-15
95       5.00000000e-02   -5.00000000e-02   -2.20909793e-15    0.00000000e+00    2.20909793e-15
96       4.00000000e-02   -5.00000000e-02   -3.10375247e-15    0.00000000e+00    3.10375247e-15
97       3.00000000e-02   -5.00000000e-02   -4.36917976e-15    0.00000000e+00    4.36917976e-15
98       2.00000000e-02   -5.00000000e-02   -6.15906394e-15    0.00000000e+00    6.15906394e-15
99       1.00000000e-02   -5.00000000e-02   -8.69080065e-15    0.00000000e+00    8.69080065e-15
100      0.00000000e+00   -5.00000000e-02   -1.22719135e-14    0.00000000e+00    1.22719135e-14
101     -1.00000000e-02   -5.00000000e-02   -1.73374252e-14    0.00000000e+00    1.73374252e-14
102     -2.00000000e-02   -5.00000000e-02   -2.45027262e-14    0.00000000e+00    2.45027262e-14
103     -3.00000000e-02   -5.00000000e-02   -3.46383700e-14    0.00000000e+00    3.46383700e-14
104     -4.00000000e-02   -5.00000000e-02   -4.89758888e-14    0.00000000e+00    4.89758888e-14
105     -5.00000000e-02   -5.00000000e-02   -6.92574969e-14    0.00000000e+00    6.92574969e-14
106     -6.00000000e-02   -5.00000000e-02   -9.79478880e-14    0.00000000e+00    9.79478880e-14
107     -7.00000000e-02   -5.00000000e-02   -1.38533884e-13    0.00000000e+00    1.38533884e-13
108     -8.00000000e-02   -5.00000000e-02   -1.95948383e-13    0.00000000e+00    1.95948383e-13
109     -9.00000000e-02   -5.00000000e-02   -2.77170169e-13    0.00000000e+00    2.77170169e-13
110     -1.00000000e-01   -5.00000000e-02   -3.92072551e-13    0.00000000e+00    3.92072551e-13
111     -1.10000000e-01   -5.00000000e-02   -5.54624073e-13    0.00000000e+00    5.54624073e-13
112     -1.20000000e-01   -5.00000000e-02   -7.84587356e-13    0.00000000e+00    7.84587356e-13
113     -1.30000000e-01   -5.00000000e-02   -1.10992279e-12    0.00000000e+00    1.10992279e-12
114     -1.40000000e-01   -5.00000000e-02   -1.57018954e-12    0.00000000e+00    1.57018954e-12
115     -1.50000000e-01   -5.00000000e-02   -2.22135765e-12    0.00000000e+00    2.22135765e-12
116     -1.60000000e-01   -5.00000000e-02   -3.14261698e-12    0.00000000e+00    3.14261698e-12
117     -1.70000000e-01   -5.00000000e-02   -4.44601135e-12    0.00000000e+00    4.44601135e-12
118     -1.80000000e-01   -5.00000000e-02   -6.29007073e-12    0.00000000e+00    6.29007073e-12
119     -1.90000000e-01   -5.00000000e-02   -8.89910025e-12    0.00000000e+00    8.89910025e-12
120     -2.00000000e-01   -5.00000000e-02   -1.25904742e-11    0.00000000e+00    1.25904742e-11
121     -2.10000000e-01   -5.00000000e-02   -1.78132568e-11    0.00000000e+00    1.78132568e-11
122     -2.20000000e-01   -5.00000000e-02   -2.52028518e-11    0.00000000e+00    2.52028518e-11
123     -2.30000000e-01   -5.00000000e-02   -3.56583318e-11    0.00000000e+00    3.56583318e-11
124     -2.40000000e-01   -5.00000000e-02   -5.04518630e-11    0.00000000e+00    5.04518630e-11
125     -2.50000000e-01   -5.00000000e-02   -7.13835445e-11    0.00000000e+00    7.13835445e-11
126     -2.60000000e-01   -5.00000000e-02   -1.01000513e-10    0.00000000e+00    1.01000513e-10
127     -2.70000000e-01   -5.00000000e-02   -1.42906988e-10    0.00000000e+00    1.42906988e-10
128     -2.80000000e-01   -5.00000000e-02   -2.02202991e-10    0.00000000e+00    2.02202991e-10
129     -2.90000000e-01   -5.00000000e-02   -2.86105159e-10    0.00000000e+00    2.86105159e-10
130     -3.00000000e-01   -5.00000000e-02   -4.04825202e-10    0.00000000e+00    4.04825202e-10
131     -3.10000000e-01   -5.00000000e-02   -5.72812903e-10    0.00000000e+00    5.72812903e-10
132     -3.20000000e-01   -5.00000000e-02   -8.10514920e-10    0.00000000e+00    8.10514920e-10
133     -3.30000000e-01   -5.00000000e-02   -1.14686327e-09    0.00000000e+00    1.14686327e-09
134     -3.40000000e-01   -5.00000000e-02   -1.62279605e-09    0.00000000e+00    1.62279605e-09
135     -3.50000000e-01   -5.00000000e-02   -2.29623804e-09    0.00000000e+00    2.29623804e-09
136     -3.60000000e-01   -5.00000000e-02   -3.24914574e-09    0.00000000e+00    3.24914574e-09
137     -3.70000000e-01   -5.00000000e-02   -4.59747040e-09    0.00000000e+00    4.59747040e-09
138     -3.80000000e-01   -5.00000000e-02   -6.50524419e-09    0.00000000e+00    6.50524419e-09
139     -3.90000000e-01   -5.00000000e-02   -9.20448798e-09    0.00000000e+00    9.20448798e-09
140     -4.00000000e-01   -5.00000000e-02   -1.30233318e-08    0.00000000e+00    1.30233318e-08
141     -4.10000000e-01   -5.00000000e-02   -1.84257055e-08    0.00000000e+00    1.84257055e-08
142     -4.20000000e-01   -5.00000000e-02   -2.60673005e-08    0.00000000e+00    2.60673005e-08
143     -4.30000000e-01   -5.00000000e-02   -3.68743514e-08    0.00000000e+00    3.68743514e-08
144     -4.40000000e-01   -5.00000000e-02   -5.21543069e-08    0.00000000e+00    5.21543069e-08
145     -4.50000000e-01   -5.00000000e-02   -7.37508238e-08    0.00000000e+00    7.37508238e-08
146     -4.60000000e-01   -5.00000000e-02   -1.04259904e-07    0.00000000e+00    1.04259904e-07
147     -4.70000000e-01   -5.00000000e-02   -1.47329470e-07    0.00000000e+00    1.47329470e-07
148     -4.80000000e-01   -5.00000000e-02   -2.08071032e-07    0.00000000e+00    2.08071032e-07
149     -4.90000000e-01   -5.00000000e-02   -2.93618554e-07    0.00000000e+00    2.93618554e-07
150     -5.00000000e-01   -5.00000000e-02   -4.13874179e-07    0.00000000e+00    4.13874179e-07
151     -5.10000000e-01   -5.00000000e-02   -5.82479265e-07    0.00000000e+00    5.82479265e-07
152     -5.20000000e-01   -5.00000000e-02   -8.18035370e-07    0.00000000e+00    8.18035370e-07
153     -5.30000000e-01   -5.00000000e-02   -1.14556401e-06    0.00000000e+00    1.14556401e-06
154     -5.40000000e-01   -5.00000000e-02   -1.59812605e-06    0.00000000e+00    1.59812605e-06
155     -5.50000000e-01   -5.00000000e-02   -2.21841879e-06    0.00000000e+00    2.21841879e-06
156     -5.60000000e-01   -5.00000000e-02   -3.06004780e-06    0.00000000e+00    3.06004780e-06
157     -5.70000000e-01   -5.00000000e-02   -4.18807967e-06    0.00000000e+00    4.18807967e-06
158     -5.80000000e-01   -5.00000000e-02   -5.67848929e-06    0.00000000e+00    5.67848929e-06
159     -5.90000000e-01   -5.00000000e-02   -7.61626848e-06    0.00000000e+00    7.61626848e-06
160     -6.00000000e-01   -5.00000000e-02   -1.00922290e-05    0.00000000e+00    1.00922290e-05
161     -6.10000000e-01   -5.00000000e-02   -1.31988034e-05    0.00000000e+00    1.31988034e-05
162     -6.20000000e-01   -5.00000000e-02   -1.70253121e-05    0.00000000e+00    1.70253121e-05
163     -6.30000000e-01   -5.00000000e-02   -2.16532006e-05    0.00000000e+00    2.16532006e-05
164     -6.40000000e-01   -5.00000000e-02   -2.71517160e-05    0.00000000e+00    2.71517160e-05
165     -6.50000000e-01   -5.00000000e-02   -3.35744360e-05    0.00000000e+00    3.35744360e-05
166     -6.60000000e-01   -5.00000000e-02   -4.09569707e-05    0.00000000e+00    4.09569707e-05
167     -6.70000000e-01   -5.00000000e-02   -4.93159965e-05    0.00000000e+00    4.93159965e-05
168     -6.80000000e-01   -5.00000000e-02   -5.86495733e-05    0.00000000e+00    5.86495733e-05
169     -6.90000000e-01   -5.00000000e-02   -6.89385137e-05    0.00000000e+00    6.89385137e-05
170     -7.00000000e-01   -5.00000000e-02   -8.01484776e-05    0.00000000e+00    8.01484776e-05
171     -7.10000000e-01   -5.00000000e-02   -9.22324612e-05    0.00000000e+00    9.22324612e-05
172     -7.20000000e-01   -5.00000000e-02   -1.05133406e-04    0.00000000e+00    1.05133406e-04
173     -7.30000000e-01   -5.00000000e-02   -1.18786723e-04    0.00000000e+00    1.18786723e-04
174     -7.40000000e-01   -5.00000000e-02   -1.33122609e-04    0.00000000e+00    1.33122609e-04
175     -7.50000000e-01   -5.00000000e-02   -1.48068082e-04    0.00000000e+00    1.48068082e-04
176     -7.60000000e-01   -5.00000000e-02   -1.63548743e-04    0.00000000e+00    1.63548743e-04
177     -7.70000000e-01   -5.00000000e-02   -1.79490251e-04    0.00000000e+00    1.79490251e-04
178     -7.80000000e-01   -5.00000000e-02   -1.95819577e-04    0.00000000e+00    1.95819577e-04
179     -7.90000000e-01   -5.00000000e-02   -2.12466017e-04    0.00000000e+00    2.12466017e-04
180     -8.00000000e-01   -5.00000000e-02   -2.29362006e-04    0.00000000e+00    2.29362006e-04
181     -8.10000000e-01   -5.00000000e-02   -2.46443721e-04    0.00000000e+00    2.46443721e-04
182     -8.20000000e-01   -5.00000000e-02   -2.63651499e-04    0.00000000e+00    2.63651499e-04
183     -8.30000000e-01   -5.00000000e-02   -2.80930092e-04    0.00000000e+00    2.80930092e-04
184     -8.40000000e-01   -5.00000000e-02   -2.98228783e-04    0.00000000e+00    2.98228783e-04
185     -8.50000000e-01   -5.00000000e-02   -3.15501389e-04    0.00000000e+00    3.15501389e-04
186     -8.60000000e-01   -5.00000000e-02   -3.32706186e-04    0.00000000e+00    3.32706186e-04
187     -8.70000000e-01   -5.00000000e-02   -3.49805762e-04    0.00000000e+00    3.49805762e-04
188     -8.80000000e-01   -5.00000000e-02   -3.66766834e-04    0.00000000e+00    3.66766834e-04
189     -8.90000000e-01   -5.00000000e-02   -3.83560023e-04    0.00000000e+00    3.83560023e-04
190     -9.00000000e-01   -5.00000000e-02   -4.00159613e-04    0.00000000e+00    4.00159613e-04
191     -9.10000000e-01   -5.00000000e-02   -4.16543303e-04    0.00000000e+00    4.16543303e-04
192     -9.20000000e-01   -5.00000000e-02   -4.32691945e-04    0.00000000e+00    4.32691945e-04
193     -9.30000000e-01   -5.00000000e-02   -4.48589290e-04    0.00000000e+00    4.48589290e-04
194     -9.40000000e-01   -5.00000000e-02   -4.64221742e-04    0.00000000e+00    4.64221742e-04
195     -9.50000000e-01   -5.00000000e-02   -4.79578108e-04    0.00000000e+00    4.79578108e-04
196     -9.60000000e-01   -5.00000000e-02   -4.94649377e-04    0.00000000e+00    4.94649377e-04
197     -9.70000000e-01   -5.00000000e-02   -5.09428497e-04    0.00000000e+00    5.09428497e-04
198     -9.80000000e-01   -5.00000000e-02   -5.23910172e-04    0.00000000e+00    5.23910172e-04
199     -9.90000000e-01   -5.00000000e-02   -5.38090671e-04    0.00000000e+00    5.38090671e-04
200     -1.00000000e+00   -5.00000000e-02   -5.51967656e-04    0.00000000e+00    5.51967656e-04
201     -1.01000000e+00   -5.00000000e-02   -5.65540016e-04    0.00000000e+00    5.65540016e-04
202     -1.02000000e+00   -5.00000000e-02   -5.78807720e-04    0.00000000e+00    5.78807720e-04
203     -1.03000000e+00   -5.00000000e-02   -5.91771684e-04    0.00000000e+00    5.91771684e-04
204     -1.04000000e+00   -5.00000000e-02   -6.04433645e-04    0.00000000e+00    6.04433645e-04
205     -1.05000000e+00   -5.00000000e-02   -6.16796054e-04    0.00000000e+00    6.16796054e-04
206     -1.06000000e+00   -5.00000000e-02   -6.28861972e-04    0.00000000e+00    6.28861972e-04
207     -1.07000000e+00   -5.00000000e-02   -6.40634983e-04    0.00000000e+00    6.40634983e-04
208     -1.08000000e+00   -5.00000000e-02   -6.52119111e-04    0.00000000e+00    6.52119111e-04
209     -1.09000000e+00   -5.00000000e-02   -6.63318751e-04    0.00000000e+00    6.63318751e-04
210     -1.10000000e+00   -5.00000000e-02   -6.74238603e-04    0.00000000e+00    6.74238603e-04
211     -1.11000000e+00   -5.00000000e-02   -6.84883616e-04    0.00000000e+00    6.84883616e-04
212     -1.12000000e+00   -5.00000000e-02   -6.95258937e-04    0.00000000e+00    6.95258937e-04
213     -1.13000000e+00   -5.00000000e-02   -7.05369867e-04    0.00000000e+00    7.05369867e-04
214     -1.14000000e+00   -5.00000000e-02   -7.15221821e-04    0.00000000e+00    7.15221821e-04
215     -1.15000000e+00   -5.00000000e-02   -7.24820296e-04    0.00000000e+00    7.24820296e-04
216     -1.16000000e+00   -5.00000000e-02   -7.34170837e-04    0.00000000e+00    7.34170837e-04
217     -1.17000000e+00   -5.00000000e-02   -7.43279017e-04    0.00000000e+00    7.43279017e-04
218     -1.18000000e+00   -5.00000000e-02   -7.52150408e-04    0.00000000e+00    7.52150408e-04
219     -1.19000000e+00   -5.00000000e-02   -7.60790563e-04    0.00000000e+00    7.60790563e-04
220     -1.20000000e+00   -5.00000000e-02   -7.69205003e-04    0.00000000e+00    7.69205003e-04
0        1.00000000e+00   -1.00000000e+00   -1.00000000e-15    0.00000000e+00    1.00000000e-15
1        9.90000000e-01   -1.00000000e+00   -1.00000000e-15    0.00000000e+00    1.00000000e-15
2        9.80000000e-01   -1.00000000e+00   -1.00000000e-15    0.00000000e+00    1.00000000e-15
3        9.70000000e-01   -1.00000000e+00   -1.00000000e-15    0.00000000e+00    1.00000000e-15
4        9.60000000e-01   -1.00000000e+00   -1.00000000e-15    0.00000000e+00    1.00000000e-15
5        9.50000000e-01   -1.00000000e+00   -1.00000000e-15    0.00000000e+00    1.00000000e-15
6        9.40000000e-01   -1.00000000e+00   -1.00000000e-15    0.00000000e+00    1.00000000e-15
7        9.30000000e-01   -1.00000000e+00   -1.00000000e-15    0.00000000e+00    1.00000000e-15
8        9.20000000e-01   -1.00000000e+00   -1.00000000e-15    0.00000000e+00    1.00000000e-15
9        9.10000000e-01   -1.00000000e+00   -1.00000000e-15    0.00000000e+00    1.00000000e-15
10       9.00000000e-01   -1.00000000e+00   -1.00000000e-15    0.00000000e+00    1.00000000e-15
11       8.90000000e-01   -1.00000000e+00   -1.00000000e-15    0.00000000e+00    1.00000000e-15
12       8.80000000e-01   -1.00000000e+00   -1.00000000e-15    0.00000000e+00    1.00000000e-15
13       8.70000000e-01   -1.00000000e+00   -1.00000000e-15    0.00000000e+00    1.00000000e-15
14       8.60000000e-01   -1.00000000e+00   -1.00000000e-15    0.00000000e+00    1.00000000e-15
15       8.50000000e-01   -1.00000000e+00   -1.00000000e-15    0.00000000e+00    1.00000000e-15
16       8.40000000e-01   -1.00000000e+00   -1.00000000e-15    0.00000000e+00    1.00000000e-15
17       8.30000000e-01   -1.00000000e+00   -1.00000000e-15    0.00000000e+00    1.00000000e-15
18       8.20000000e-01   -1.00000000e+00   -1.00000000e-15    0.00000000e+00    1.00000000e-15
19       8.10000000e-01   -1.00000000e+00   -1.00000000e-15    0.00000000e+00    1.00000000e-15
20       8.00000000e-01   -1.00000000e+00   -1.00000000e-15    0.00000000e+00    1.00000000e-15
21       7.90000000e-01   -1.00000000e+00   -1.00000000e-15    0.00000000e+00    1.00000000e-15
22       7.80000000e-01   -1.00000000e+00   -1.00000000e-15    0.00000000e+00    1.00000000e-15
23       7.70000000e-01   -1.00000000e+00   -1.00000000e-15    0.00000000e+00    1.00000000e-15
24       7.60000000e-01   -1.00000000e+00   -1.00000000e-15    0.00000000e+00    1.00000000e-15
25       7.50000000e-01   -1.00000000e+00   -1.00000000e-15    0.00000000e+00    1.00000000e-15
26       7.40000000e-01   -1.00000000e+00   -1.00000000e-15    0.00000000e+00    1.00000000e-15
27       7.30000000e-01   -1.00000000e+00   -1.00000000e-15    0.00000000e+00    1.00000000e-15
28       7.20000000e-01   -1.00000000e+00   -1.00000000e-15    0.00000000e+00    1.00000000e-15
29       7.10000000e-01   -1.00000000e+00   -1.00000000e-15    0.00000000e+00    1.00000000e-15
30       7.00000000e-01   -1.00000000e+00   -1.00000000e-15    0.00000000e+00    1.00000000e-15
31       6.90000000e-01   -1.00000000e+00   -1.00000000e-15    0.00000000e+00    1.00000000e-15
32       6.80000000e-01   -1.00000000e+00   -1.00000000e-15    0.00000000e+00    1.00000000e-15
33       6.70000000e-01   -1.00000000e+00   -1.00000000e-15    0.00000000e+00    1.00000000e-15
34       6.60000000e-01   -1.00000000e+00   -1.00000000e-15    0.00000000e+00    1.00000000e-15
35       6.50000000e-01   -1.00000000e+00   -1.00000000e-15    0.00000000e+00    1.00000000e-15
36       6.40000000e-01   -1.00000000e+00   -1.00000000e-15    0.00000000e+00    1.00000000e-15
37       6.30000000e-01   -1.00000000e+00   -1.00000001e-15    0.00000000e+00    1.00000001e-15
38       6.20000000e-01   -1.00000000e+00   -1.00000001e-15    0.00000000e+00    1.00000001e-15
39       6.10000000e-01   -1.00000000e+00   -1.00000001e-15    0.00000000e+00    1.00000001e-15
40       6.00000000e-01   -1.00000000e+00   -1.00000002e-15    0.00000000e+00    1.00000002e-15
41       5.90000000e-01   -1.00000000e+00   -1.00000002e-15    0.00000000e+00    1.00000002e-15
42       5.80000000e-01   -1.00000000e+00   -1.00000003e-15    0.00000000e+00    1.00000003e-15
43       5.70000000e-01   -1.00000000e+00   -1.00000005e-15    0.00000000e+00    1.00000005e-15
44       5.60000000e-01   -1.00000000e+00   -1.00000007e-15    0.00000000e+00    1.00000007e-15
45       5.50000000e-01   -1.00000000e+00   -1.00000009e-15    0.00000000e+00    1.00000009e-15
46       5.40000000e-01   -1.00000000e+00   -1.00000013e-15    0.00000000e+00    1.00000013e-15
47       5.30000000e-01   -1.00000000e+00   -1.00000019e-15    0.00000000e+00    1.00000019e-15
48       5.20000000e-01   -1.00000000e+00   -1.00000027e-15    0.00000000e+00    1.00000027e-15
49       5.10000000e-01   -1.00000000e+00   -1.00000038e-15    0.00000000e+00    1.00000038e-15
50       5.00000000e-01   -1.00000000e+00   -1.00000053e-15    0.00000000e+00    1.00000053e-15
51       4.90000000e-01   -1.00000000e+00   -1.00000075e-15    0.00000000e+00    1.00000075e-15
52       4.80000000e-01   -1.00000000e+00   -1.00000106e-15    0.00000000e+00    1.00000106e-15
53       4.70000000e-01   -1.00000000e+00   -1.00000150e-15    0.00000000e+00    1.00000150e-15
54       4.60000000e-01   -1.00000000e+00   -1.00000212e-15    0.00000000e+00    1.00000212e-15
55       4.50000000e-01   -1.00000000e+00   -1.00000299e-15    0.00000000e+00    1.00000299e-15
56       4.40000000e-01   -1.00000000e+00   -1.00000423e-15    0.00000000e+00    1.00000423e-15
57       4.30000000e-01   -1.00000000e+00   -1.00000597e-15    0.00000000e+00    1.00000597e-15
58       4.20000000e-01   -1.00000000e+00   -1.00000844e-15    0.00000000e+00    1.00000844e-15
59       4.10000000e-01   -1.00000000e+00   -1.00001193e-15    0.00000000e+00    1.00001193e-15
60       4.00000000e-01   -1.00000000e+00   -1.00001686e-15    0.00000000e+00    1.00001686e-15
61       3.90000000e-01   -1.00000000e+00   -1.00002383e-15    0.00000000e+00    1.00002383e-15
62       3.80000000e-01   -1.00000000e+00   -1.00003367e-15    0.00000000e+00    1.00003367e-15
63       3.70000000e-01   -1.00000000e+00   -1.00004759e-15    0.00000000e+00    1.00004759e-15
64       3.60000000e-01   -1.00000000e+00   -1.00006725e-15    0.00000000e+00    1.00006725e-15
65       3.50000000e-01   -1.00000000e+00   -1.00009505e-15    0.00000000e+00    1.00009505e-15
66       3.40000000e-01   -1.00000000e+00   -1.00013433e-15    0.00000000e+00    1.00013433e-15
67       3.30000000e-01   -1.00000000e+00   -1.00018986e-15    0.00000000e+00    1.00018986e-15
68       3.20000000e-01   -1.00000000e+00   -1.00026833e-15    0.00000000e+00    1.00026833e-15
69       3.10000000e-01   -1.00000000e+00   -1.00037925e-15    0.00000000e+00    1.00037925e-15
70       3.00000000e-01   -1.00000000e+00   -1.00053602e-15    0.00000000e+00    1.00053602e-15
71       2.90000000e-01   -1.00000000e+00   -1.00075761e-15    0.00000000e+00    1.00075761e-15
72       2.80000000e-01   -1.00000000e+00   -1.00107081e-15    0.00000000e+00    1.00107081e-15
73       2.70000000e-01   -1.00000000e+00   -1.00151352e-15    0.00000000e+00    1.00151352e-15
74       2.60000000e-01   -1.00000000e+00   -1.00213928e-15    0.00000000e+00    1.00213928e-15
75       2.50000000e-01   -1.00000000e+00   -1.00302380e-15    0.00000000e+00    1.00302380e-15
76       2.40000000e-01   -1.00000000e+00   -1.00427410e-15    0.00000000e+00    1.00427410e-15
77       2.30000000e-01   -1.00000000e+00   -1.00604146e-15    0.00000000e+00    1.00604146e-15
78       2.20000000e-01   -1.00000000e+00   -1.00853974e-15    0.00000000e+00    1.00853974e-15
79       2.10000000e-01   -1.00000000e+00   -1.01207127e-15    0.00000000e+00    1.01207127e-15
80       2.00000000e-01   -1.00000000e+00   -1.01706344e-15    0.00000000e+00    1.01706344e-15
81       1.90000000e-01   -1.00000000e+00   -1.02412048e-15    0.00000000e+00    1.02412048e-15
82       1.80000000e-01   -1.00000000e+00   -1.03409657e-15    0.00000000e+00    1.03409657e-15
83       1.70000000e-01   -1.00000000e+00   -1.04819932e-15    0.00000000e+00    1.04819932e-15
84       1.60000000e-01   -1.00000000e+00   -1.06813602e-15    0.00000000e+00    1.06813602e-15
85       1.50000000e-01   -1.00000000e+00   -1.09632034e-15    0.00000000e+00    1.09632034e-15
86       1.40000000e-01   -1.00000000e+00   -1.13616476e-15    0.00000000e+00    1.13616476e-15
87       1.30000000e-01   -1.00000000e+00   -1.19249387e-15    0.00000000e+00    1.19249387e-15
88       1.20000000e-01   -1.00000000e+00   -1.27212880e-15    0.00000000e+00    1.27212880e-15
89       1.10000000e-01   -1.00000000e+00   -1.38471359e-15    0.00000000e+00    1.38471359e-15
90       1.00000000e-01   -1.00000000e+00   -1.54388359e-15    0.00000000e+00    1.54388359e-15
91       9.00000000e-02   -1.00000000e+00   -1.76891752e-15    0.00000000e+00    1.76891752e-15
92       8.00000000e-02   -1.00000000e+00   -2.08707353e-15    0.00000000e+00    2.08707353e-15
93       7.00000000e-02   -1.00000000e+00   -2.53689227e-15    0.00000000e+00    2.53689227e-15
94       6.00000000e-02   -1.00000000e+00   -3.17286753e-15    0.00000000e+00    3.17286753e-15
95       5.00000000e-02   -1.00000000e+00   -4.07205062e-15    0.00000000e+00    4.07205062e-15
96       4.00000000e-02   -1.00000000e+00   -5.34338928e-15    0.00000000e+00    5.34338928e-15
97       3.00000000e-02   -1.00000000e+00   -7.14093341e-15    0.00000000e+00    7.14093341e-15
98       2.00000000e-02   -1.00000000e+00   -9.68250891e-15    0.00000000e+00    9.68250891e-15
99       1.00000000e-02   -1.00000000e+00   -1.32761243e-14    0.00000000e+00    1.32761243e-14
100      0.00000000e+00   -1.00000000e+00   -1.83573121e-14    0.00000000e+00    1.83573121e-14
101     -1.00000000e-02   -1.00000000e+00   -2.55419347e-14    0.00000000e+00    2.55419347e-14
102     -2.00000000e-02   -1.00000000e+00   -3.57008581e-14    0.00000000e+00    3.57008581e-14
103     -3.00000000e-02   -1.00000000e+00   -5.00655521e-14    0.00000000e+00    5.00655521e-14
104     -4.00000000e-02   -1.00000000e+00   -7.03774268e-14    0.00000000e+00    7.03774268e-14
105     -5.00000000e-02   -1.00000000e+00   -9.90990200e-14    0.00000000e+00    9.90990200e-14
106     -6.00000000e-02   -1.00000000e+00   -1.39712657e-13    0.00000000e+00    1.39712657e-13
107     -7.00000000e-02   -1.00000000e+00   -1.97142820e-13    0.00000000e+00    1.97142820e-13
108     -8.00000000e-02   -1.00000000e+00   -2.78353461e-13    0.00000000e+00    2.78353461e-13
109     -9.00000000e-02   -1.00000000e+00   -3.93192761e-13    0.00000000e+00    3.93192761e-13
110     -1.00000000e-01   -1.00000000e+00   -5.55587803e-13    0.00000000e+00    5.55587803e-13
111     -1.10000000e-01   -1.00000000e+00   -7.85234166e-13    0.00000000e+00    7.85234166e-13
112     -1.20000000e-01   -1.00000000e+00   -1.10998546e-12    0.00000000e+00    1.10998546e-12
113     -1.30000000e-01   -1.00000000e+00   -1.56923282e-12    0.00000000e+00    1.56923282e-12
114     -1.40000000e-01   -1.00000000e+00   -2.21868447e-12    0.00000000e+00    2.21868447e-12
115     -1.50000000e-01   -1.00000000e+00   -3.13712551e-12    0.00000000e+00    3.13712551e-12
116     -1.60000000e-01   -1.00000000e+00   -4.43597845e-12    0.00000000e+00    4.43597845e-12
117     -1.70000000e-01   -1.00000000e+00   -6.27282480e-12    0.00000000e+00    6.27282480e-12
118     -1.80000000e-01   -1.00000000e+00   -8.87052926e-12    0.00000000e+00    8.87052926e-12
119     -1.90000000e-01   -1.00000000e+00   -1.25442879e-11    0.00000000e+00    1.25442879e-11
120     -2.00000000e-01   -1.00000000e+00   -1.77398840e-11    0.00000000e+00    1.77398840e-11
121     -2.10000000e-01   -1.00000000e+00   -2.50877953e-11    0.00000000e+00    2.50877953e-11
122     -2.20000000e-01   -1.00000000e+00   -3.54797219e-11    0.00000000e+00    3.54797219e-11
123     -2.30000000e-01   -1.00000000e+00   -5.01768258e-11    0.00000000e+00    5.01768258e-11
124     -2.40000000e-01   -1.00000000e+00   -7.09628215e-11    0.00000000e+00    7.09628215e-11
125     -2.50000000e-01   -1.00000000e+00   -1.00360506e-10    0.00000000e+00    1.00360506e-10
126     -2.60000000e-01   -1.00000000e+00   -1.41938012e-10    0.00000000e+00    1.41938012e-10
127     -2.70000000e-01   -1.00000000e+00   -2.00741971e-10    0.00000000e+00    2.00741971e-10
128     -2.80000000e-01   -1.00000000e+00   -2.83910161e-10    0.00000000e+00    2.83910161e-10
129     -2.90000000e-01   -1.00000000e+00   -4.01538016e-10    0.00000000e+00    4.01538016e-10
130     -3.00000000e-01   -1.00000000e+00   -5.67904156e-10    0.00000000e+00    5.67904156e-10
131     -3.10000000e-01   -1.00000000e+00   -8.03203679e-10    0.00000000e+00    8.03203679e-10
132     -3.20000000e-01   -1.00000000e+00   -1.13599948e-09    0.00000000e+00    1.13599948e-09
133     -3.30000000e-01   -1.00000000e+00   -1.60668890e-09    0.00000000e+00    1.60668890e-09
134     -3.40000000e-01   -1.00000000e+00   -2.27240601e-09    0.00000000e+00    2.27240601e-09
135     -3.50000000e-01   -1.00000000e+00   -3.21395320e-09    0.00000000e+00    3.21395320e-09
136     -3.60000000e-01   -1.00000000e+00   -4.54560115e-09    0.00000000e+00    4.54560115e-09
137     -3.70000000e-01   -1.00000000e+00   -6.42894130e-09    0.00000000e+00    6.42894130e-09
138     -3.80000000e-01   -1.00000000e+00   -9.09246169e-09    0.00000000e+00    9.09246169e-09
139     -3.90000000e-01   -1.00000000e+00   -1.28592005e-08    0.00000000e+00    1.28592005e-08
140     -4.00000000e-01   -1.00000000e+00   -1.81857906e-08    0.00000000e+00    1.81857906e-08
141     -4.10000000e-01   -1.00000000e+00   -2.57175457e-08    0.00000000e+00    2.57175457e-08
142     -4.20000000e-01   -1.00000000e+00   -3.63661000e-08    0.00000000e+00    3.63661000e-08
143     -4.30000000e-01   -1.00000000e+00   -5.14186750e-08    0.00000000e+00    5.14186750e-08
144     -4.40000000e-01   -1.00000000e+00   -7.26915388e-08    0.00000000e+00    7.26915388e-08
145     -4.50000000e-01   -1.00000000e+00   -1.02744910e-07    0.00000000e+00    1.02744910e-07
146     -4.60000000e-01   -1.00000000e+00   -1.45182677e-07    0.00000000e+00    1.45182677e-07
147     -4.70000000e-01   -1.00000000e+00   -2.05068000e-07    0.00000000e+00    2.05068000e-07
148     -4.80000000e-01   -1.00000000e+00   -2.89494960e-07    0.00000000e+00    2.89494960e-07
149     -4.90000000e-01   -1.00000000e+00   -4.08365934e-07    0.00000000e+00    4.08365934e-07
150     -5.00000000e-01   -1.00000000e+00   -5.75432022e-07    0.00000000e+00    5.75432022e-07
151     -5.10000000e-01   -1.00000000e+00   -8.09654860e-07    0.00000000e+00    8.09654860e-07
152     -5.20000000e-01   -1.00000000e+00   -1.13693463e-06    0.00000000e+00    1.13693463e-06
153     -5.30000000e-01   -1.00000000e+00   -1.59221022e-06    0.00000000e+00    1.59221022e-06
154     -5.40000000e-01   -1.00000000e+00   -2.22186290e-06    0.00000000e+00    2.22186290e-06
155     -5.50000000e-01   -1.00000000e+00   -3.08624459e-06    0.00000000e+00    3.08624459e-06
156     -5.60000000e-01   -1.00000000e+00   -4.26202764e-06    0.00000000e+00    4.26202764e-06
157     -5.70000000e-01   -1.00000000e+00   -5.84398785e-06    0.00000000e+00    5.84398785e-06
158     -5.80000000e-01   -1.00000000e+00   -7.94584882e-06    0.00000000e+00    7.94584882e-06
159     -5.90000000e-01   -1.00000000e+00   -1.06999646e-05    0.00000000e+00    1.06999646e-05
160     -6.00000000e-01   -1.00000000e+00   -1.42558555e-05    0.00000000e+00    1.42558555e-05
161     -6.10000000e-01   -1.00000000e+00   -1.87778374e-05    0.00000000e+00    1.87778374e-05
162     -6.20000000e-01   -1.00000000e+00   -2.44420941e-05    0.00000000e+00    2.44420941e-05
163     -6.30000000e-01   -1.00000000e+00   -3.14335167e-05    0.00000000e+00    3.14335167e-05
164     -6.40000000e-01   -1.00000000e+00   -3.99425330e-05    0.00000000e+00    3.99425330e-05
165     -6.50000000e-01   -1.00000000e+00   -5.01620579e-05    0.00000000e+00    5.01620579e-05
166     -6.60000000e-01   -1.00000000e+00   -6.22846391e-05    0.00000000e+00    6.22846391e-05
167     -6.70000000e-01   -1.00000000e+00   -7.64998476e-05    0.00000000e+00    7.64998476e-05
168     -6.80000000e-01   -1.00000000e+00   -9.29919422e-05    0.00000000e+00    9.29919422e-05
169     -6.90000000e-01   -1.00000000e+00   -1.11937811e-04    0.00000000e+00    1.11937811e-04
170     -7.00000000e-01   -1.00000000e+00   -1.33505141e-04    0.00000000e+00    1.33505141e-04
171     -7.10000000e-01   -1.00000000e+00   -1.57850731e-04    0.00000000e+00    1.57850731e-04
172     -7.20000000e-01   -1.00000000e+00   -1.85118840e-04    0.00000000e+00    1.85118840e-04
173     -7.30000000e-01   -1.00000000e+00   -2.15439472e-04    0.00000000e+00    2.15439472e-04
174     -7.40000000e-01   -1.00000000e+00   -2.48926542e-04    0.00000000e+00    2.48926542e-04
175     -7.50000000e-01   -1.00000000e+00   -2.85675887e-04    0.00000000e+00    2.85675887e-04
176     -7.60000000e-01   -1.00000000e+00   -3.25763219e-04    0.00000000e+00    3.25763219e-04
177     -7.70000000e-01   -1.00000000e+00   -3.69242349e-04    0.00000000e+00    3.69242349e-04
178     -7.80000000e-01   -1.00000000e+00   -4.16144149e-04    0.00000000e+00    4.16144149e-04
179     -7.90000000e-01   -1.00000000e+00   -4.66476598e-04    0.00000000e+00    4.66476598e-04
180     -8.00000000e-01   -1.00000000e+00   -5.20225900e-04    0.00000000e+00    5.20225900e-04
181     -8.10000000e-01   -1.00000000e+00   -5.77358374e-04    0.00000000e+00    5.77358374e-04
182     -8.20000000e-01   -1.00000000e+00   -6.37822661e-04    0.00000000e+00    6.37822661e-04
183     -8.30000000e-01   -1.00000000e+00   -7.01551973e-04    0.00000000e+00    7.01551973e-04
184     -8.40000000e-01   -1.00000000e+00   -7.68466197e-04    0.00000000e+00    7.68466197e-04
185     -8.50000000e-01   -1.00000000e+00   -8.38473838e-04    0.00000000e+00    8.38473838e-04
186     -8.60000000e-01   -1.00000000e+00   -9.11473827e-04    0.00000000e+00    9.11473827e-04
187     -8.70000000e-01   -1.00000000e+00   -9.87357218e-04    0.00000000e+00    9.87357218e-04
188     -8.80000000e-01   -1.00000000e+00   -1.06600881e-03    0.00000000e+00    1.06600881e-03
189     -8.90000000e-01   -1.00000000e+00   -1.14730871e-03    0.00000000e+00    1.14730871e-03
190     -9.00000000e-01   -1.00000000e+00   -1.23113377e-03    0.00000000e+00    1.23113377e-03
191     -9.10000000e-01   -1.00000000e+00   -1.31735899e-03    0.00000000e+00    1.31735899e-03
192     -9.20000000e-01   -1.00000000e+00   -1.40585875e-03    0.00000000e+00    1.40585875e-03
193     -9.30000000e-01   -1.00000000e+00   -1.49650798e-03    0.00000000e+00    1.49650798e-03
194     -9.40000000e-01   -1.00000000e+00   -1.58918315e-03    0.00000000e+00    1.58918315e-03
195     -9.50000000e-01   -1.00000000e+00   -1.68376314e-03    0.00000000e+00    1.68376314e-03
196     -9.60000000e-01   -1.00000000e+00   -1.78012999e-03    0.00000000e+00    1.78012999e-03
197     -9.70000000e-01   -1.00000000e+00   -1.87816948e-03    0.00000000e+00    1.87816948e-03
198     -9.80000000e-01   -1.00000000e+00   -1.97777161e-03    0.00000000e+00    1.97777161e-03
199     -9.90000000e-01   -1.00000000e+00   -2.07883097e-03    0.00000000e+00    2.07883097e-03
200     -1.00000000e+00   -1.00000000e+00   -2.18124699e-03    0.00000000e+00    2.18124699e-03
201     -1.01000000e+00   -1.00000000e+00   -2.28492407e-03    0.00000000e+00    2.28492407e-03
202     -1.02000000e+00   -1.00000000e+00   -2.38977166e-03    0.00000000e+00    2.38977166e-03
203     -1.03000000e+00   -1.00000000e+00   -2.49570430e-03    0.00000000e+00    2.49570430e-03
204     -1.04000000e+00   -1.00000000e+00   -2.60264150e-03    0.00000000e+00    2.60264150e-03
205     -1.05000000e+00   -1.00000000e+00   -2.71050767e-03    0.00000000e+00    2.71050767e-03
206     -1.06000000e+00   -1.00000000e+00   -2.81923197e-03    0.00000000e+00    2.81923197e-03
207     -1.07000000e+00   -1.00000000e+00   -2.92874811e-03    0.00000000e+00    2.92874811e-03
208     -1.08000000e+00   -1.00000000e+00   -3.03899420e-03    0.00000000e+00    3.03899420e-03
209     -1.09000000e+00   -1.00000000e+00   -3.14991250e-03    0.00000000e+00    3.14991250e-03
210     -1.10000000e+00   -1.00000000e+00   -3.26144920e-03    0.00000000e+00    3.26144920e-03
211     -1.11000000e+00   -1.00000000e+00   -3.37355421e-03    0.00000000e+00    3.37355421e-03
212     -1.12000000e+00   -1.00000000e+00   -3.48618093e-03    0.00000000e+00    3.48618093e-03
213     -1.13000000e+00   -1.00000000e+00   -3.59928603e-03    0.00000000e+00    3.59928603e-03
214     -1.14000000e+00   -1.00000000e+00   -3.71282920e-03    0.00000000e+00    3.71282920e-03
215     -1.15000000e+00   -1.00000000e+00   -3.82677299e-03    0.00000000e+00    3.82677299e-03
216     -1.16000000e+00   -1.00000000e+00   -3.94108258e-03    0.00000000e+00    3.94108258e-03
217     -1.17000000e+00   -1.00000000e+00   -4.05572559e-03    0.00000000e+00    4.05572559e-03
218     -1.18000000e+00   -1.00000000e+00   -4.17067189e-03    0.00000000e+00    4.17067189e-03
219     -1.19000000e+00   -1.00000000e+00   -4.28589344e-03    0.00000000e+00    4.28589344e-03
220     -1.20000000e+00   -1.00000000e+00   -4.40136413e-03    0.00000000e+00    4.40136413e-03
End of Xyce(TM) Parameter Sweep
