Index     V(DRAIN)           V(GATE)          I(VDRAIN)    
0        0.00000000e+00    1.00000000e+00    0.00000000e+00
1        1.00000000e-03    1.00000000e+00   -1.00190077e-05
2        2.00000000e-03    1.00000000e+00   -2.00381921e-05
3        3.00000000e-03    1.00000000e+00   -3.00573733e-05
4        4.00000000e-03    1.00000000e+00   -4.00764251e-05
5        5.00000000e-03    1.00000000e+00   -5.00952460e-05
6        6.00000000e-03    1.00000000e+00   -6.01137495e-05
7        7.00000000e-03    1.00000000e+00   -7.01318597e-05
8        8.00000000e-03    1.00000000e+00   -8.01495084e-05
9        9.00000000e-03    1.00000000e+00   -9.01666336e-05
10       1.00000000e-02    1.00000000e+00   -1.00183178e-04
11       1.10000000e-02    1.00000000e+00   -1.10199089e-04
12       1.20000000e-02    1.00000000e+00   -1.20214317e-04
13       1.30000000e-02    1.00000000e+00   -1.30228815e-04
14       1.40000000e-02    1.00000000e+00   -1.40242539e-04
15       1.50000000e-02    1.00000000e+00   -1.50255447e-04
16       1.60000000e-02    1.00000000e+00   -1.60267500e-04
17       1.70000000e-02    1.00000000e+00   -1.70278659e-04
18       1.80000000e-02    1.00000000e+00   -1.80288888e-04
19       1.90000000e-02    1.00000000e+00   -1.90298151e-04
20       2.00000000e-02    1.00000000e+00   -2.00306415e-04
21       2.10000000e-02    1.00000000e+00   -2.10313648e-04
22       2.20000000e-02    1.00000000e+00   -2.20319818e-04
23       2.30000000e-02    1.00000000e+00   -2.30324894e-04
24       2.40000000e-02    1.00000000e+00   -2.40328847e-04
25       2.50000000e-02    1.00000000e+00   -2.50331648e-04
26       2.60000000e-02    1.00000000e+00   -2.60333268e-04
27       2.70000000e-02    1.00000000e+00   -2.70333681e-04
28       2.80000000e-02    1.00000000e+00   -2.80332861e-04
29       2.90000000e-02    1.00000000e+00   -2.90330780e-04
30       3.00000000e-02    1.00000000e+00   -3.00327414e-04
31       3.10000000e-02    1.00000000e+00   -3.10322737e-04
32       3.20000000e-02    1.00000000e+00   -3.20316725e-04
33       3.30000000e-02    1.00000000e+00   -3.30309355e-04
34       3.40000000e-02    1.00000000e+00   -3.40300602e-04
35       3.50000000e-02    1.00000000e+00   -3.50290443e-04
36       3.60000000e-02    1.00000000e+00   -3.60278856e-04
37       3.70000000e-02    1.00000000e+00   -3.70265818e-04
38       3.80000000e-02    1.00000000e+00   -3.80251307e-04
39       3.90000000e-02    1.00000000e+00   -3.90235300e-04
40       4.00000000e-02    1.00000000e+00   -4.00217778e-04
41       4.10000000e-02    1.00000000e+00   -4.10198717e-04
42       4.20000000e-02    1.00000000e+00   -4.20178097e-04
43       4.30000000e-02    1.00000000e+00   -4.30155898e-04
44       4.40000000e-02    1.00000000e+00   -4.40132098e-04
45       4.50000000e-02    1.00000000e+00   -4.50106676e-04
46       4.60000000e-02    1.00000000e+00   -4.60079613e-04
47       4.70000000e-02    1.00000000e+00   -4.70050889e-04
48       4.80000000e-02    1.00000000e+00   -4.80020482e-04
49       4.90000000e-02    1.00000000e+00   -4.89988374e-04
50       5.00000000e-02    1.00000000e+00   -4.99954545e-04
51       5.10000000e-02    1.00000000e+00   -5.09918974e-04
52       5.20000000e-02    1.00000000e+00   -5.19881642e-04
53       5.30000000e-02    1.00000000e+00   -5.29842530e-04
54       5.40000000e-02    1.00000000e+00   -5.39801618e-04
55       5.50000000e-02    1.00000000e+00   -5.49758886e-04
56       5.60000000e-02    1.00000000e+00   -5.59714316e-04
57       5.70000000e-02    1.00000000e+00   -5.69667888e-04
58       5.80000000e-02    1.00000000e+00   -5.79619582e-04
59       5.90000000e-02    1.00000000e+00   -5.89569379e-04
60       6.00000000e-02    1.00000000e+00   -5.99517260e-04
61       6.10000000e-02    1.00000000e+00   -6.09463206e-04
62       6.20000000e-02    1.00000000e+00   -6.19407198e-04
63       6.30000000e-02    1.00000000e+00   -6.29349215e-04
64       6.40000000e-02    1.00000000e+00   -6.39289239e-04
65       6.50000000e-02    1.00000000e+00   -6.49227250e-04
66       6.60000000e-02    1.00000000e+00   -6.59163229e-04
67       6.70000000e-02    1.00000000e+00   -6.69097157e-04
68       6.80000000e-02    1.00000000e+00   -6.79029013e-04
69       6.90000000e-02    1.00000000e+00   -6.88958780e-04
70       7.00000000e-02    1.00000000e+00   -6.98886435e-04
71       7.10000000e-02    1.00000000e+00   -7.08811962e-04
72       7.20000000e-02    1.00000000e+00   -7.18735338e-04
73       7.30000000e-02    1.00000000e+00   -7.28656545e-04
74       7.40000000e-02    1.00000000e+00   -7.38575563e-04
75       7.50000000e-02    1.00000000e+00   -7.48492371e-04
76       7.60000000e-02    1.00000000e+00   -7.58406950e-04
77       7.70000000e-02    1.00000000e+00   -7.68319280e-04
78       7.80000000e-02    1.00000000e+00   -7.78229339e-04
79       7.90000000e-02    1.00000000e+00   -7.88137109e-04
80       8.00000000e-02    1.00000000e+00   -7.98042567e-04
81       8.10000000e-02    1.00000000e+00   -8.07945694e-04
82       8.20000000e-02    1.00000000e+00   -8.17846468e-04
83       8.30000000e-02    1.00000000e+00   -8.27744870e-04
84       8.40000000e-02    1.00000000e+00   -8.37640877e-04
85       8.50000000e-02    1.00000000e+00   -8.47534469e-04
86       8.60000000e-02    1.00000000e+00   -8.57425624e-04
87       8.70000000e-02    1.00000000e+00   -8.67314322e-04
88       8.80000000e-02    1.00000000e+00   -8.77200539e-04
89       8.90000000e-02    1.00000000e+00   -8.87084255e-04
90       9.00000000e-02    1.00000000e+00   -8.96965447e-04
91       9.10000000e-02    1.00000000e+00   -9.06844095e-04
92       9.20000000e-02    1.00000000e+00   -9.16720174e-04
93       9.30000000e-02    1.00000000e+00   -9.26593663e-04
94       9.40000000e-02    1.00000000e+00   -9.36464539e-04
95       9.50000000e-02    1.00000000e+00   -9.46332780e-04
96       9.60000000e-02    1.00000000e+00   -9.56198362e-04
97       9.70000000e-02    1.00000000e+00   -9.66061263e-04
98       9.80000000e-02    1.00000000e+00   -9.75921459e-04
99       9.90000000e-02    1.00000000e+00   -9.85778927e-04
100      1.00000000e-01    1.00000000e+00   -9.95633642e-04
101      1.01000000e-01    1.00000000e+00   -1.00548558e-03
102      1.02000000e-01    1.00000000e+00   -1.01533472e-03
103      1.03000000e-01    1.00000000e+00   -1.02518104e-03
104      1.04000000e-01    1.00000000e+00   -1.03502450e-03
105      1.05000000e-01    1.00000000e+00   -1.04486509e-03
106      1.06000000e-01    1.00000000e+00   -1.05470279e-03
107      1.07000000e-01    1.00000000e+00   -1.06453756e-03
108      1.08000000e-01    1.00000000e+00   -1.07436938e-03
109      1.09000000e-01    1.00000000e+00   -1.08419823e-03
110      1.10000000e-01    1.00000000e+00   -1.09402407e-03
111      1.11000000e-01    1.00000000e+00   -1.10384689e-03
112      1.12000000e-01    1.00000000e+00   -1.11366666e-03
113      1.13000000e-01    1.00000000e+00   -1.12348335e-03
114      1.14000000e-01    1.00000000e+00   -1.13329693e-03
115      1.15000000e-01    1.00000000e+00   -1.14310738e-03
116      1.16000000e-01    1.00000000e+00   -1.15291467e-03
117      1.17000000e-01    1.00000000e+00   -1.16271877e-03
118      1.18000000e-01    1.00000000e+00   -1.17251966e-03
119      1.19000000e-01    1.00000000e+00   -1.18231730e-03
120      1.20000000e-01    1.00000000e+00   -1.19211168e-03
121      1.21000000e-01    1.00000000e+00   -1.20190275e-03
122      1.22000000e-01    1.00000000e+00   -1.21169050e-03
123      1.23000000e-01    1.00000000e+00   -1.22147488e-03
124      1.24000000e-01    1.00000000e+00   -1.23125589e-03
125      1.25000000e-01    1.00000000e+00   -1.24103347e-03
126      1.26000000e-01    1.00000000e+00   -1.25080761e-03
127      1.27000000e-01    1.00000000e+00   -1.26057828e-03
128      1.28000000e-01    1.00000000e+00   -1.27034544e-03
129      1.29000000e-01    1.00000000e+00   -1.28010906e-03
130      1.30000000e-01    1.00000000e+00   -1.28986911e-03
131      1.31000000e-01    1.00000000e+00   -1.29962557e-03
132      1.32000000e-01    1.00000000e+00   -1.30937840e-03
133      1.33000000e-01    1.00000000e+00   -1.31912757e-03
134      1.34000000e-01    1.00000000e+00   -1.32887304e-03
135      1.35000000e-01    1.00000000e+00   -1.33861479e-03
136      1.36000000e-01    1.00000000e+00   -1.34835278e-03
137      1.37000000e-01    1.00000000e+00   -1.35808698e-03
138      1.38000000e-01    1.00000000e+00   -1.36781736e-03
139      1.39000000e-01    1.00000000e+00   -1.37754388e-03
140      1.40000000e-01    1.00000000e+00   -1.38726651e-03
141      1.41000000e-01    1.00000000e+00   -1.39698521e-03
142      1.42000000e-01    1.00000000e+00   -1.40669996e-03
143      1.43000000e-01    1.00000000e+00   -1.41641071e-03
144      1.44000000e-01    1.00000000e+00   -1.42611744e-03
145      1.45000000e-01    1.00000000e+00   -1.43582010e-03
146      1.46000000e-01    1.00000000e+00   -1.44551867e-03
147      1.47000000e-01    1.00000000e+00   -1.45521310e-03
148      1.48000000e-01    1.00000000e+00   -1.46490336e-03
149      1.49000000e-01    1.00000000e+00   -1.47458941e-03
150      1.50000000e-01    1.00000000e+00   -1.48427122e-03
151      1.51000000e-01    1.00000000e+00   -1.49394875e-03
152      1.52000000e-01    1.00000000e+00   -1.50362196e-03
153      1.53000000e-01    1.00000000e+00   -1.51329082e-03
154      1.54000000e-01    1.00000000e+00   -1.52295528e-03
155      1.55000000e-01    1.00000000e+00   -1.53261531e-03
156      1.56000000e-01    1.00000000e+00   -1.54227087e-03
157      1.57000000e-01    1.00000000e+00   -1.55192193e-03
158      1.58000000e-01    1.00000000e+00   -1.56156843e-03
159      1.59000000e-01    1.00000000e+00   -1.57121035e-03
160      1.60000000e-01    1.00000000e+00   -1.58084763e-03
161      1.61000000e-01    1.00000000e+00   -1.59048025e-03
162      1.62000000e-01    1.00000000e+00   -1.60010816e-03
163      1.63000000e-01    1.00000000e+00   -1.60973133e-03
164      1.64000000e-01    1.00000000e+00   -1.61934969e-03
165      1.65000000e-01    1.00000000e+00   -1.62896323e-03
166      1.66000000e-01    1.00000000e+00   -1.63857189e-03
167      1.67000000e-01    1.00000000e+00   -1.64817564e-03
168      1.68000000e-01    1.00000000e+00   -1.65777443e-03
169      1.69000000e-01    1.00000000e+00   -1.66736821e-03
170      1.70000000e-01    1.00000000e+00   -1.67695694e-03
171      1.71000000e-01    1.00000000e+00   -1.68654059e-03
172      1.72000000e-01    1.00000000e+00   -1.69611910e-03
173      1.73000000e-01    1.00000000e+00   -1.70569244e-03
174      1.74000000e-01    1.00000000e+00   -1.71526055e-03
175      1.75000000e-01    1.00000000e+00   -1.72482339e-03
176      1.76000000e-01    1.00000000e+00   -1.73438092e-03
177      1.77000000e-01    1.00000000e+00   -1.74393309e-03
178      1.78000000e-01    1.00000000e+00   -1.75347985e-03
179      1.79000000e-01    1.00000000e+00   -1.76302116e-03
180      1.80000000e-01    1.00000000e+00   -1.77255697e-03
181      1.81000000e-01    1.00000000e+00   -1.78208724e-03
182      1.82000000e-01    1.00000000e+00   -1.79161190e-03
183      1.83000000e-01    1.00000000e+00   -1.80113093e-03
184      1.84000000e-01    1.00000000e+00   -1.81064426e-03
185      1.85000000e-01    1.00000000e+00   -1.82015185e-03
186      1.86000000e-01    1.00000000e+00   -1.82965365e-03
187      1.87000000e-01    1.00000000e+00   -1.83914962e-03
188      1.88000000e-01    1.00000000e+00   -1.84863969e-03
189      1.89000000e-01    1.00000000e+00   -1.85812382e-03
190      1.90000000e-01    1.00000000e+00   -1.86760196e-03
191      1.91000000e-01    1.00000000e+00   -1.87707406e-03
192      1.92000000e-01    1.00000000e+00   -1.88654007e-03
193      1.93000000e-01    1.00000000e+00   -1.89599993e-03
194      1.94000000e-01    1.00000000e+00   -1.90545359e-03
195      1.95000000e-01    1.00000000e+00   -1.91490100e-03
196      1.96000000e-01    1.00000000e+00   -1.92434211e-03
197      1.97000000e-01    1.00000000e+00   -1.93377686e-03
198      1.98000000e-01    1.00000000e+00   -1.94320519e-03
199      1.99000000e-01    1.00000000e+00   -1.95262706e-03
200      2.00000000e-01    1.00000000e+00   -1.96204241e-03
201      2.01000000e-01    1.00000000e+00   -1.97145118e-03
202      2.02000000e-01    1.00000000e+00   -1.98085332e-03
203      2.03000000e-01    1.00000000e+00   -1.99024877e-03
204      2.04000000e-01    1.00000000e+00   -1.99963748e-03
205      2.05000000e-01    1.00000000e+00   -2.00901938e-03
206      2.06000000e-01    1.00000000e+00   -2.01839443e-03
207      2.07000000e-01    1.00000000e+00   -2.02776256e-03
208      2.08000000e-01    1.00000000e+00   -2.03712371e-03
209      2.09000000e-01    1.00000000e+00   -2.04647783e-03
210      2.10000000e-01    1.00000000e+00   -2.05582486e-03
211      2.11000000e-01    1.00000000e+00   -2.06516473e-03
212      2.12000000e-01    1.00000000e+00   -2.07449739e-03
213      2.13000000e-01    1.00000000e+00   -2.08382278e-03
214      2.14000000e-01    1.00000000e+00   -2.09314084e-03
215      2.15000000e-01    1.00000000e+00   -2.10245150e-03
216      2.16000000e-01    1.00000000e+00   -2.11175471e-03
217      2.17000000e-01    1.00000000e+00   -2.12105040e-03
218      2.18000000e-01    1.00000000e+00   -2.13033851e-03
219      2.19000000e-01    1.00000000e+00   -2.13961897e-03
220      2.20000000e-01    1.00000000e+00   -2.14889173e-03
221      2.21000000e-01    1.00000000e+00   -2.15815672e-03
222      2.22000000e-01    1.00000000e+00   -2.16741387e-03
223      2.23000000e-01    1.00000000e+00   -2.17666313e-03
224      2.24000000e-01    1.00000000e+00   -2.18590442e-03
225      2.25000000e-01    1.00000000e+00   -2.19513768e-03
226      2.26000000e-01    1.00000000e+00   -2.20436284e-03
227      2.27000000e-01    1.00000000e+00   -2.21357984e-03
228      2.28000000e-01    1.00000000e+00   -2.22278861e-03
229      2.29000000e-01    1.00000000e+00   -2.23198909e-03
230      2.30000000e-01    1.00000000e+00   -2.24118120e-03
231      2.31000000e-01    1.00000000e+00   -2.25036487e-03
232      2.32000000e-01    1.00000000e+00   -2.25954005e-03
233      2.33000000e-01    1.00000000e+00   -2.26870665e-03
234      2.34000000e-01    1.00000000e+00   -2.27786462e-03
235      2.35000000e-01    1.00000000e+00   -2.28701387e-03
236      2.36000000e-01    1.00000000e+00   -2.29615434e-03
237      2.37000000e-01    1.00000000e+00   -2.30528596e-03
238      2.38000000e-01    1.00000000e+00   -2.31440866e-03
239      2.39000000e-01    1.00000000e+00   -2.32352236e-03
240      2.40000000e-01    1.00000000e+00   -2.33262699e-03
241      2.41000000e-01    1.00000000e+00   -2.34172249e-03
242      2.42000000e-01    1.00000000e+00   -2.35080877e-03
243      2.43000000e-01    1.00000000e+00   -2.35988576e-03
244      2.44000000e-01    1.00000000e+00   -2.36895339e-03
245      2.45000000e-01    1.00000000e+00   -2.37801158e-03
246      2.46000000e-01    1.00000000e+00   -2.38706027e-03
247      2.47000000e-01    1.00000000e+00   -2.39609936e-03
248      2.48000000e-01    1.00000000e+00   -2.40512879e-03
249      2.49000000e-01    1.00000000e+00   -2.41414849e-03
250      2.50000000e-01    1.00000000e+00   -2.42315836e-03
251      2.51000000e-01    1.00000000e+00   -2.43215835e-03
252      2.52000000e-01    1.00000000e+00   -2.44114836e-03
253      2.53000000e-01    1.00000000e+00   -2.45012832e-03
254      2.54000000e-01    1.00000000e+00   -2.45909815e-03
255      2.55000000e-01    1.00000000e+00   -2.46805778e-03
256      2.56000000e-01    1.00000000e+00   -2.47700712e-03
257      2.57000000e-01    1.00000000e+00   -2.48594609e-03
258      2.58000000e-01    1.00000000e+00   -2.49487461e-03
259      2.59000000e-01    1.00000000e+00   -2.50379260e-03
260      2.60000000e-01    1.00000000e+00   -2.51269998e-03
261      2.61000000e-01    1.00000000e+00   -2.52159667e-03
262      2.62000000e-01    1.00000000e+00   -2.53048259e-03
263      2.63000000e-01    1.00000000e+00   -2.53935764e-03
264      2.64000000e-01    1.00000000e+00   -2.54822176e-03
265      2.65000000e-01    1.00000000e+00   -2.55707485e-03
266      2.66000000e-01    1.00000000e+00   -2.56591683e-03
267      2.67000000e-01    1.00000000e+00   -2.57474762e-03
268      2.68000000e-01    1.00000000e+00   -2.58356713e-03
269      2.69000000e-01    1.00000000e+00   -2.59237528e-03
270      2.70000000e-01    1.00000000e+00   -2.60117198e-03
271      2.71000000e-01    1.00000000e+00   -2.60995714e-03
272      2.72000000e-01    1.00000000e+00   -2.61873068e-03
273      2.73000000e-01    1.00000000e+00   -2.62749251e-03
274      2.74000000e-01    1.00000000e+00   -2.63624255e-03
275      2.75000000e-01    1.00000000e+00   -2.64498070e-03
276      2.76000000e-01    1.00000000e+00   -2.65370687e-03
277      2.77000000e-01    1.00000000e+00   -2.66242098e-03
278      2.78000000e-01    1.00000000e+00   -2.67112295e-03
279      2.79000000e-01    1.00000000e+00   -2.67981267e-03
280      2.80000000e-01    1.00000000e+00   -2.68849006e-03
281      2.81000000e-01    1.00000000e+00   -2.69715503e-03
282      2.82000000e-01    1.00000000e+00   -2.70580748e-03
283      2.83000000e-01    1.00000000e+00   -2.71444734e-03
284      2.84000000e-01    1.00000000e+00   -2.72307450e-03
285      2.85000000e-01    1.00000000e+00   -2.73168887e-03
286      2.86000000e-01    1.00000000e+00   -2.74029037e-03
287      2.87000000e-01    1.00000000e+00   -2.74887889e-03
288      2.88000000e-01    1.00000000e+00   -2.75745435e-03
289      2.89000000e-01    1.00000000e+00   -2.76601665e-03
290      2.90000000e-01    1.00000000e+00   -2.77456571e-03
291      2.91000000e-01    1.00000000e+00   -2.78310141e-03
292      2.92000000e-01    1.00000000e+00   -2.79162368e-03
293      2.93000000e-01    1.00000000e+00   -2.80013241e-03
294      2.94000000e-01    1.00000000e+00   -2.80862751e-03
295      2.95000000e-01    1.00000000e+00   -2.81710889e-03
296      2.96000000e-01    1.00000000e+00   -2.82557645e-03
297      2.97000000e-01    1.00000000e+00   -2.83403010e-03
298      2.98000000e-01    1.00000000e+00   -2.84246973e-03
299      2.99000000e-01    1.00000000e+00   -2.85089525e-03
300      3.00000000e-01    1.00000000e+00   -2.85930657e-03
301      3.01000000e-01    1.00000000e+00   -2.86770358e-03
302      3.02000000e-01    1.00000000e+00   -2.87608620e-03
303      3.03000000e-01    1.00000000e+00   -2.88445432e-03
304      3.04000000e-01    1.00000000e+00   -2.89280784e-03
305      3.05000000e-01    1.00000000e+00   -2.90114667e-03
306      3.06000000e-01    1.00000000e+00   -2.90947071e-03
307      3.07000000e-01    1.00000000e+00   -2.91777986e-03
308      3.08000000e-01    1.00000000e+00   -2.92607402e-03
309      3.09000000e-01    1.00000000e+00   -2.93435310e-03
310      3.10000000e-01    1.00000000e+00   -2.94261699e-03
311      3.11000000e-01    1.00000000e+00   -2.95086559e-03
312      3.12000000e-01    1.00000000e+00   -2.95909881e-03
313      3.13000000e-01    1.00000000e+00   -2.96731654e-03
314      3.14000000e-01    1.00000000e+00   -2.97551869e-03
315      3.15000000e-01    1.00000000e+00   -2.98370516e-03
316      3.16000000e-01    1.00000000e+00   -2.99187584e-03
317      3.17000000e-01    1.00000000e+00   -3.00003064e-03
318      3.18000000e-01    1.00000000e+00   -3.00816945e-03
319      3.19000000e-01    1.00000000e+00   -3.01629218e-03
320      3.20000000e-01    1.00000000e+00   -3.02439872e-03
321      3.21000000e-01    1.00000000e+00   -3.03248898e-03
322      3.22000000e-01    1.00000000e+00   -3.04056286e-03
323      3.23000000e-01    1.00000000e+00   -3.04862025e-03
324      3.24000000e-01    1.00000000e+00   -3.05666105e-03
325      3.25000000e-01    1.00000000e+00   -3.06468516e-03
326      3.26000000e-01    1.00000000e+00   -3.07269249e-03
327      3.27000000e-01    1.00000000e+00   -3.08068293e-03
328      3.28000000e-01    1.00000000e+00   -3.08865638e-03
329      3.29000000e-01    1.00000000e+00   -3.09661275e-03
330      3.30000000e-01    1.00000000e+00   -3.10455192e-03
331      3.31000000e-01    1.00000000e+00   -3.11247381e-03
332      3.32000000e-01    1.00000000e+00   -3.12037830e-03
333      3.33000000e-01    1.00000000e+00   -3.12826531e-03
334      3.34000000e-01    1.00000000e+00   -3.13613472e-03
335      3.35000000e-01    1.00000000e+00   -3.14398645e-03
336      3.36000000e-01    1.00000000e+00   -3.15182039e-03
337      3.37000000e-01    1.00000000e+00   -3.15963644e-03
338      3.38000000e-01    1.00000000e+00   -3.16743450e-03
339      3.39000000e-01    1.00000000e+00   -3.17521448e-03
340      3.40000000e-01    1.00000000e+00   -3.18297627e-03
341      3.41000000e-01    1.00000000e+00   -3.19071977e-03
342      3.42000000e-01    1.00000000e+00   -3.19844489e-03
343      3.43000000e-01    1.00000000e+00   -3.20615154e-03
344      3.44000000e-01    1.00000000e+00   -3.21383960e-03
345      3.45000000e-01    1.00000000e+00   -3.22150899e-03
346      3.46000000e-01    1.00000000e+00   -3.22915960e-03
347      3.47000000e-01    1.00000000e+00   -3.23679134e-03
348      3.48000000e-01    1.00000000e+00   -3.24440412e-03
349      3.49000000e-01    1.00000000e+00   -3.25199783e-03
350      3.50000000e-01    1.00000000e+00   -3.25957238e-03
351      3.51000000e-01    1.00000000e+00   -3.26712769e-03
352      3.52000000e-01    1.00000000e+00   -3.27466364e-03
353      3.53000000e-01    1.00000000e+00   -3.28218014e-03
354      3.54000000e-01    1.00000000e+00   -3.28967711e-03
355      3.55000000e-01    1.00000000e+00   -3.29715445e-03
356      3.56000000e-01    1.00000000e+00   -3.30461207e-03
357      3.57000000e-01    1.00000000e+00   -3.31204987e-03
358      3.58000000e-01    1.00000000e+00   -3.31946775e-03
359      3.59000000e-01    1.00000000e+00   -3.32686564e-03
360      3.60000000e-01    1.00000000e+00   -3.33424344e-03
361      3.61000000e-01    1.00000000e+00   -3.34160106e-03
362      3.62000000e-01    1.00000000e+00   -3.34893841e-03
363      3.63000000e-01    1.00000000e+00   -3.35625539e-03
364      3.64000000e-01    1.00000000e+00   -3.36355193e-03
365      3.65000000e-01    1.00000000e+00   -3.37082793e-03
366      3.66000000e-01    1.00000000e+00   -3.37808331e-03
367      3.67000000e-01    1.00000000e+00   -3.38531798e-03
368      3.68000000e-01    1.00000000e+00   -3.39253186e-03
369      3.69000000e-01    1.00000000e+00   -3.39972485e-03
370      3.70000000e-01    1.00000000e+00   -3.40689688e-03
371      3.71000000e-01    1.00000000e+00   -3.41404787e-03
372      3.72000000e-01    1.00000000e+00   -3.42117772e-03
373      3.73000000e-01    1.00000000e+00   -3.42828636e-03
374      3.74000000e-01    1.00000000e+00   -3.43537371e-03
375      3.75000000e-01    1.00000000e+00   -3.44243969e-03
376      3.76000000e-01    1.00000000e+00   -3.44948422e-03
377      3.77000000e-01    1.00000000e+00   -3.45650722e-03
378      3.78000000e-01    1.00000000e+00   -3.46350861e-03
379      3.79000000e-01    1.00000000e+00   -3.47048831e-03
380      3.80000000e-01    1.00000000e+00   -3.47744626e-03
381      3.81000000e-01    1.00000000e+00   -3.48438237e-03
382      3.82000000e-01    1.00000000e+00   -3.49129658e-03
383      3.83000000e-01    1.00000000e+00   -3.49818880e-03
384      3.84000000e-01    1.00000000e+00   -3.50505898e-03
385      3.85000000e-01    1.00000000e+00   -3.51190703e-03
386      3.86000000e-01    1.00000000e+00   -3.51873289e-03
387      3.87000000e-01    1.00000000e+00   -3.52553649e-03
388      3.88000000e-01    1.00000000e+00   -3.53231777e-03
389      3.89000000e-01    1.00000000e+00   -3.53907665e-03
390      3.90000000e-01    1.00000000e+00   -3.54581307e-03
391      3.91000000e-01    1.00000000e+00   -3.55252697e-03
392      3.92000000e-01    1.00000000e+00   -3.55921828e-03
393      3.93000000e-01    1.00000000e+00   -3.56588694e-03
394      3.94000000e-01    1.00000000e+00   -3.57253289e-03
395      3.95000000e-01    1.00000000e+00   -3.57915608e-03
396      3.96000000e-01    1.00000000e+00   -3.58575644e-03
397      3.97000000e-01    1.00000000e+00   -3.59233391e-03
398      3.98000000e-01    1.00000000e+00   -3.59888845e-03
399      3.99000000e-01    1.00000000e+00   -3.60541999e-03
400      4.00000000e-01    1.00000000e+00   -3.61192848e-03
401      4.01000000e-01    1.00000000e+00   -3.61841387e-03
402      4.02000000e-01    1.00000000e+00   -3.62487611e-03
403      4.03000000e-01    1.00000000e+00   -3.63131515e-03
404      4.04000000e-01    1.00000000e+00   -3.63773094e-03
405      4.05000000e-01    1.00000000e+00   -3.64412343e-03
406      4.06000000e-01    1.00000000e+00   -3.65049257e-03
407      4.07000000e-01    1.00000000e+00   -3.65683833e-03
408      4.08000000e-01    1.00000000e+00   -3.66316066e-03
409      4.09000000e-01    1.00000000e+00   -3.66945952e-03
410      4.10000000e-01    1.00000000e+00   -3.67573486e-03
411      4.11000000e-01    1.00000000e+00   -3.68198665e-03
412      4.12000000e-01    1.00000000e+00   -3.68821484e-03
413      4.13000000e-01    1.00000000e+00   -3.69441941e-03
414      4.14000000e-01    1.00000000e+00   -3.70060032e-03
415      4.15000000e-01    1.00000000e+00   -3.70675753e-03
416      4.16000000e-01    1.00000000e+00   -3.71289100e-03
417      4.17000000e-01    1.00000000e+00   -3.71900072e-03
418      4.18000000e-01    1.00000000e+00   -3.72508665e-03
419      4.19000000e-01    1.00000000e+00   -3.73114875e-03
420      4.20000000e-01    1.00000000e+00   -3.73718701e-03
421      4.21000000e-01    1.00000000e+00   -3.74320140e-03
422      4.22000000e-01    1.00000000e+00   -3.74919189e-03
423      4.23000000e-01    1.00000000e+00   -3.75515846e-03
424      4.24000000e-01    1.00000000e+00   -3.76110109e-03
425      4.25000000e-01    1.00000000e+00   -3.76701976e-03
426      4.26000000e-01    1.00000000e+00   -3.77291444e-03
427      4.27000000e-01    1.00000000e+00   -3.77878513e-03
428      4.28000000e-01    1.00000000e+00   -3.78463181e-03
429      4.29000000e-01    1.00000000e+00   -3.79045445e-03
430      4.30000000e-01    1.00000000e+00   -3.79625306e-03
431      4.31000000e-01    1.00000000e+00   -3.80202761e-03
432      4.32000000e-01    1.00000000e+00   -3.80777810e-03
433      4.33000000e-01    1.00000000e+00   -3.81350452e-03
434      4.34000000e-01    1.00000000e+00   -3.81920685e-03
435      4.35000000e-01    1.00000000e+00   -3.82488510e-03
436      4.36000000e-01    1.00000000e+00   -3.83053926e-03
437      4.37000000e-01    1.00000000e+00   -3.83616932e-03
438      4.38000000e-01    1.00000000e+00   -3.84177528e-03
439      4.39000000e-01    1.00000000e+00   -3.84735715e-03
440      4.40000000e-01    1.00000000e+00   -3.85291491e-03
441      4.41000000e-01    1.00000000e+00   -3.85844859e-03
442      4.42000000e-01    1.00000000e+00   -3.86395817e-03
443      4.43000000e-01    1.00000000e+00   -3.86944366e-03
444      4.44000000e-01    1.00000000e+00   -3.87490508e-03
445      4.45000000e-01    1.00000000e+00   -3.88034241e-03
446      4.46000000e-01    1.00000000e+00   -3.88575569e-03
447      4.47000000e-01    1.00000000e+00   -3.89114491e-03
448      4.48000000e-01    1.00000000e+00   -3.89651008e-03
449      4.49000000e-01    1.00000000e+00   -3.90185123e-03
450      4.50000000e-01    1.00000000e+00   -3.90716835e-03
451      4.51000000e-01    1.00000000e+00   -3.91246148e-03
452      4.52000000e-01    1.00000000e+00   -3.91773062e-03
453      4.53000000e-01    1.00000000e+00   -3.92297579e-03
454      4.54000000e-01    1.00000000e+00   -3.92819702e-03
455      4.55000000e-01    1.00000000e+00   -3.93339432e-03
456      4.56000000e-01    1.00000000e+00   -3.93856771e-03
457      4.57000000e-01    1.00000000e+00   -3.94371722e-03
458      4.58000000e-01    1.00000000e+00   -3.94884288e-03
459      4.59000000e-01    1.00000000e+00   -3.95394470e-03
460      4.60000000e-01    1.00000000e+00   -3.95902271e-03
461      4.61000000e-01    1.00000000e+00   -3.96407695e-03
462      4.62000000e-01    1.00000000e+00   -3.96910743e-03
463      4.63000000e-01    1.00000000e+00   -3.97411420e-03
464      4.64000000e-01    1.00000000e+00   -3.97909728e-03
465      4.65000000e-01    1.00000000e+00   -3.98405671e-03
466      4.66000000e-01    1.00000000e+00   -3.98899251e-03
467      4.67000000e-01    1.00000000e+00   -3.99390473e-03
468      4.68000000e-01    1.00000000e+00   -3.99879340e-03
469      4.69000000e-01    1.00000000e+00   -4.00365856e-03
470      4.70000000e-01    1.00000000e+00   -4.00850024e-03
471      4.71000000e-01    1.00000000e+00   -4.01331849e-03
472      4.72000000e-01    1.00000000e+00   -4.01811335e-03
473      4.73000000e-01    1.00000000e+00   -4.02288485e-03
474      4.74000000e-01    1.00000000e+00   -4.02763305e-03
475      4.75000000e-01    1.00000000e+00   -4.03235798e-03
476      4.76000000e-01    1.00000000e+00   -4.03705968e-03
477      4.77000000e-01    1.00000000e+00   -4.04173822e-03
478      4.78000000e-01    1.00000000e+00   -4.04639362e-03
479      4.79000000e-01    1.00000000e+00   -4.05102595e-03
480      4.80000000e-01    1.00000000e+00   -4.05563524e-03
481      4.81000000e-01    1.00000000e+00   -4.06022155e-03
482      4.82000000e-01    1.00000000e+00   -4.06478493e-03
483      4.83000000e-01    1.00000000e+00   -4.06932544e-03
484      4.84000000e-01    1.00000000e+00   -4.07384311e-03
485      4.85000000e-01    1.00000000e+00   -4.07833802e-03
486      4.86000000e-01    1.00000000e+00   -4.08281020e-03
487      4.87000000e-01    1.00000000e+00   -4.08725973e-03
488      4.88000000e-01    1.00000000e+00   -4.09168665e-03
489      4.89000000e-01    1.00000000e+00   -4.09609102e-03
490      4.90000000e-01    1.00000000e+00   -4.10047290e-03
491      4.91000000e-01    1.00000000e+00   -4.10483235e-03
492      4.92000000e-01    1.00000000e+00   -4.10916942e-03
493      4.93000000e-01    1.00000000e+00   -4.11348419e-03
494      4.94000000e-01    1.00000000e+00   -4.11777671e-03
495      4.95000000e-01    1.00000000e+00   -4.12204704e-03
496      4.96000000e-01    1.00000000e+00   -4.12629524e-03
497      4.97000000e-01    1.00000000e+00   -4.13052139e-03
498      4.98000000e-01    1.00000000e+00   -4.13472554e-03
499      4.99000000e-01    1.00000000e+00   -4.13890776e-03
500      5.00000000e-01    1.00000000e+00   -4.14306811e-03
501      5.01000000e-01    1.00000000e+00   -4.14720667e-03
502      5.02000000e-01    1.00000000e+00   -4.15132350e-03
503      5.03000000e-01    1.00000000e+00   -4.15541867e-03
504      5.04000000e-01    1.00000000e+00   -4.15949224e-03
505      5.05000000e-01    1.00000000e+00   -4.16354429e-03
506      5.06000000e-01    1.00000000e+00   -4.16757489e-03
507      5.07000000e-01    1.00000000e+00   -4.17158410e-03
508      5.08000000e-01    1.00000000e+00   -4.17557200e-03
509      5.09000000e-01    1.00000000e+00   -4.17953867e-03
510      5.10000000e-01    1.00000000e+00   -4.18348416e-03
511      5.11000000e-01    1.00000000e+00   -4.18740857e-03
512      5.12000000e-01    1.00000000e+00   -4.19131195e-03
513      5.13000000e-01    1.00000000e+00   -4.19519440e-03
514      5.14000000e-01    1.00000000e+00   -4.19905597e-03
515      5.15000000e-01    1.00000000e+00   -4.20289674e-03
516      5.16000000e-01    1.00000000e+00   -4.20671680e-03
517      5.17000000e-01    1.00000000e+00   -4.21051622e-03
518      5.18000000e-01    1.00000000e+00   -4.21429507e-03
519      5.19000000e-01    1.00000000e+00   -4.21805343e-03
520      5.20000000e-01    1.00000000e+00   -4.22179138e-03
521      5.21000000e-01    1.00000000e+00   -4.22550900e-03
522      5.22000000e-01    1.00000000e+00   -4.22920637e-03
523      5.23000000e-01    1.00000000e+00   -4.23288357e-03
524      5.24000000e-01    1.00000000e+00   -4.23654067e-03
525      5.25000000e-01    1.00000000e+00   -4.24017776e-03
526      5.26000000e-01    1.00000000e+00   -4.24379491e-03
527      5.27000000e-01    1.00000000e+00   -4.24739222e-03
528      5.28000000e-01    1.00000000e+00   -4.25096975e-03
529      5.29000000e-01    1.00000000e+00   -4.25452759e-03
530      5.30000000e-01    1.00000000e+00   -4.25806583e-03
531      5.31000000e-01    1.00000000e+00   -4.26158454e-03
532      5.32000000e-01    1.00000000e+00   -4.26508380e-03
533      5.33000000e-01    1.00000000e+00   -4.26856371e-03
534      5.34000000e-01    1.00000000e+00   -4.27202434e-03
535      5.35000000e-01    1.00000000e+00   -4.27546578e-03
536      5.36000000e-01    1.00000000e+00   -4.27888811e-03
537      5.37000000e-01    1.00000000e+00   -4.28229141e-03
538      5.38000000e-01    1.00000000e+00   -4.28567577e-03
539      5.39000000e-01    1.00000000e+00   -4.28904128e-03
540      5.40000000e-01    1.00000000e+00   -4.29238801e-03
541      5.41000000e-01    1.00000000e+00   -4.29571606e-03
542      5.42000000e-01    1.00000000e+00   -4.29902550e-03
543      5.43000000e-01    1.00000000e+00   -4.30231643e-03
544      5.44000000e-01    1.00000000e+00   -4.30558893e-03
545      5.45000000e-01    1.00000000e+00   -4.30884308e-03
546      5.46000000e-01    1.00000000e+00   -4.31207897e-03
547      5.47000000e-01    1.00000000e+00   -4.31529669e-03
548      5.48000000e-01    1.00000000e+00   -4.31849632e-03
549      5.49000000e-01    1.00000000e+00   -4.32167796e-03
550      5.50000000e-01    1.00000000e+00   -4.32484167e-03
551      5.51000000e-01    1.00000000e+00   -4.32798756e-03
552      5.52000000e-01    1.00000000e+00   -4.33111571e-03
553      5.53000000e-01    1.00000000e+00   -4.33422621e-03
554      5.54000000e-01    1.00000000e+00   -4.33731914e-03
555      5.55000000e-01    1.00000000e+00   -4.34039458e-03
556      5.56000000e-01    1.00000000e+00   -4.34345264e-03
557      5.57000000e-01    1.00000000e+00   -4.34649338e-03
558      5.58000000e-01    1.00000000e+00   -4.34951691e-03
559      5.59000000e-01    1.00000000e+00   -4.35252331e-03
560      5.60000000e-01    1.00000000e+00   -4.35551266e-03
561      5.61000000e-01    1.00000000e+00   -4.35848505e-03
562      5.62000000e-01    1.00000000e+00   -4.36144057e-03
563      5.63000000e-01    1.00000000e+00   -4.36437931e-03
564      5.64000000e-01    1.00000000e+00   -4.36730135e-03
565      5.65000000e-01    1.00000000e+00   -4.37020678e-03
566      5.66000000e-01    1.00000000e+00   -4.37309569e-03
567      5.67000000e-01    1.00000000e+00   -4.37596816e-03
568      5.68000000e-01    1.00000000e+00   -4.37882429e-03
569      5.69000000e-01    1.00000000e+00   -4.38166416e-03
570      5.70000000e-01    1.00000000e+00   -4.38448785e-03
571      5.71000000e-01    1.00000000e+00   -4.38729545e-03
572      5.72000000e-01    1.00000000e+00   -4.39008706e-03
573      5.73000000e-01    1.00000000e+00   -4.39286275e-03
574      5.74000000e-01    1.00000000e+00   -4.39562261e-03
575      5.75000000e-01    1.00000000e+00   -4.39836673e-03
576      5.76000000e-01    1.00000000e+00   -4.40109520e-03
577      5.77000000e-01    1.00000000e+00   -4.40380810e-03
578      5.78000000e-01    1.00000000e+00   -4.40650552e-03
579      5.79000000e-01    1.00000000e+00   -4.40918754e-03
580      5.80000000e-01    1.00000000e+00   -4.41185425e-03
581      5.81000000e-01    1.00000000e+00   -4.41450574e-03
582      5.82000000e-01    1.00000000e+00   -4.41714210e-03
583      5.83000000e-01    1.00000000e+00   -4.41976340e-03
584      5.84000000e-01    1.00000000e+00   -4.42236973e-03
585      5.85000000e-01    1.00000000e+00   -4.42496118e-03
586      5.86000000e-01    1.00000000e+00   -4.42753783e-03
587      5.87000000e-01    1.00000000e+00   -4.43009977e-03
588      5.88000000e-01    1.00000000e+00   -4.43264708e-03
589      5.89000000e-01    1.00000000e+00   -4.43517985e-03
590      5.90000000e-01    1.00000000e+00   -4.43769817e-03
591      5.91000000e-01    1.00000000e+00   -4.44020210e-03
592      5.92000000e-01    1.00000000e+00   -4.44269175e-03
593      5.93000000e-01    1.00000000e+00   -4.44516719e-03
594      5.94000000e-01    1.00000000e+00   -4.44762850e-03
595      5.95000000e-01    1.00000000e+00   -4.45007578e-03
596      5.96000000e-01    1.00000000e+00   -4.45250910e-03
597      5.97000000e-01    1.00000000e+00   -4.45492854e-03
598      5.98000000e-01    1.00000000e+00   -4.45733419e-03
599      5.99000000e-01    1.00000000e+00   -4.45972613e-03
600      6.00000000e-01    1.00000000e+00   -4.46210444e-03
601      6.01000000e-01    1.00000000e+00   -4.46446921e-03
602      6.02000000e-01    1.00000000e+00   -4.46682051e-03
603      6.03000000e-01    1.00000000e+00   -4.46915843e-03
604      6.04000000e-01    1.00000000e+00   -4.47148305e-03
605      6.05000000e-01    1.00000000e+00   -4.47379444e-03
606      6.06000000e-01    1.00000000e+00   -4.47609270e-03
607      6.07000000e-01    1.00000000e+00   -4.47837789e-03
608      6.08000000e-01    1.00000000e+00   -4.48065011e-03
609      6.09000000e-01    1.00000000e+00   -4.48290942e-03
610      6.10000000e-01    1.00000000e+00   -4.48515591e-03
611      6.11000000e-01    1.00000000e+00   -4.48738966e-03
612      6.12000000e-01    1.00000000e+00   -4.48961074e-03
613      6.13000000e-01    1.00000000e+00   -4.49181924e-03
614      6.14000000e-01    1.00000000e+00   -4.49401523e-03
615      6.15000000e-01    1.00000000e+00   -4.49619879e-03
616      6.16000000e-01    1.00000000e+00   -4.49837000e-03
617      6.17000000e-01    1.00000000e+00   -4.50052894e-03
618      6.18000000e-01    1.00000000e+00   -4.50267567e-03
619      6.19000000e-01    1.00000000e+00   -4.50481029e-03
620      6.20000000e-01    1.00000000e+00   -4.50693286e-03
621      6.21000000e-01    1.00000000e+00   -4.50904347e-03
622      6.22000000e-01    1.00000000e+00   -4.51114218e-03
623      6.23000000e-01    1.00000000e+00   -4.51322907e-03
624      6.24000000e-01    1.00000000e+00   -4.51530422e-03
625      6.25000000e-01    1.00000000e+00   -4.51736771e-03
626      6.26000000e-01    1.00000000e+00   -4.51941959e-03
627      6.27000000e-01    1.00000000e+00   -4.52145996e-03
628      6.28000000e-01    1.00000000e+00   -4.52348889e-03
629      6.29000000e-01    1.00000000e+00   -4.52550644e-03
630      6.30000000e-01    1.00000000e+00   -4.52751269e-03
631      6.31000000e-01    1.00000000e+00   -4.52950772e-03
632      6.32000000e-01    1.00000000e+00   -4.53149159e-03
633      6.33000000e-01    1.00000000e+00   -4.53346438e-03
634      6.34000000e-01    1.00000000e+00   -4.53542616e-03
635      6.35000000e-01    1.00000000e+00   -4.53737700e-03
636      6.36000000e-01    1.00000000e+00   -4.53931697e-03
637      6.37000000e-01    1.00000000e+00   -4.54124614e-03
638      6.38000000e-01    1.00000000e+00   -4.54316458e-03
639      6.39000000e-01    1.00000000e+00   -4.54507237e-03
640      6.40000000e-01    1.00000000e+00   -4.54696957e-03
641      6.41000000e-01    1.00000000e+00   -4.54885625e-03
642      6.42000000e-01    1.00000000e+00   -4.55073248e-03
643      6.43000000e-01    1.00000000e+00   -4.55259833e-03
644      6.44000000e-01    1.00000000e+00   -4.55445386e-03
645      6.45000000e-01    1.00000000e+00   -4.55629915e-03
646      6.46000000e-01    1.00000000e+00   -4.55813426e-03
647      6.47000000e-01    1.00000000e+00   -4.55995926e-03
648      6.48000000e-01    1.00000000e+00   -4.56177421e-03
649      6.49000000e-01    1.00000000e+00   -4.56357919e-03
650      6.50000000e-01    1.00000000e+00   -4.56537425e-03
651      6.51000000e-01    1.00000000e+00   -4.56715947e-03
652      6.52000000e-01    1.00000000e+00   -4.56893490e-03
653      6.53000000e-01    1.00000000e+00   -4.57070062e-03
654      6.54000000e-01    1.00000000e+00   -4.57245669e-03
655      6.55000000e-01    1.00000000e+00   -4.57420317e-03
656      6.56000000e-01    1.00000000e+00   -4.57594012e-03
657      6.57000000e-01    1.00000000e+00   -4.57766762e-03
658      6.58000000e-01    1.00000000e+00   -4.57938571e-03
659      6.59000000e-01    1.00000000e+00   -4.58109447e-03
660      6.60000000e-01    1.00000000e+00   -4.58279396e-03
661      6.61000000e-01    1.00000000e+00   -4.58448424e-03
662      6.62000000e-01    1.00000000e+00   -4.58616537e-03
663      6.63000000e-01    1.00000000e+00   -4.58783741e-03
664      6.64000000e-01    1.00000000e+00   -4.58950043e-03
665      6.65000000e-01    1.00000000e+00   -4.59115447e-03
666      6.66000000e-01    1.00000000e+00   -4.59279962e-03
667      6.67000000e-01    1.00000000e+00   -4.59443591e-03
668      6.68000000e-01    1.00000000e+00   -4.59606342e-03
669      6.69000000e-01    1.00000000e+00   -4.59768220e-03
670      6.70000000e-01    1.00000000e+00   -4.59929232e-03
671      6.71000000e-01    1.00000000e+00   -4.60089382e-03
672      6.72000000e-01    1.00000000e+00   -4.60248677e-03
673      6.73000000e-01    1.00000000e+00   -4.60407123e-03
674      6.74000000e-01    1.00000000e+00   -4.60564724e-03
675      6.75000000e-01    1.00000000e+00   -4.60721488e-03
676      6.76000000e-01    1.00000000e+00   -4.60877419e-03
677      6.77000000e-01    1.00000000e+00   -4.61032524e-03
678      6.78000000e-01    1.00000000e+00   -4.61186807e-03
679      6.79000000e-01    1.00000000e+00   -4.61340275e-03
680      6.80000000e-01    1.00000000e+00   -4.61492933e-03
681      6.81000000e-01    1.00000000e+00   -4.61644786e-03
682      6.82000000e-01    1.00000000e+00   -4.61795840e-03
683      6.83000000e-01    1.00000000e+00   -4.61946100e-03
684      6.84000000e-01    1.00000000e+00   -4.62095572e-03
685      6.85000000e-01    1.00000000e+00   -4.62244261e-03
686      6.86000000e-01    1.00000000e+00   -4.62392172e-03
687      6.87000000e-01    1.00000000e+00   -4.62539310e-03
688      6.88000000e-01    1.00000000e+00   -4.62685682e-03
689      6.89000000e-01    1.00000000e+00   -4.62831291e-03
690      6.90000000e-01    1.00000000e+00   -4.62976144e-03
691      6.91000000e-01    1.00000000e+00   -4.63120245e-03
692      6.92000000e-01    1.00000000e+00   -4.63263600e-03
693      6.93000000e-01    1.00000000e+00   -4.63406213e-03
694      6.94000000e-01    1.00000000e+00   -4.63548089e-03
695      6.95000000e-01    1.00000000e+00   -4.63689234e-03
696      6.96000000e-01    1.00000000e+00   -4.63829653e-03
697      6.97000000e-01    1.00000000e+00   -4.63969350e-03
698      6.98000000e-01    1.00000000e+00   -4.64108331e-03
699      6.99000000e-01    1.00000000e+00   -4.64246600e-03
700      7.00000000e-01    1.00000000e+00   -4.64384162e-03
701      7.01000000e-01    1.00000000e+00   -4.64521022e-03
702      7.02000000e-01    1.00000000e+00   -4.64657185e-03
703      7.03000000e-01    1.00000000e+00   -4.64792655e-03
704      7.04000000e-01    1.00000000e+00   -4.64927437e-03
705      7.05000000e-01    1.00000000e+00   -4.65061536e-03
706      7.06000000e-01    1.00000000e+00   -4.65194957e-03
707      7.07000000e-01    1.00000000e+00   -4.65327703e-03
708      7.08000000e-01    1.00000000e+00   -4.65459781e-03
709      7.09000000e-01    1.00000000e+00   -4.65591193e-03
710      7.10000000e-01    1.00000000e+00   -4.65721946e-03
711      7.11000000e-01    1.00000000e+00   -4.65852042e-03
712      7.12000000e-01    1.00000000e+00   -4.65981488e-03
713      7.13000000e-01    1.00000000e+00   -4.66110286e-03
714      7.14000000e-01    1.00000000e+00   -4.66238442e-03
715      7.15000000e-01    1.00000000e+00   -4.66365960e-03
716      7.16000000e-01    1.00000000e+00   -4.66492844e-03
717      7.17000000e-01    1.00000000e+00   -4.66619099e-03
718      7.18000000e-01    1.00000000e+00   -4.66744729e-03
719      7.19000000e-01    1.00000000e+00   -4.66869737e-03
720      7.20000000e-01    1.00000000e+00   -4.66994129e-03
721      7.21000000e-01    1.00000000e+00   -4.67117909e-03
722      7.22000000e-01    1.00000000e+00   -4.67241080e-03
723      7.23000000e-01    1.00000000e+00   -4.67363647e-03
724      7.24000000e-01    1.00000000e+00   -4.67485614e-03
725      7.25000000e-01    1.00000000e+00   -4.67606984e-03
726      7.26000000e-01    1.00000000e+00   -4.67727763e-03
727      7.27000000e-01    1.00000000e+00   -4.67847954e-03
728      7.28000000e-01    1.00000000e+00   -4.67967561e-03
729      7.29000000e-01    1.00000000e+00   -4.68086587e-03
730      7.30000000e-01    1.00000000e+00   -4.68205038e-03
731      7.31000000e-01    1.00000000e+00   -4.68322916e-03
732      7.32000000e-01    1.00000000e+00   -4.68440226e-03
733      7.33000000e-01    1.00000000e+00   -4.68556972e-03
734      7.34000000e-01    1.00000000e+00   -4.68673157e-03
735      7.35000000e-01    1.00000000e+00   -4.68788785e-03
736      7.36000000e-01    1.00000000e+00   -4.68903860e-03
737      7.37000000e-01    1.00000000e+00   -4.69018385e-03
738      7.38000000e-01    1.00000000e+00   -4.69132365e-03
739      7.39000000e-01    1.00000000e+00   -4.69245803e-03
740      7.40000000e-01    1.00000000e+00   -4.69358702e-03
741      7.41000000e-01    1.00000000e+00   -4.69471067e-03
742      7.42000000e-01    1.00000000e+00   -4.69582901e-03
743      7.43000000e-01    1.00000000e+00   -4.69694207e-03
744      7.44000000e-01    1.00000000e+00   -4.69804989e-03
745      7.45000000e-01    1.00000000e+00   -4.69915251e-03
746      7.46000000e-01    1.00000000e+00   -4.70024995e-03
747      7.47000000e-01    1.00000000e+00   -4.70134227e-03
748      7.48000000e-01    1.00000000e+00   -4.70242948e-03
749      7.49000000e-01    1.00000000e+00   -4.70351163e-03
750      7.50000000e-01    1.00000000e+00   -4.70458874e-03
751      7.51000000e-01    1.00000000e+00   -4.70566086e-03
752      7.52000000e-01    1.00000000e+00   -4.70672801e-03
753      7.53000000e-01    1.00000000e+00   -4.70779023e-03
754      7.54000000e-01    1.00000000e+00   -4.70884756e-03
755      7.55000000e-01    1.00000000e+00   -4.70990002e-03
756      7.56000000e-01    1.00000000e+00   -4.71094764e-03
757      7.57000000e-01    1.00000000e+00   -4.71199046e-03
758      7.58000000e-01    1.00000000e+00   -4.71302852e-03
759      7.59000000e-01    1.00000000e+00   -4.71406184e-03
760      7.60000000e-01    1.00000000e+00   -4.71509045e-03
761      7.61000000e-01    1.00000000e+00   -4.71611439e-03
762      7.62000000e-01    1.00000000e+00   -4.71713369e-03
763      7.63000000e-01    1.00000000e+00   -4.71814838e-03
764      7.64000000e-01    1.00000000e+00   -4.71915848e-03
765      7.65000000e-01    1.00000000e+00   -4.72016403e-03
766      7.66000000e-01    1.00000000e+00   -4.72116507e-03
767      7.67000000e-01    1.00000000e+00   -4.72216161e-03
768      7.68000000e-01    1.00000000e+00   -4.72315370e-03
769      7.69000000e-01    1.00000000e+00   -4.72414135e-03
770      7.70000000e-01    1.00000000e+00   -4.72512460e-03
771      7.71000000e-01    1.00000000e+00   -4.72610348e-03
772      7.72000000e-01    1.00000000e+00   -4.72707801e-03
773      7.73000000e-01    1.00000000e+00   -4.72804824e-03
774      7.74000000e-01    1.00000000e+00   -4.72901417e-03
775      7.75000000e-01    1.00000000e+00   -4.72997585e-03
776      7.76000000e-01    1.00000000e+00   -4.73093329e-03
777      7.77000000e-01    1.00000000e+00   -4.73188654e-03
778      7.78000000e-01    1.00000000e+00   -4.73283561e-03
779      7.79000000e-01    1.00000000e+00   -4.73378054e-03
780      7.80000000e-01    1.00000000e+00   -4.73472134e-03
781      7.81000000e-01    1.00000000e+00   -4.73565805e-03
782      7.82000000e-01    1.00000000e+00   -4.73659070e-03
783      7.83000000e-01    1.00000000e+00   -4.73751931e-03
784      7.84000000e-01    1.00000000e+00   -4.73844391e-03
785      7.85000000e-01    1.00000000e+00   -4.73936452e-03
786      7.86000000e-01    1.00000000e+00   -4.74028117e-03
787      7.87000000e-01    1.00000000e+00   -4.74119388e-03
788      7.88000000e-01    1.00000000e+00   -4.74210269e-03
789      7.89000000e-01    1.00000000e+00   -4.74300762e-03
790      7.90000000e-01    1.00000000e+00   -4.74390868e-03
791      7.91000000e-01    1.00000000e+00   -4.74480592e-03
792      7.92000000e-01    1.00000000e+00   -4.74569935e-03
793      7.93000000e-01    1.00000000e+00   -4.74658899e-03
794      7.94000000e-01    1.00000000e+00   -4.74747488e-03
795      7.95000000e-01    1.00000000e+00   -4.74835704e-03
796      7.96000000e-01    1.00000000e+00   -4.74923548e-03
797      7.97000000e-01    1.00000000e+00   -4.75011024e-03
798      7.98000000e-01    1.00000000e+00   -4.75098134e-03
799      7.99000000e-01    1.00000000e+00   -4.75184880e-03
800      8.00000000e-01    1.00000000e+00   -4.75271265e-03
801      8.01000000e-01    1.00000000e+00   -4.75357290e-03
802      8.02000000e-01    1.00000000e+00   -4.75442959e-03
803      8.03000000e-01    1.00000000e+00   -4.75528273e-03
804      8.04000000e-01    1.00000000e+00   -4.75613236e-03
805      8.05000000e-01    1.00000000e+00   -4.75697848e-03
806      8.06000000e-01    1.00000000e+00   -4.75782112e-03
807      8.07000000e-01    1.00000000e+00   -4.75866032e-03
808      8.08000000e-01    1.00000000e+00   -4.75949607e-03
809      8.09000000e-01    1.00000000e+00   -4.76032842e-03
810      8.10000000e-01    1.00000000e+00   -4.76115739e-03
811      8.11000000e-01    1.00000000e+00   -4.76198298e-03
812      8.12000000e-01    1.00000000e+00   -4.76280523e-03
813      8.13000000e-01    1.00000000e+00   -4.76362416e-03
814      8.14000000e-01    1.00000000e+00   -4.76443978e-03
815      8.15000000e-01    1.00000000e+00   -4.76525212e-03
816      8.16000000e-01    1.00000000e+00   -4.76606120e-03
817      8.17000000e-01    1.00000000e+00   -4.76686705e-03
818      8.18000000e-01    1.00000000e+00   -4.76766967e-03
819      8.19000000e-01    1.00000000e+00   -4.76846909e-03
820      8.20000000e-01    1.00000000e+00   -4.76926534e-03
821      8.21000000e-01    1.00000000e+00   -4.77005843e-03
822      8.22000000e-01    1.00000000e+00   -4.77084837e-03
823      8.23000000e-01    1.00000000e+00   -4.77163521e-03
824      8.24000000e-01    1.00000000e+00   -4.77241894e-03
825      8.25000000e-01    1.00000000e+00   -4.77319959e-03
826      8.26000000e-01    1.00000000e+00   -4.77397718e-03
827      8.27000000e-01    1.00000000e+00   -4.77475174e-03
828      8.28000000e-01    1.00000000e+00   -4.77552327e-03
829      8.29000000e-01    1.00000000e+00   -4.77629180e-03
830      8.30000000e-01    1.00000000e+00   -4.77705734e-03
831      8.31000000e-01    1.00000000e+00   -4.77781993e-03
832      8.32000000e-01    1.00000000e+00   -4.77857956e-03
833      8.33000000e-01    1.00000000e+00   -4.77933627e-03
834      8.34000000e-01    1.00000000e+00   -4.78009007e-03
835      8.35000000e-01    1.00000000e+00   -4.78084097e-03
836      8.36000000e-01    1.00000000e+00   -4.78158901e-03
837      8.37000000e-01    1.00000000e+00   -4.78233419e-03
838      8.38000000e-01    1.00000000e+00   -4.78307653e-03
839      8.39000000e-01    1.00000000e+00   -4.78381605e-03
840      8.40000000e-01    1.00000000e+00   -4.78455277e-03
841      8.41000000e-01    1.00000000e+00   -4.78528670e-03
842      8.42000000e-01    1.00000000e+00   -4.78601787e-03
843      8.43000000e-01    1.00000000e+00   -4.78674628e-03
844      8.44000000e-01    1.00000000e+00   -4.78747197e-03
845      8.45000000e-01    1.00000000e+00   -4.78819493e-03
846      8.46000000e-01    1.00000000e+00   -4.78891520e-03
847      8.47000000e-01    1.00000000e+00   -4.78963278e-03
848      8.48000000e-01    1.00000000e+00   -4.79034770e-03
849      8.49000000e-01    1.00000000e+00   -4.79105997e-03
850      8.50000000e-01    1.00000000e+00   -4.79176960e-03
851      8.51000000e-01    1.00000000e+00   -4.79247661e-03
852      8.52000000e-01    1.00000000e+00   -4.79318103e-03
853      8.53000000e-01    1.00000000e+00   -4.79388285e-03
854      8.54000000e-01    1.00000000e+00   -4.79458211e-03
855      8.55000000e-01    1.00000000e+00   -4.79527881e-03
856      8.56000000e-01    1.00000000e+00   -4.79597298e-03
857      8.57000000e-01    1.00000000e+00   -4.79666462e-03
858      8.58000000e-01    1.00000000e+00   -4.79735376e-03
859      8.59000000e-01    1.00000000e+00   -4.79804040e-03
860      8.60000000e-01    1.00000000e+00   -4.79872456e-03
861      8.61000000e-01    1.00000000e+00   -4.79940626e-03
862      8.62000000e-01    1.00000000e+00   -4.80008552e-03
863      8.63000000e-01    1.00000000e+00   -4.80076234e-03
864      8.64000000e-01    1.00000000e+00   -4.80143675e-03
865      8.65000000e-01    1.00000000e+00   -4.80210875e-03
866      8.66000000e-01    1.00000000e+00   -4.80277836e-03
867      8.67000000e-01    1.00000000e+00   -4.80344560e-03
868      8.68000000e-01    1.00000000e+00   -4.80411048e-03
869      8.69000000e-01    1.00000000e+00   -4.80477301e-03
870      8.70000000e-01    1.00000000e+00   -4.80543321e-03
871      8.71000000e-01    1.00000000e+00   -4.80609110e-03
872      8.72000000e-01    1.00000000e+00   -4.80674668e-03
873      8.73000000e-01    1.00000000e+00   -4.80739997e-03
874      8.74000000e-01    1.00000000e+00   -4.80805098e-03
875      8.75000000e-01    1.00000000e+00   -4.80869974e-03
876      8.76000000e-01    1.00000000e+00   -4.80934624e-03
877      8.77000000e-01    1.00000000e+00   -4.80999051e-03
878      8.78000000e-01    1.00000000e+00   -4.81063255e-03
879      8.79000000e-01    1.00000000e+00   -4.81127239e-03
880      8.80000000e-01    1.00000000e+00   -4.81191003e-03
881      8.81000000e-01    1.00000000e+00   -4.81254548e-03
882      8.82000000e-01    1.00000000e+00   -4.81317877e-03
883      8.83000000e-01    1.00000000e+00   -4.81380990e-03
884      8.84000000e-01    1.00000000e+00   -4.81443889e-03
885      8.85000000e-01    1.00000000e+00   -4.81506574e-03
886      8.86000000e-01    1.00000000e+00   -4.81569048e-03
887      8.87000000e-01    1.00000000e+00   -4.81631310e-03
888      8.88000000e-01    1.00000000e+00   -4.81693364e-03
889      8.89000000e-01    1.00000000e+00   -4.81755209e-03
890      8.90000000e-01    1.00000000e+00   -4.81816847e-03
891      8.91000000e-01    1.00000000e+00   -4.81878280e-03
892      8.92000000e-01    1.00000000e+00   -4.81939508e-03
893      8.93000000e-01    1.00000000e+00   -4.82000532e-03
894      8.94000000e-01    1.00000000e+00   -4.82061355e-03
895      8.95000000e-01    1.00000000e+00   -4.82121976e-03
896      8.96000000e-01    1.00000000e+00   -4.82182398e-03
897      8.97000000e-01    1.00000000e+00   -4.82242621e-03
898      8.98000000e-01    1.00000000e+00   -4.82302646e-03
899      8.99000000e-01    1.00000000e+00   -4.82362475e-03
900      9.00000000e-01    1.00000000e+00   -4.82422109e-03
901      9.01000000e-01    1.00000000e+00   -4.82481549e-03
902      9.02000000e-01    1.00000000e+00   -4.82540796e-03
903      9.03000000e-01    1.00000000e+00   -4.82599851e-03
904      9.04000000e-01    1.00000000e+00   -4.82658716e-03
905      9.05000000e-01    1.00000000e+00   -4.82717391e-03
906      9.06000000e-01    1.00000000e+00   -4.82775877e-03
907      9.07000000e-01    1.00000000e+00   -4.82834176e-03
908      9.08000000e-01    1.00000000e+00   -4.82892288e-03
909      9.09000000e-01    1.00000000e+00   -4.82950215e-03
910      9.10000000e-01    1.00000000e+00   -4.83007958e-03
911      9.11000000e-01    1.00000000e+00   -4.83065518e-03
912      9.12000000e-01    1.00000000e+00   -4.83122896e-03
913      9.13000000e-01    1.00000000e+00   -4.83180092e-03
914      9.14000000e-01    1.00000000e+00   -4.83237109e-03
915      9.15000000e-01    1.00000000e+00   -4.83293947e-03
916      9.16000000e-01    1.00000000e+00   -4.83350606e-03
917      9.17000000e-01    1.00000000e+00   -4.83407089e-03
918      9.18000000e-01    1.00000000e+00   -4.83463395e-03
919      9.19000000e-01    1.00000000e+00   -4.83519527e-03
920      9.20000000e-01    1.00000000e+00   -4.83575484e-03
921      9.21000000e-01    1.00000000e+00   -4.83631269e-03
922      9.22000000e-01    1.00000000e+00   -4.83686881e-03
923      9.23000000e-01    1.00000000e+00   -4.83742323e-03
924      9.24000000e-01    1.00000000e+00   -4.83797594e-03
925      9.25000000e-01    1.00000000e+00   -4.83852696e-03
926      9.26000000e-01    1.00000000e+00   -4.83907630e-03
927      9.27000000e-01    1.00000000e+00   -4.83962397e-03
928      9.28000000e-01    1.00000000e+00   -4.84016998e-03
929      9.29000000e-01    1.00000000e+00   -4.84071433e-03
930      9.30000000e-01    1.00000000e+00   -4.84125704e-03
931      9.31000000e-01    1.00000000e+00   -4.84179811e-03
932      9.32000000e-01    1.00000000e+00   -4.84233755e-03
933      9.33000000e-01    1.00000000e+00   -4.84287538e-03
934      9.34000000e-01    1.00000000e+00   -4.84341160e-03
935      9.35000000e-01    1.00000000e+00   -4.84394623e-03
936      9.36000000e-01    1.00000000e+00   -4.84447926e-03
937      9.37000000e-01    1.00000000e+00   -4.84501071e-03
938      9.38000000e-01    1.00000000e+00   -4.84554059e-03
939      9.39000000e-01    1.00000000e+00   -4.84606890e-03
940      9.40000000e-01    1.00000000e+00   -4.84659566e-03
941      9.41000000e-01    1.00000000e+00   -4.84712087e-03
942      9.42000000e-01    1.00000000e+00   -4.84764455e-03
943      9.43000000e-01    1.00000000e+00   -4.84816669e-03
944      9.44000000e-01    1.00000000e+00   -4.84868732e-03
945      9.45000000e-01    1.00000000e+00   -4.84920643e-03
946      9.46000000e-01    1.00000000e+00   -4.84972403e-03
947      9.47000000e-01    1.00000000e+00   -4.85024014e-03
948      9.48000000e-01    1.00000000e+00   -4.85075477e-03
949      9.49000000e-01    1.00000000e+00   -4.85126791e-03
950      9.50000000e-01    1.00000000e+00   -4.85177958e-03
951      9.51000000e-01    1.00000000e+00   -4.85228979e-03
952      9.52000000e-01    1.00000000e+00   -4.85279854e-03
953      9.53000000e-01    1.00000000e+00   -4.85330584e-03
954      9.54000000e-01    1.00000000e+00   -4.85381171e-03
955      9.55000000e-01    1.00000000e+00   -4.85431614e-03
956      9.56000000e-01    1.00000000e+00   -4.85481914e-03
957      9.57000000e-01    1.00000000e+00   -4.85532073e-03
958      9.58000000e-01    1.00000000e+00   -4.85582092e-03
959      9.59000000e-01    1.00000000e+00   -4.85631970e-03
960      9.60000000e-01    1.00000000e+00   -4.85681708e-03
961      9.61000000e-01    1.00000000e+00   -4.85731308e-03
962      9.62000000e-01    1.00000000e+00   -4.85780770e-03
963      9.63000000e-01    1.00000000e+00   -4.85830095e-03
964      9.64000000e-01    1.00000000e+00   -4.85879284e-03
965      9.65000000e-01    1.00000000e+00   -4.85928337e-03
966      9.66000000e-01    1.00000000e+00   -4.85977255e-03
967      9.67000000e-01    1.00000000e+00   -4.86026039e-03
968      9.68000000e-01    1.00000000e+00   -4.86074689e-03
969      9.69000000e-01    1.00000000e+00   -4.86123206e-03
970      9.70000000e-01    1.00000000e+00   -4.86171592e-03
971      9.71000000e-01    1.00000000e+00   -4.86219846e-03
972      9.72000000e-01    1.00000000e+00   -4.86267969e-03
973      9.73000000e-01    1.00000000e+00   -4.86315962e-03
974      9.74000000e-01    1.00000000e+00   -4.86363826e-03
975      9.75000000e-01    1.00000000e+00   -4.86411562e-03
976      9.76000000e-01    1.00000000e+00   -4.86459169e-03
977      9.77000000e-01    1.00000000e+00   -4.86506650e-03
978      9.78000000e-01    1.00000000e+00   -4.86554003e-03
979      9.79000000e-01    1.00000000e+00   -4.86601231e-03
980      9.80000000e-01    1.00000000e+00   -4.86648334e-03
981      9.81000000e-01    1.00000000e+00   -4.86695312e-03
982      9.82000000e-01    1.00000000e+00   -4.86742166e-03
983      9.83000000e-01    1.00000000e+00   -4.86788896e-03
984      9.84000000e-01    1.00000000e+00   -4.86835505e-03
985      9.85000000e-01    1.00000000e+00   -4.86881991e-03
986      9.86000000e-01    1.00000000e+00   -4.86928355e-03
987      9.87000000e-01    1.00000000e+00   -4.86974599e-03
988      9.88000000e-01    1.00000000e+00   -4.87020723e-03
989      9.89000000e-01    1.00000000e+00   -4.87066728e-03
990      9.90000000e-01    1.00000000e+00   -4.87112614e-03
991      9.91000000e-01    1.00000000e+00   -4.87158381e-03
992      9.92000000e-01    1.00000000e+00   -4.87204031e-03
993      9.93000000e-01    1.00000000e+00   -4.87249564e-03
994      9.94000000e-01    1.00000000e+00   -4.87294980e-03
995      9.95000000e-01    1.00000000e+00   -4.87340281e-03
996      9.96000000e-01    1.00000000e+00   -4.87385466e-03
997      9.97000000e-01    1.00000000e+00   -4.87430537e-03
998      9.98000000e-01    1.00000000e+00   -4.87475494e-03
999      9.99000000e-01    1.00000000e+00   -4.87520337e-03
1000     1.00000000e+00    1.00000000e+00   -4.87565068e-03
End of Xyce(TM) Simulation
