Index       V(2)              V(1)             I(VDS)           N(M1:GM)          N(M1:VTH)        N(M1:VDSAT)        N(M1:VDS)         N(M1:VGS)         N(M1:VBS)     {N(M1:VDS)-N(M1:VDSAT)}
0        0.00000000e+00    2.00000000e-01    1.69133141e-10    0.00000000e+00    3.80672031e-01    5.97186907e-04    0.00000000e+00    2.00000000e-01    0.00000000e+00   -5.97186907e-04
1        2.00000000e-02    2.00000000e-01   -5.13450937e-07    1.21620795e-05    3.80660188e-01    5.97351383e-04    2.00000000e-02    2.00000000e-01    0.00000000e+00    1.94026486e-02
2        4.00000000e-02    2.00000000e-01   -7.43265544e-07    1.77320702e-05    3.80648353e-01    5.97515792e-04    4.00000000e-02    2.00000000e-01    0.00000000e+00    3.94024842e-02
3        6.00000000e-02    2.00000000e-01   -8.35160718e-07    1.99861196e-05    3.80636526e-01    5.97680135e-04    6.00000000e-02    2.00000000e-01    0.00000000e+00    5.94023199e-02
4        8.00000000e-02    2.00000000e-01   -8.80123405e-07    2.10788125e-05    3.80624706e-01    5.97844411e-04    8.00000000e-02    2.00000000e-01    0.00000000e+00    7.94021556e-02
5        1.00000000e-01    2.00000000e-01   -9.09871413e-07    2.17915785e-05    3.80612894e-01    5.98008620e-04    1.00000000e-01    2.00000000e-01    0.00000000e+00    9.94019914e-02
6        1.20000000e-01    2.00000000e-01   -9.33899940e-07    2.23616987e-05    3.80601090e-01    5.98172762e-04    1.20000000e-01    2.00000000e-01    0.00000000e+00    1.19401827e-01
7        1.40000000e-01    2.00000000e-01   -9.55388579e-07    2.28686836e-05    3.80589293e-01    5.98336838e-04    1.40000000e-01    2.00000000e-01    0.00000000e+00    1.39401663e-01
8        1.60000000e-01    2.00000000e-01   -9.75589204e-07    2.33437372e-05    3.80577505e-01    5.98500846e-04    1.60000000e-01    2.00000000e-01    0.00000000e+00    1.59401499e-01
9        1.80000000e-01    2.00000000e-01   -9.95069901e-07    2.38009650e-05    3.80565724e-01    5.98664787e-04    1.80000000e-01    2.00000000e-01    0.00000000e+00    1.79401335e-01
10       2.00000000e-01    2.00000000e-01   -1.01411963e-06    2.42475139e-05    3.80553950e-01    5.98828662e-04    2.00000000e-01    2.00000000e-01    0.00000000e+00    1.99401171e-01
11       2.20000000e-01    2.00000000e-01   -1.03290052e-06    2.46873487e-05    3.80542185e-01    5.98992469e-04    2.20000000e-01    2.00000000e-01    0.00000000e+00    2.19401008e-01
12       2.40000000e-01    2.00000000e-01   -1.05151009e-06    2.51228337e-05    3.80530427e-01    5.99156209e-04    2.40000000e-01    2.00000000e-01    0.00000000e+00    2.39400844e-01
13       2.60000000e-01    2.00000000e-01   -1.07000955e-06    2.55554634e-05    3.80518676e-01    5.99319882e-04    2.60000000e-01    2.00000000e-01    0.00000000e+00    2.59400680e-01
14       2.80000000e-01    2.00000000e-01   -1.08843964e-06    2.59862285e-05    3.80506934e-01    5.99483488e-04    2.80000000e-01    2.00000000e-01    0.00000000e+00    2.79400517e-01
15       3.00000000e-01    2.00000000e-01   -1.10682873e-06    2.64158118e-05    3.80495199e-01    5.99647027e-04    3.00000000e-01    2.00000000e-01    0.00000000e+00    2.99400353e-01
16       3.20000000e-01    2.00000000e-01   -1.12519725e-06    2.68446991e-05    3.80483472e-01    5.99810499e-04    3.20000000e-01    2.00000000e-01    0.00000000e+00    3.19400190e-01
17       3.40000000e-01    2.00000000e-01   -1.14356045e-06    2.72732456e-05    3.80471752e-01    5.99973903e-04    3.40000000e-01    2.00000000e-01    0.00000000e+00    3.39400026e-01
18       3.60000000e-01    2.00000000e-01   -1.16193003e-06    2.77017171e-05    3.80460041e-01    6.00137241e-04    3.60000000e-01    2.00000000e-01    0.00000000e+00    3.59399863e-01
19       3.80000000e-01    2.00000000e-01   -1.18031526e-06    2.81303160e-05    3.80448337e-01    6.00300510e-04    3.80000000e-01    2.00000000e-01    0.00000000e+00    3.79399699e-01
20       4.00000000e-01    2.00000000e-01   -1.19872371e-06    2.85591990e-05    3.80436640e-01    6.00463713e-04    4.00000000e-01    2.00000000e-01    0.00000000e+00    3.99399536e-01
21       4.20000000e-01    2.00000000e-01   -1.21716173e-06    2.89884891e-05    3.80424952e-01    6.00626848e-04    4.20000000e-01    2.00000000e-01    0.00000000e+00    4.19399373e-01
22       4.40000000e-01    2.00000000e-01   -1.23563483e-06    2.94182839e-05    3.80413271e-01    6.00789916e-04    4.40000000e-01    2.00000000e-01    0.00000000e+00    4.39399210e-01
23       4.60000000e-01    2.00000000e-01   -1.25414796e-06    2.98486616e-05    3.80401597e-01    6.00952917e-04    4.60000000e-01    2.00000000e-01    0.00000000e+00    4.59399047e-01
24       4.80000000e-01    2.00000000e-01   -1.27270568e-06    3.02796851e-05    3.80389932e-01    6.01115850e-04    4.80000000e-01    2.00000000e-01    0.00000000e+00    4.79398884e-01
25       5.00000000e-01    2.00000000e-01   -1.29131235e-06    3.07114058e-05    3.80378274e-01    6.01278716e-04    5.00000000e-01    2.00000000e-01    0.00000000e+00    4.99398721e-01
26       5.20000000e-01    2.00000000e-01   -1.30997225e-06    3.11438652e-05    3.80366623e-01    6.01441514e-04    5.20000000e-01    2.00000000e-01    0.00000000e+00    5.19398558e-01
27       5.40000000e-01    2.00000000e-01   -1.32868971e-06    3.15770975e-05    3.80354981e-01    6.01604245e-04    5.40000000e-01    2.00000000e-01    0.00000000e+00    5.39398396e-01
28       5.60000000e-01    2.00000000e-01   -1.34746920e-06    3.20111306e-05    3.80343346e-01    6.01766908e-04    5.60000000e-01    2.00000001e-01    0.00000000e+00    5.59398233e-01
29       5.80000000e-01    2.00000000e-01   -1.36631540e-06    3.24459875e-05    3.80331718e-01    6.01929504e-04    5.80000000e-01    2.00000001e-01    0.00000000e+00    5.79398070e-01
30       6.00000000e-01    2.00000000e-01   -1.38523335e-06    3.28816867e-05    3.80320099e-01    6.02092032e-04    6.00000000e-01    2.00000001e-01    0.00000000e+00    5.99397908e-01
31       6.20000000e-01    2.00000000e-01   -1.40422849e-06    3.33182438e-05    3.80308487e-01    6.02254493e-04    6.20000000e-01    2.00000001e-01    0.00000000e+00    6.19397746e-01
32       6.40000000e-01    2.00000000e-01   -1.42330675e-06    3.37556712e-05    3.80296883e-01    6.02416887e-04    6.40000000e-01    2.00000001e-01    0.00000000e+00    6.39397583e-01
33       6.60000000e-01    2.00000000e-01   -1.44247468e-06    3.41939791e-05    3.80285286e-01    6.02579213e-04    6.60000000e-01    2.00000001e-01    0.00000000e+00    6.59397421e-01
34       6.80000000e-01    2.00000000e-01   -1.46173953e-06    3.46331760e-05    3.80273697e-01    6.02741472e-04    6.80000000e-01    2.00000002e-01    0.00000000e+00    6.79397259e-01
35       7.00000000e-01    2.00000000e-01   -1.48110935e-06    3.50732687e-05    3.80262116e-01    6.02903663e-04    7.00000000e-01    2.00000002e-01    0.00000000e+00    6.99397096e-01
36       7.20000000e-01    2.00000000e-01   -1.50059311e-06    3.55142629e-05    3.80250542e-01    6.03065787e-04    7.20000000e-01    2.00000002e-01    0.00000000e+00    7.19396934e-01
37       7.40000000e-01    2.00000000e-01   -1.52020085e-06    3.59561634e-05    3.80238976e-01    6.03227844e-04    7.40000000e-01    2.00000003e-01    0.00000000e+00    7.39396772e-01
38       7.60000000e-01    2.00000000e-01   -1.53994377e-06    3.63989742e-05    3.80227417e-01    6.03389833e-04    7.60000000e-01    2.00000003e-01    0.00000000e+00    7.59396610e-01
39       7.80000000e-01    2.00000000e-01   -1.55983441e-06    3.68426992e-05    3.80215867e-01    6.03551756e-04    7.80000000e-01    2.00000004e-01    0.00000000e+00    7.79396448e-01
40       8.00000000e-01    2.00000000e-01   -1.57988683e-06    3.72873419e-05    3.80204324e-01    6.03713611e-04    8.00000000e-01    2.00000004e-01    0.00000000e+00    7.99396286e-01
41       8.20000000e-01    2.00000000e-01   -1.60011675e-06    3.77329058e-05    3.80192788e-01    6.03875399e-04    8.20000000e-01    2.00000005e-01    0.00000000e+00    8.19396125e-01
42       8.40000000e-01    2.00000000e-01   -1.62054178e-06    3.81793947e-05    3.80181260e-01    6.04037121e-04    8.40000000e-01    2.00000006e-01    0.00000000e+00    8.39395963e-01
43       8.60000000e-01    2.00000000e-01   -1.64118164e-06    3.86268127e-05    3.80169740e-01    6.04198775e-04    8.60000000e-01    2.00000006e-01    0.00000000e+00    8.59395801e-01
44       8.80000000e-01    2.00000000e-01   -1.66205838e-06    3.90751644e-05    3.80158227e-01    6.04360363e-04    8.80000000e-01    2.00000007e-01    0.00000000e+00    8.79395640e-01
45       9.00000000e-01    2.00000000e-01   -1.68319669e-06    3.95244549e-05    3.80146722e-01    6.04521885e-04    9.00000000e-01    2.00000008e-01    0.00000000e+00    8.99395478e-01
46       9.20000000e-01    2.00000000e-01   -1.70462413e-06    3.99746904e-05    3.80135225e-01    6.04683340e-04    9.20000000e-01    2.00000010e-01    0.00000000e+00    9.19395317e-01
47       9.40000000e-01    2.00000000e-01   -1.72637156e-06    4.04258778e-05    3.80123735e-01    6.04844729e-04    9.40000000e-01    2.00000011e-01    0.00000000e+00    9.39395155e-01
48       9.60000000e-01    2.00000000e-01   -1.74847339e-06    4.08780249e-05    3.80112253e-01    6.05006053e-04    9.60000000e-01    2.00000013e-01    0.00000000e+00    9.59394994e-01
49       9.80000000e-01    2.00000000e-01   -1.77096806e-06    4.13311410e-05    3.80100779e-01    6.05167311e-04    9.80000000e-01    2.00000014e-01    0.00000000e+00    9.79394833e-01
50       1.00000000e+00    2.00000000e-01   -1.79389846e-06    4.17852362e-05    3.80089312e-01    6.05328504e-04    1.00000000e+00    2.00000017e-01    0.00000000e+00    9.99394671e-01
51       1.02000000e+00    2.00000000e-01   -1.81731243e-06    4.22403220e-05    3.80077853e-01    6.05489632e-04    1.02000000e+00    2.00000019e-01    0.00000000e+00    1.01939451e+00
52       1.04000000e+00    2.00000000e-01   -1.84126328e-06    4.26964115e-05    3.80066401e-01    6.05650696e-04    1.04000000e+00    2.00000021e-01    0.00000000e+00    1.03939435e+00
53       1.06000000e+00    2.00000000e-01   -1.86581043e-06    4.31535188e-05    3.80054957e-01    6.05811696e-04    1.06000000e+00    2.00000024e-01    0.00000000e+00    1.05939419e+00
54       1.08000000e+00    2.00000000e-01   -1.89102005e-06    4.36116599e-05    3.80043520e-01    6.05972632e-04    1.08000000e+00    2.00000028e-01    0.00000000e+00    1.07939403e+00
55       1.10000000e+00    2.00000000e-01   -1.91696582e-06    4.40708518e-05    3.80032092e-01    6.06133506e-04    1.10000000e+00    2.00000031e-01    0.00000000e+00    1.09939387e+00
56       1.12000000e+00    2.00000000e-01   -1.94372974e-06    4.45311136e-05    3.80020670e-01    6.06294317e-04    1.12000000e+00    2.00000035e-01    0.00000000e+00    1.11939371e+00
57       1.14000000e+00    2.00000000e-01   -1.97140306e-06    4.49924656e-05    3.80009257e-01    6.06455067e-04    1.14000000e+00    2.00000040e-01    0.00000000e+00    1.13939354e+00
58       1.16000000e+00    2.00000000e-01   -2.00008729e-06    4.54549297e-05    3.79997851e-01    6.06615756e-04    1.16000000e+00    2.00000045e-01    0.00000000e+00    1.15939338e+00
59       1.18000000e+00    2.00000000e-01   -2.02989534e-06    4.59185296e-05    3.79986452e-01    6.06776386e-04    1.18000000e+00    2.00000051e-01    0.00000000e+00    1.17939322e+00
60       1.20000000e+00    2.00000000e-01   -2.06095280e-06    4.63832906e-05    3.79975061e-01    6.06936957e-04    1.20000000e+00    2.00000058e-01    0.00000000e+00    1.19939306e+00
61       0.00000000e+00    4.00000000e-01    2.73751239e-09    0.00000000e+00    3.80672031e-01    1.87276206e-02    0.00000000e+00    3.99999998e-01    0.00000000e+00   -1.87276206e-02
62       2.00000000e-02    4.00000000e-01   -2.07075481e-05    2.61704392e-04    3.80660188e-01    1.87301408e-02    2.00000000e-02    3.99999998e-01    0.00000000e+00    1.26985919e-03
63       4.00000000e-02    4.00000000e-01   -3.47800481e-05    4.75458405e-04    3.80648353e-01    1.87326596e-02    4.00000000e-02    3.99999998e-01    0.00000000e+00    2.12673404e-02
64       6.00000000e-02    4.00000000e-01   -4.33056256e-05    6.35471452e-04    3.80636526e-01    1.87351768e-02    6.00000000e-02    3.99999998e-01    0.00000000e+00    4.12648232e-02
65       8.00000000e-02    4.00000000e-01   -4.79552415e-05    7.38326015e-04    3.80624706e-01    1.87376927e-02    8.00000000e-02    3.99999998e-01    0.00000000e+00    6.12623073e-02
66       1.00000000e-01    4.00000000e-01   -5.04825877e-05    7.96183102e-04    3.80612894e-01    1.87402071e-02    1.00000000e-01    3.99999998e-01    0.00000000e+00    8.12597929e-02
67       1.20000000e-01    4.00000000e-01   -5.20388643e-05    8.28906223e-04    3.80601090e-01    1.87427200e-02    1.20000000e-01    3.99999998e-01    0.00000000e+00    1.01257280e-01
68       1.40000000e-01    4.00000000e-01   -5.31647546e-05    8.49767847e-04    3.80589293e-01    1.87452315e-02    1.40000000e-01    3.99999998e-01    0.00000000e+00    1.21254768e-01
69       1.60000000e-01    4.00000000e-01   -5.40860887e-05    8.65020986e-04    3.80577505e-01    1.87477416e-02    1.60000000e-01    3.99999998e-01    0.00000000e+00    1.41252258e-01
70       1.80000000e-01    4.00000000e-01   -5.49000646e-05    8.77409912e-04    3.80565724e-01    1.87502502e-02    1.80000000e-01    3.99999998e-01    0.00000000e+00    1.61249750e-01
71       2.00000000e-01    4.00000000e-01   -5.56522194e-05    8.88196655e-04    3.80553950e-01    1.87527573e-02    2.00000000e-01    3.99999998e-01    0.00000000e+00    1.81247243e-01
72       2.20000000e-01    4.00000000e-01   -5.63659424e-05    8.98010267e-04    3.80542185e-01    1.87552630e-02    2.20000000e-01    3.99999998e-01    0.00000000e+00    2.01244737e-01
73       2.40000000e-01    4.00000000e-01   -5.70542870e-05    9.07191121e-04    3.80530427e-01    1.87577673e-02    2.40000000e-01    3.99999998e-01    0.00000000e+00    2.21242233e-01
74       2.60000000e-01    4.00000000e-01   -5.77250712e-05    9.15937439e-04    3.80518676e-01    1.87602701e-02    2.60000000e-01    3.99999998e-01    0.00000000e+00    2.41239730e-01
75       2.80000000e-01    4.00000000e-01   -5.83832603e-05    9.24372146e-04    3.80506934e-01    1.87627715e-02    2.80000000e-01    3.99999998e-01    0.00000000e+00    2.61237228e-01
76       3.00000000e-01    4.00000000e-01   -5.90321645e-05    9.32575584e-04    3.80495199e-01    1.87652714e-02    3.00000000e-01    3.99999998e-01    0.00000000e+00    2.81234729e-01
77       3.20000000e-01    4.00000000e-01   -5.96740813e-05    9.40602620e-04    3.80483472e-01    1.87677699e-02    3.20000000e-01    3.99999998e-01    0.00000000e+00    3.01232230e-01
78       3.40000000e-01    4.00000000e-01   -6.03106590e-05    9.48492112e-04    3.80471752e-01    1.87702670e-02    3.40000000e-01    3.99999998e-01    0.00000000e+00    3.21229733e-01
79       3.60000000e-01    4.00000000e-01   -6.09431139e-05    9.56272428e-04    3.80460041e-01    1.87727626e-02    3.60000000e-01    3.99999998e-01    0.00000000e+00    3.41227237e-01
80       3.80000000e-01    4.00000000e-01   -6.15723645e-05    9.63964820e-04    3.80448337e-01    1.87752567e-02    3.80000000e-01    3.99999998e-01    0.00000000e+00    3.61224743e-01
81       4.00000000e-01    4.00000000e-01   -6.21991188e-05    9.71585551e-04    3.80436640e-01    1.87777494e-02    4.00000000e-01    3.99999998e-01    0.00000000e+00    3.81222251e-01
82       4.20000000e-01    4.00000000e-01   -6.28239327e-05    9.79147305e-04    3.80424952e-01    1.87802407e-02    4.20000000e-01    3.99999998e-01    0.00000000e+00    4.01219759e-01
83       4.40000000e-01    4.00000000e-01   -6.34472486e-05    9.86660125e-04    3.80413271e-01    1.87827305e-02    4.40000000e-01    3.99999998e-01    0.00000000e+00    4.21217270e-01
84       4.60000000e-01    4.00000000e-01   -6.40694217e-05    9.94132081e-04    3.80401597e-01    1.87852189e-02    4.60000000e-01    3.99999998e-01    0.00000000e+00    4.41214781e-01
85       4.80000000e-01    4.00000000e-01   -6.46907415e-05    1.00156973e-03    3.80389932e-01    1.87877058e-02    4.80000000e-01    3.99999998e-01    0.00000000e+00    4.61212294e-01
86       5.00000000e-01    4.00000000e-01   -6.53114459e-05    1.00897846e-03    3.80378274e-01    1.87901913e-02    5.00000000e-01    3.99999998e-01    0.00000000e+00    4.81209809e-01
87       5.20000000e-01    4.00000000e-01   -6.59317322e-05    1.01636273e-03    3.80366623e-01    1.87926753e-02    5.20000000e-01    3.99999998e-01    0.00000000e+00    5.01207325e-01
88       5.40000000e-01    4.00000000e-01   -6.65517653e-05    1.02372628e-03    3.80354981e-01    1.87951579e-02    5.40000000e-01    3.99999998e-01    0.00000000e+00    5.21204842e-01
89       5.60000000e-01    4.00000000e-01   -6.71716840e-05    1.03107224e-03    3.80343346e-01    1.87976391e-02    5.60000000e-01    3.99999998e-01    0.00000000e+00    5.41202361e-01
90       5.80000000e-01    4.00000000e-01   -6.77916059e-05    1.03840329e-03    3.80331718e-01    1.88001188e-02    5.80000000e-01    3.99999998e-01    0.00000000e+00    5.61199881e-01
91       6.00000000e-01    4.00000000e-01   -6.84116310e-05    1.04572170e-03    3.80320099e-01    1.88025971e-02    6.00000000e-01    3.99999999e-01    0.00000000e+00    5.81197403e-01
92       6.20000000e-01    4.00000000e-01   -6.90318451e-05    1.05302941e-03    3.80308487e-01    1.88050740e-02    6.20000000e-01    3.99999999e-01    0.00000000e+00    6.01194926e-01
93       6.40000000e-01    4.00000000e-01   -6.96523221e-05    1.06032810e-03    3.80296883e-01    1.88075493e-02    6.40000000e-01    3.99999999e-01    0.00000000e+00    6.21192451e-01
94       6.60000000e-01    4.00000000e-01   -7.02731261e-05    1.06761922e-03    3.80285286e-01    1.88100233e-02    6.60000000e-01    3.99999999e-01    0.00000000e+00    6.41189977e-01
95       6.80000000e-01    4.00000000e-01   -7.08943128e-05    1.07490405e-03    3.80273697e-01    1.88124958e-02    6.80000000e-01    3.99999999e-01    0.00000000e+00    6.61187504e-01
96       7.00000000e-01    4.00000000e-01   -7.15159317e-05    1.08218368e-03    3.80262116e-01    1.88149669e-02    7.00000000e-01    3.99999999e-01    0.00000000e+00    6.81185033e-01
97       7.20000000e-01    4.00000000e-01   -7.21380261e-05    1.08945909e-03    3.80250542e-01    1.88174365e-02    7.20000000e-01    3.99999999e-01    0.00000000e+00    7.01182563e-01
98       7.40000000e-01    4.00000000e-01   -7.27606355e-05    1.09673115e-03    3.80238976e-01    1.88199047e-02    7.40000000e-01    3.99999999e-01    0.00000000e+00    7.21180095e-01
99       7.60000000e-01    4.00000000e-01   -7.33837953e-05    1.10400061e-03    3.80227417e-01    1.88223715e-02    7.60000000e-01    3.99999999e-01    0.00000000e+00    7.41177629e-01
100      7.80000000e-01    4.00000000e-01   -7.40075386e-05    1.11126818e-03    3.80215867e-01    1.88248368e-02    7.80000000e-01    3.99999999e-01    0.00000000e+00    7.61175163e-01
101      8.00000000e-01    4.00000000e-01   -7.46318960e-05    1.11853447e-03    3.80204324e-01    1.88273007e-02    8.00000000e-01    3.99999999e-01    0.00000000e+00    7.81172699e-01
102      8.20000000e-01    4.00000000e-01   -7.52568972e-05    1.12580005e-03    3.80192788e-01    1.88297632e-02    8.20000000e-01    3.99999999e-01    0.00000000e+00    8.01170237e-01
103      8.40000000e-01    4.00000000e-01   -7.58825709e-05    1.13306546e-03    3.80181260e-01    1.88322242e-02    8.40000000e-01    4.00000000e-01    0.00000000e+00    8.21167776e-01
104      8.60000000e-01    4.00000000e-01   -7.65089456e-05    1.14033119e-03    3.80169740e-01    1.88346838e-02    8.60000000e-01    4.00000000e-01    0.00000000e+00    8.41165316e-01
105      8.80000000e-01    4.00000000e-01   -7.71360502e-05    1.14759772e-03    3.80158227e-01    1.88371419e-02    8.80000000e-01    4.00000000e-01    0.00000000e+00    8.61162858e-01
106      9.00000000e-01    4.00000000e-01   -7.77639143e-05    1.15486549e-03    3.80146722e-01    1.88395986e-02    9.00000000e-01    4.00000000e-01    0.00000000e+00    8.81160401e-01
107      9.20000000e-01    4.00000000e-01   -7.83925687e-05    1.16213494e-03    3.80135225e-01    1.88420539e-02    9.20000000e-01    4.00000001e-01    0.00000000e+00    9.01157946e-01
108      9.40000000e-01    4.00000000e-01   -7.90220461e-05    1.16940653e-03    3.80123735e-01    1.88445078e-02    9.40000000e-01    4.00000001e-01    0.00000000e+00    9.21155492e-01
109      9.60000000e-01    4.00000000e-01   -7.96523812e-05    1.17668067e-03    3.80112253e-01    1.88469602e-02    9.60000000e-01    4.00000002e-01    0.00000000e+00    9.41153040e-01
110      9.80000000e-01    4.00000000e-01   -8.02836111e-05    1.18395783e-03    3.80100779e-01    1.88494112e-02    9.80000000e-01    4.00000002e-01    0.00000000e+00    9.61150589e-01
111      1.00000000e+00    4.00000000e-01   -8.09157760e-05    1.19123845e-03    3.80089312e-01    1.88518608e-02    1.00000000e+00    4.00000003e-01    0.00000000e+00    9.81148139e-01
112      1.02000000e+00    4.00000000e-01   -8.15489191e-05    1.19852299e-03    3.80077853e-01    1.88543089e-02    1.02000000e+00    4.00000003e-01    0.00000000e+00    1.00114569e+00
113      1.04000000e+00    4.00000000e-01   -8.21830876e-05    1.20581195e-03    3.80066401e-01    1.88567556e-02    1.04000000e+00    4.00000004e-01    0.00000000e+00    1.02114324e+00
114      1.06000000e+00    4.00000000e-01   -8.28183327e-05    1.21310581e-03    3.80054957e-01    1.88592010e-02    1.06000000e+00    4.00000005e-01    0.00000000e+00    1.04114080e+00
115      1.08000000e+00    4.00000000e-01   -8.34547105e-05    1.22040510e-03    3.80043520e-01    1.88616449e-02    1.08000000e+00    4.00000006e-01    0.00000000e+00    1.06113836e+00
116      1.10000000e+00    4.00000000e-01   -8.40922818e-05    1.22771037e-03    3.80032092e-01    1.88640874e-02    1.10000000e+00    4.00000007e-01    0.00000000e+00    1.08113591e+00
117      1.12000000e+00    4.00000000e-01   -8.47311139e-05    1.23502219e-03    3.80020670e-01    1.88665284e-02    1.12000000e+00    4.00000008e-01    0.00000000e+00    1.10113347e+00
118      1.14000000e+00    4.00000000e-01   -8.53712804e-05    1.24234115e-03    3.80009257e-01    1.88689681e-02    1.14000000e+00    4.00000010e-01    0.00000000e+00    1.12113103e+00
119      1.16000000e+00    4.00000000e-01   -8.60128629e-05    1.24966788e-03    3.79997851e-01    1.88714064e-02    1.16000000e+00    4.00000011e-01    0.00000000e+00    1.14112859e+00
120      1.18000000e+00    4.00000000e-01   -8.66559521e-05    1.25700302e-03    3.79986452e-01    1.88738433e-02    1.18000000e+00    4.00000013e-01    0.00000000e+00    1.16112616e+00
121      1.20000000e+00    4.00000000e-01   -8.73006499e-05    1.26434727e-03    3.79975061e-01    1.88762788e-02    1.20000000e+00    4.00000015e-01    0.00000000e+00    1.18112372e+00
122      0.00000000e+00    6.00000000e-01    1.58711066e-08    0.00000000e+00    3.80672031e-01    7.96651745e-02    0.00000000e+00    5.99999985e-01    0.00000000e+00   -7.96651745e-02
123      2.00000000e-02    6.00000000e-01   -9.27166563e-05    3.68410881e-04    3.80660188e-01    7.96693750e-02    2.00000000e-02    5.99999986e-01    0.00000000e+00   -5.96693750e-02
124      4.00000000e-02    6.00000000e-01   -1.73771660e-04    7.29546527e-04    3.80648353e-01    7.96735728e-02    4.00000000e-02    5.99999986e-01    0.00000000e+00   -3.96735728e-02
125      6.00000000e-02    6.00000000e-01   -2.43591828e-04    1.08258269e-03    3.80636526e-01    7.96777679e-02    6.00000000e-02    5.99999987e-01    0.00000000e+00   -1.96777679e-02
126      8.00000000e-02    6.00000000e-01   -3.02641640e-04    1.42614072e-03    3.80624706e-01    7.96819602e-02    8.00000000e-02    5.99999987e-01    0.00000000e+00    3.18039831e-04
127      1.00000000e-01    6.00000000e-01   -3.51440119e-04    1.75771268e-03    3.80612894e-01    7.96861497e-02    1.00000000e-01    5.99999988e-01    0.00000000e+00    2.03138503e-02
128      1.20000000e-01    6.00000000e-01   -3.90619335e-04    2.07265317e-03    3.80601090e-01    7.96903366e-02    1.20000000e-01    5.99999988e-01    0.00000000e+00    4.03096634e-02
129      1.40000000e-01    6.00000000e-01   -4.21017504e-04    2.36291477e-03    3.80589293e-01    7.96945207e-02    1.40000000e-01    5.99999988e-01    0.00000000e+00    6.03054793e-02
130      1.60000000e-01    6.00000000e-01   -4.43785987e-04    2.61700063e-03    3.80577505e-01    7.96987020e-02    1.60000000e-01    5.99999989e-01    0.00000000e+00    8.03012980e-02
131      1.80000000e-01    6.00000000e-01   -4.60414652e-04    2.82399333e-03    3.80565724e-01    7.97028807e-02    1.80000000e-01    5.99999989e-01    0.00000000e+00    1.00297119e-01
132      2.00000000e-01    6.00000000e-01   -4.72551247e-04    2.98081854e-03    3.80553950e-01    7.97070566e-02    2.00000000e-01    5.99999989e-01    0.00000000e+00    1.20292943e-01
133      2.20000000e-01    6.00000000e-01   -4.81674477e-04    3.09462155e-03    3.80542185e-01    7.97112297e-02    2.20000000e-01    5.99999989e-01    0.00000000e+00    1.40288770e-01
134      2.40000000e-01    6.00000000e-01   -4.88875445e-04    3.17723760e-03    3.80530427e-01    7.97154002e-02    2.40000000e-01    5.99999989e-01    0.00000000e+00    1.60284600e-01
135      2.60000000e-01    6.00000000e-01   -4.94857780e-04    3.23921024e-03    3.80518676e-01    7.97195680e-02    2.60000000e-01    5.99999990e-01    0.00000000e+00    1.80280432e-01
136      2.80000000e-01    6.00000000e-01   -5.00047675e-04    3.28784389e-03    3.80506934e-01    7.97237330e-02    2.80000000e-01    5.99999990e-01    0.00000000e+00    2.00276267e-01
137      3.00000000e-01    6.00000000e-01   -5.04701408e-04    3.32771342e-03    3.80495199e-01    7.97278953e-02    3.00000000e-01    5.99999990e-01    0.00000000e+00    2.20272105e-01
138      3.20000000e-01    6.00000000e-01   -5.08976906e-04    3.36162087e-03    3.80483472e-01    7.97320549e-02    3.20000000e-01    5.99999990e-01    0.00000000e+00    2.40267945e-01
139      3.40000000e-01    6.00000000e-01   -5.12975253e-04    3.39131100e-03    3.80471752e-01    7.97362118e-02    3.40000000e-01    5.99999990e-01    0.00000000e+00    2.60263788e-01
140      3.60000000e-01    6.00000000e-01   -5.16763843e-04    3.41790669e-03    3.80460041e-01    7.97403659e-02    3.60000000e-01    5.99999990e-01    0.00000000e+00    2.80259634e-01
141      3.80000000e-01    6.00000000e-01   -5.20389364e-04    3.44215836e-03    3.80448337e-01    7.97445174e-02    3.80000000e-01    5.99999990e-01    0.00000000e+00    3.00255483e-01
142      4.00000000e-01    6.00000000e-01   -5.23885275e-04    3.46458618e-03    3.80436640e-01    7.97486662e-02    4.00000000e-01    5.99999990e-01    0.00000000e+00    3.20251334e-01
143      4.20000000e-01    6.00000000e-01   -5.27276263e-04    3.48556285e-03    3.80424952e-01    7.97528122e-02    4.20000000e-01    5.99999990e-01    0.00000000e+00    3.40247188e-01
144      4.40000000e-01    6.00000000e-01   -5.30581000e-04    3.50536316e-03    3.80413271e-01    7.97569556e-02    4.40000000e-01    5.99999990e-01    0.00000000e+00    3.60243044e-01
145      4.60000000e-01    6.00000000e-01   -5.33813905e-04    3.52419479e-03    3.80401597e-01    7.97610962e-02    4.60000000e-01    5.99999990e-01    0.00000000e+00    3.80238904e-01
146      4.80000000e-01    6.00000000e-01   -5.36986317e-04    3.54221800e-03    3.80389932e-01    7.97652341e-02    4.80000000e-01    5.99999990e-01    0.00000000e+00    4.00234766e-01
147      5.00000000e-01    6.00000000e-01   -5.40107286e-04    3.55955870e-03    3.80378274e-01    7.97693694e-02    5.00000000e-01    5.99999990e-01    0.00000000e+00    4.20230631e-01
148      5.20000000e-01    6.00000000e-01   -5.43184133e-04    3.57631733e-03    3.80366623e-01    7.97735019e-02    5.20000000e-01    5.99999990e-01    0.00000000e+00    4.40226498e-01
149      5.40000000e-01    6.00000000e-01   -5.46222848e-04    3.59257507e-03    3.80354981e-01    7.97776317e-02    5.40000000e-01    5.99999990e-01    0.00000000e+00    4.60222368e-01
150      5.60000000e-01    6.00000000e-01   -5.49228381e-04    3.60839830e-03    3.80343346e-01    7.97817589e-02    5.60000000e-01    5.99999990e-01    0.00000000e+00    4.80218241e-01
151      5.80000000e-01    6.00000000e-01   -5.52204861e-04    3.62384185e-03    3.80331718e-01    7.97858833e-02    5.80000000e-01    5.99999990e-01    0.00000000e+00    5.00214117e-01
152      6.00000000e-01    6.00000000e-01   -5.55155756e-04    3.63895141e-03    3.80320099e-01    7.97900051e-02    6.00000000e-01    5.99999990e-01    0.00000000e+00    5.20209995e-01
153      6.20000000e-01    6.00000000e-01   -5.58084006e-04    3.65376537e-03    3.80308487e-01    7.97941241e-02    6.20000000e-01    5.99999990e-01    0.00000000e+00    5.40205876e-01
154      6.40000000e-01    6.00000000e-01   -5.60992114e-04    3.66831621e-03    3.80296883e-01    7.97982404e-02    6.40000000e-01    5.99999990e-01    0.00000000e+00    5.60201760e-01
155      6.60000000e-01    6.00000000e-01   -5.63882227e-04    3.68263159e-03    3.80285286e-01    7.98023541e-02    6.60000000e-01    5.99999990e-01    0.00000000e+00    5.80197646e-01
156      6.80000000e-01    6.00000000e-01   -5.66756195e-04    3.69673521e-03    3.80273697e-01    7.98064650e-02    6.80000000e-01    5.99999990e-01    0.00000000e+00    6.00193535e-01
157      7.00000000e-01    6.00000000e-01   -5.69615618e-04    3.71064747e-03    3.80262116e-01    7.98105733e-02    7.00000000e-01    5.99999990e-01    0.00000000e+00    6.20189427e-01
158      7.20000000e-01    6.00000000e-01   -5.72461894e-04    3.72438606e-03    3.80250542e-01    7.98146789e-02    7.20000000e-01    5.99999990e-01    0.00000000e+00    6.40185321e-01
159      7.40000000e-01    6.00000000e-01   -5.75296240e-04    3.73796634e-03    3.80238976e-01    7.98187818e-02    7.40000000e-01    5.99999990e-01    0.00000000e+00    6.60181218e-01
160      7.60000000e-01    6.00000000e-01   -5.78119732e-04    3.75140172e-03    3.80227417e-01    7.98228819e-02    7.60000000e-01    5.99999990e-01    0.00000000e+00    6.80177118e-01
161      7.80000000e-01    6.00000000e-01   -5.80933315e-04    3.76470399e-03    3.80215867e-01    7.98269795e-02    7.80000000e-01    5.99999990e-01    0.00000000e+00    7.00173021e-01
162      8.00000000e-01    6.00000000e-01   -5.83737829e-04    3.77788350e-03    3.80204324e-01    7.98310743e-02    8.00000000e-01    5.99999990e-01    0.00000000e+00    7.20168926e-01
163      8.20000000e-01    6.00000000e-01   -5.86534025e-04    3.79094940e-03    3.80192788e-01    7.98351664e-02    8.20000000e-01    5.99999990e-01    0.00000000e+00    7.40164834e-01
164      8.40000000e-01    6.00000000e-01   -5.89322574e-04    3.80390983e-03    3.80181260e-01    7.98392558e-02    8.40000000e-01    5.99999990e-01    0.00000000e+00    7.60160744e-01
165      8.60000000e-01    6.00000000e-01   -5.92104084e-04    3.81677200e-03    3.80169740e-01    7.98433426e-02    8.60000000e-01    5.99999990e-01    0.00000000e+00    7.80156657e-01
166      8.80000000e-01    6.00000000e-01   -5.94879106e-04    3.82954239e-03    3.80158227e-01    7.98474267e-02    8.80000000e-01    5.99999990e-01    0.00000000e+00    8.00152573e-01
167      9.00000000e-01    6.00000000e-01   -5.97648144e-04    3.84222679e-03    3.80146722e-01    7.98515081e-02    9.00000000e-01    5.99999990e-01    0.00000000e+00    8.20148492e-01
168      9.20000000e-01    6.00000000e-01   -6.00411664e-04    3.85483043e-03    3.80135225e-01    7.98555868e-02    9.20000000e-01    5.99999991e-01    0.00000000e+00    8.40144413e-01
169      9.40000000e-01    6.00000000e-01   -6.03170099e-04    3.86735805e-03    3.80123735e-01    7.98596628e-02    9.40000000e-01    5.99999991e-01    0.00000000e+00    8.60140337e-01
170      9.60000000e-01    6.00000000e-01   -6.05923858e-04    3.87981397e-03    3.80112253e-01    7.98637362e-02    9.60000000e-01    5.99999991e-01    0.00000000e+00    8.80136264e-01
171      9.80000000e-01    6.00000000e-01   -6.08673325e-04    3.89220215e-03    3.80100779e-01    7.98678069e-02    9.80000000e-01    5.99999991e-01    0.00000000e+00    9.00132193e-01
172      1.00000000e+00    6.00000000e-01   -6.11418872e-04    3.90452623e-03    3.80089312e-01    7.98718749e-02    1.00000000e+00    5.99999991e-01    0.00000000e+00    9.20128125e-01
173      1.02000000e+00    6.00000000e-01   -6.14160856e-04    3.91678962e-03    3.80077853e-01    7.98759402e-02    1.02000000e+00    5.99999991e-01    0.00000000e+00    9.40124060e-01
174      1.04000000e+00    6.00000000e-01   -6.16899628e-04    3.92899548e-03    3.80066401e-01    7.98800029e-02    1.04000000e+00    5.99999991e-01    0.00000000e+00    9.60119997e-01
175      1.06000000e+00    6.00000000e-01   -6.19635531e-04    3.94114682e-03    3.80054957e-01    7.98840629e-02    1.06000000e+00    5.99999992e-01    0.00000000e+00    9.80115937e-01
176      1.08000000e+00    6.00000000e-01   -6.22368910e-04    3.95324649e-03    3.80043520e-01    7.98881202e-02    1.08000000e+00    5.99999992e-01    0.00000000e+00    1.00011188e+00
177      1.10000000e+00    6.00000000e-01   -6.25100107e-04    3.96529722e-03    3.80032092e-01    7.98921749e-02    1.10000000e+00    5.99999992e-01    0.00000000e+00    1.02010783e+00
178      1.12000000e+00    6.00000000e-01   -6.27829468e-04    3.97730165e-03    3.80020670e-01    7.98962269e-02    1.12000000e+00    5.99999992e-01    0.00000000e+00    1.04010377e+00
179      1.14000000e+00    6.00000000e-01   -6.30557346e-04    3.98926236e-03    3.80009257e-01    7.99002763e-02    1.14000000e+00    5.99999993e-01    0.00000000e+00    1.06009972e+00
180      1.16000000e+00    6.00000000e-01   -6.33284100e-04    4.00118187e-03    3.79997851e-01    7.99043230e-02    1.16000000e+00    5.99999993e-01    0.00000000e+00    1.08009568e+00
181      1.18000000e+00    6.00000000e-01   -6.36010099e-04    4.01306269e-03    3.79986452e-01    7.99083670e-02    1.18000000e+00    5.99999994e-01    0.00000000e+00    1.10009163e+00
182      1.20000000e+00    6.00000000e-01   -6.38735723e-04    4.02490730e-03    3.79975061e-01    7.99124084e-02    1.20000000e+00    5.99999994e-01    0.00000000e+00    1.12008759e+00
183      0.00000000e+00    8.00000000e-01    6.61158053e-08    0.00000000e+00    3.80672031e-01    1.50836921e-01    0.00000000e+00    7.99999937e-01    0.00000000e+00   -1.50836921e-01
184      2.00000000e-02    8.00000000e-01   -1.54822811e-04    2.52899190e-04    3.80660188e-01    1.50841225e-01    2.00000000e-02    7.99999940e-01    0.00000000e+00   -1.30841225e-01
185      4.00000000e-02    8.00000000e-01   -2.97918025e-04    5.09269668e-04    3.80648353e-01    1.50845527e-01    4.00000000e-02    7.99999942e-01    0.00000000e+00   -1.10845527e-01
186      6.00000000e-02    8.00000000e-01   -4.29545703e-04    7.68634475e-04    3.80636526e-01    1.50849825e-01    6.00000000e-02    7.99999944e-01    0.00000000e+00   -9.08498254e-02
187      8.00000000e-02    8.00000000e-01   -5.50025550e-04    1.03051000e-03    3.80624706e-01    1.50854121e-01    8.00000000e-02    7.99999946e-01    0.00000000e+00   -7.08541211e-02
188      1.00000000e-01    8.00000000e-01   -6.59672899e-04    1.29438447e-03    3.80612894e-01    1.50858414e-01    1.00000000e-01    7.99999947e-01    0.00000000e+00   -5.08584139e-02
189      1.20000000e-01    8.00000000e-01   -7.58802074e-04    1.55968309e-03    3.80601090e-01    1.50862704e-01    1.20000000e-01    7.99999949e-01    0.00000000e+00   -3.08627039e-02
190      1.40000000e-01    8.00000000e-01   -8.47731391e-04    1.82571007e-03    3.80589293e-01    1.50866991e-01    1.40000000e-01    7.99999950e-01    0.00000000e+00   -1.08669910e-02
191      1.60000000e-01    8.00000000e-01   -9.26790850e-04    2.09155132e-03    3.80577505e-01    1.50871275e-01    1.60000000e-01    7.99999951e-01    0.00000000e+00    9.12872474e-03
192      1.80000000e-01    8.00000000e-01   -9.96334179e-04    2.35591261e-03    3.80565724e-01    1.50875557e-01    1.80000000e-01    7.99999953e-01    0.00000000e+00    2.91244433e-02
193      2.00000000e-01    8.00000000e-01   -1.05675768e-03    2.61686243e-03    3.80553950e-01    1.50879835e-01    2.00000000e-01    7.99999954e-01    0.00000000e+00    4.91201648e-02
194      2.20000000e-01    8.00000000e-01   -1.10852866e-03    2.87146703e-03    3.80542185e-01    1.50884111e-01    2.20000000e-01    7.99999954e-01    0.00000000e+00    6.91158890e-02
195      2.40000000e-01    8.00000000e-01   -1.15222450e-03    3.11540248e-03    3.80530427e-01    1.50888384e-01    2.40000000e-01    7.99999955e-01    0.00000000e+00    8.91116161e-02
196      2.60000000e-01    8.00000000e-01   -1.18857578e-03    3.34287045e-03    3.80518676e-01    1.50892654e-01    2.60000000e-01    7.99999956e-01    0.00000000e+00    1.09107346e-01
197      2.80000000e-01    8.00000000e-01   -1.21849105e-03    3.54741424e-03    3.80506934e-01    1.50896921e-01    2.80000000e-01    7.99999957e-01    0.00000000e+00    1.29103079e-01
198      3.00000000e-01    8.00000000e-01   -1.24302741e-03    3.72392253e-03    3.80495199e-01    1.50901186e-01    3.00000000e-01    7.99999957e-01    0.00000000e+00    1.49098814e-01
199      3.20000000e-01    8.00000000e-01   -1.26328929e-03    3.87078366e-03    3.80483472e-01    1.50905447e-01    3.20000000e-01    7.99999957e-01    0.00000000e+00    1.69094553e-01
200      3.40000000e-01    8.00000000e-01   -1.28029437e-03    3.99033843e-03    3.80471752e-01    1.50909706e-01    3.40000000e-01    7.99999958e-01    0.00000000e+00    1.89090294e-01
201      3.60000000e-01    8.00000000e-01   -1.29487772e-03    4.08731943e-03    3.80460041e-01    1.50913962e-01    3.60000000e-01    7.99999958e-01    0.00000000e+00    2.09086038e-01
202      3.80000000e-01    8.00000000e-01   -1.30766833e-03    4.16684957e-03    3.80448337e-01    1.50918215e-01    3.80000000e-01    7.99999958e-01    0.00000000e+00    2.29081785e-01
203      4.00000000e-01    8.00000000e-01   -1.31911752e-03    4.23327619e-03    3.80436640e-01    1.50922465e-01    4.00000000e-01    7.99999959e-01    0.00000000e+00    2.49077535e-01
204      4.20000000e-01    8.00000000e-01   -1.32954387e-03    4.28988519e-03    3.80424952e-01    1.50926713e-01    4.20000000e-01    7.99999959e-01    0.00000000e+00    2.69073287e-01
205      4.40000000e-01    8.00000000e-01   -1.33917351e-03    4.33904330e-03    3.80413271e-01    1.50930958e-01    4.40000000e-01    7.99999959e-01    0.00000000e+00    2.89069042e-01
206      4.60000000e-01    8.00000000e-01   -1.34816975e-03    4.38243783e-03    3.80401597e-01    1.50935199e-01    4.60000000e-01    7.99999959e-01    0.00000000e+00    3.09064801e-01
207      4.80000000e-01    8.00000000e-01   -1.35665314e-03    4.42128344e-03    3.80389932e-01    1.50939439e-01    4.80000000e-01    7.99999959e-01    0.00000000e+00    3.29060561e-01
208      5.00000000e-01    8.00000000e-01   -1.36471467e-03    4.45647110e-03    3.80378274e-01    1.50943675e-01    5.00000000e-01    7.99999959e-01    0.00000000e+00    3.49056325e-01
209      5.20000000e-01    8.00000000e-01   -1.37242448e-03    4.48866851e-03    3.80366623e-01    1.50947908e-01    5.20000000e-01    7.99999959e-01    0.00000000e+00    3.69052092e-01
210      5.40000000e-01    8.00000000e-01   -1.37983762e-03    4.51838674e-03    3.80354981e-01    1.50952139e-01    5.40000000e-01    7.99999959e-01    0.00000000e+00    3.89047861e-01
211      5.60000000e-01    8.00000000e-01   -1.38699799e-03    4.54602446e-03    3.80343346e-01    1.50956367e-01    5.60000000e-01    7.99999960e-01    0.00000000e+00    4.09043633e-01
212      5.80000000e-01    8.00000000e-01   -1.39394110e-03    4.57189795e-03    3.80331718e-01    1.50960592e-01    5.80000000e-01    7.99999960e-01    0.00000000e+00    4.29039408e-01
213      6.00000000e-01    8.00000000e-01   -1.40069599e-03    4.59626177e-03    3.80320099e-01    1.50964815e-01    6.00000000e-01    7.99999960e-01    0.00000000e+00    4.49035185e-01
214      6.20000000e-01    8.00000000e-01   -1.40728669e-03    4.61932340e-03    3.80308487e-01    1.50969034e-01    6.20000000e-01    7.99999960e-01    0.00000000e+00    4.69030966e-01
215      6.40000000e-01    8.00000000e-01   -1.41373322e-03    4.64125378e-03    3.80296883e-01    1.50973251e-01    6.40000000e-01    7.99999960e-01    0.00000000e+00    4.89026749e-01
216      6.60000000e-01    8.00000000e-01   -1.42005243e-03    4.66219505e-03    3.80285286e-01    1.50977465e-01    6.60000000e-01    7.99999960e-01    0.00000000e+00    5.09022535e-01
217      6.80000000e-01    8.00000000e-01   -1.42625859e-03    4.68226642e-03    3.80273697e-01    1.50981676e-01    6.80000000e-01    7.99999960e-01    0.00000000e+00    5.29018324e-01
218      7.00000000e-01    8.00000000e-01   -1.43236386e-03    4.70156858e-03    3.80262116e-01    1.50985885e-01    7.00000000e-01    7.99999960e-01    0.00000000e+00    5.49014115e-01
219      7.20000000e-01    8.00000000e-01   -1.43837867e-03    4.72018715e-03    3.80250542e-01    1.50990090e-01    7.20000000e-01    7.99999960e-01    0.00000000e+00    5.69009910e-01
220      7.40000000e-01    8.00000000e-01   -1.44431201e-03    4.73819535e-03    3.80238976e-01    1.50994293e-01    7.40000000e-01    7.99999960e-01    0.00000000e+00    5.89005707e-01
221      7.60000000e-01    8.00000000e-01   -1.45017166e-03    4.75565614e-03    3.80227417e-01    1.50998494e-01    7.60000000e-01    7.99999960e-01    0.00000000e+00    6.09001506e-01
222      7.80000000e-01    8.00000000e-01   -1.45596439e-03    4.77262395e-03    3.80215867e-01    1.51002691e-01    7.80000000e-01    7.99999960e-01    0.00000000e+00    6.28997309e-01
223      8.00000000e-01    8.00000000e-01   -1.46169614e-03    4.78914599e-03    3.80204324e-01    1.51006885e-01    8.00000000e-01    7.99999960e-01    0.00000000e+00    6.48993115e-01
224      8.20000000e-01    8.00000000e-01   -1.46737210e-03    4.80526345e-03    3.80192788e-01    1.51011077e-01    8.20000000e-01    7.99999960e-01    0.00000000e+00    6.68988923e-01
225      8.40000000e-01    8.00000000e-01   -1.47299686e-03    4.82101232e-03    3.80181260e-01    1.51015266e-01    8.40000000e-01    7.99999960e-01    0.00000000e+00    6.88984734e-01
226      8.60000000e-01    8.00000000e-01   -1.47857445e-03    4.83642425e-03    3.80169740e-01    1.51019452e-01    8.60000000e-01    7.99999960e-01    0.00000000e+00    7.08980548e-01
227      8.80000000e-01    8.00000000e-01   -1.48410849e-03    4.85152708e-03    3.80158227e-01    1.51023636e-01    8.80000000e-01    7.99999960e-01    0.00000000e+00    7.28976364e-01
228      9.00000000e-01    8.00000000e-01   -1.48960217e-03    4.86634541e-03    3.80146722e-01    1.51027817e-01    9.00000000e-01    7.99999960e-01    0.00000000e+00    7.48972183e-01
229      9.20000000e-01    8.00000000e-01   -1.49505836e-03    4.88090105e-03    3.80135225e-01    1.51031995e-01    9.20000000e-01    7.99999960e-01    0.00000000e+00    7.68968005e-01
230      9.40000000e-01    8.00000000e-01   -1.50047965e-03    4.89521335e-03    3.80123735e-01    1.51036170e-01    9.40000000e-01    7.99999960e-01    0.00000000e+00    7.88963830e-01
231      9.60000000e-01    8.00000000e-01   -1.50586836e-03    4.90929958e-03    3.80112253e-01    1.51040342e-01    9.60000000e-01    7.99999960e-01    0.00000000e+00    8.08959658e-01
232      9.80000000e-01    8.00000000e-01   -1.51122661e-03    4.92317510e-03    3.80100779e-01    1.51044512e-01    9.80000000e-01    7.99999960e-01    0.00000000e+00    8.28955488e-01
233      1.00000000e+00    8.00000000e-01   -1.51655632e-03    4.93685372e-03    3.80089312e-01    1.51048679e-01    1.00000000e+00    7.99999960e-01    0.00000000e+00    8.48951321e-01
234      1.02000000e+00    8.00000000e-01   -1.52185926e-03    4.95034778e-03    3.80077853e-01    1.51052843e-01    1.02000000e+00    7.99999960e-01    0.00000000e+00    8.68947157e-01
235      1.04000000e+00    8.00000000e-01   -1.52713706e-03    4.96366842e-03    3.80066401e-01    1.51057004e-01    1.04000000e+00    7.99999960e-01    0.00000000e+00    8.88942996e-01
236      1.06000000e+00    8.00000000e-01   -1.53239123e-03    4.97682566e-03    3.80054957e-01    1.51061163e-01    1.06000000e+00    7.99999960e-01    0.00000000e+00    9.08938837e-01
237      1.08000000e+00    8.00000000e-01   -1.53762320e-03    4.98982860e-03    3.80043520e-01    1.51065319e-01    1.08000000e+00    7.99999960e-01    0.00000000e+00    9.28934681e-01
238      1.10000000e+00    8.00000000e-01   -1.54283429e-03    5.00268550e-03    3.80032092e-01    1.51069472e-01    1.10000000e+00    7.99999960e-01    0.00000000e+00    9.48930528e-01
239      1.12000000e+00    8.00000000e-01   -1.54802577e-03    5.01540389e-03    3.80020670e-01    1.51073622e-01    1.12000000e+00    7.99999960e-01    0.00000000e+00    9.68926378e-01
240      1.14000000e+00    8.00000000e-01   -1.55319886e-03    5.02799067e-03    3.80009257e-01    1.51077769e-01    1.14000000e+00    7.99999960e-01    0.00000000e+00    9.88922231e-01
241      1.16000000e+00    8.00000000e-01   -1.55835473e-03    5.04045221e-03    3.79997851e-01    1.51081914e-01    1.16000000e+00    7.99999960e-01    0.00000000e+00    1.00891809e+00
242      1.18000000e+00    8.00000000e-01   -1.56349450e-03    5.05279439e-03    3.79986452e-01    1.51086056e-01    1.18000000e+00    7.99999960e-01    0.00000000e+00    1.02891394e+00
243      1.20000000e+00    8.00000000e-01   -1.56861929e-03    5.06502269e-03    3.79975061e-01    1.51090196e-01    1.20000000e+00    7.99999961e-01    0.00000000e+00    1.04890980e+00
244      0.00000000e+00    1.00000000e+00    2.31529876e-07    0.00000000e+00    3.80672031e-01    2.21880012e-01    0.00000000e+00    9.99999780e-01    0.00000000e+00   -2.21880012e-01
245      2.00000000e-02    1.00000000e+00   -1.95625235e-04    1.62292390e-04    3.80660188e-01    2.21884320e-01    2.00000000e-02    9.99999788e-01    0.00000000e+00   -2.01884320e-01
246      4.00000000e-02    1.00000000e+00   -3.80676631e-04    3.30387217e-04    3.80648353e-01    2.21888625e-01    4.00000000e-02    9.99999795e-01    0.00000000e+00   -1.81888625e-01
247      6.00000000e-02    1.00000000e+00   -5.55164290e-04    5.03919539e-04    3.80636526e-01    2.21892926e-01    6.00000000e-02    9.99999802e-01    0.00000000e+00   -1.61892926e-01
248      8.00000000e-02    1.00000000e+00   -7.19325311e-04    6.82534982e-04    3.80624706e-01    2.21897225e-01    8.00000000e-02    9.99999808e-01    0.00000000e+00   -1.41897225e-01
249      1.00000000e-01    1.00000000e+00   -8.73391972e-04    8.65886610e-04    3.80612894e-01    2.21901521e-01    1.00000000e-01    9.99999814e-01    0.00000000e+00   -1.21901521e-01
250      1.20000000e-01    1.00000000e+00   -1.01759245e-03    1.05363079e-03    3.80601090e-01    2.21905813e-01    1.20000000e-01    9.99999819e-01    0.00000000e+00   -1.01905813e-01
251      1.40000000e-01    1.00000000e+00   -1.15215172e-03    1.24542152e-03    3.80589293e-01    2.21910103e-01    1.40000000e-01    9.99999824e-01    0.00000000e+00   -8.19101031e-02
252      1.60000000e-01    1.00000000e+00   -1.27729275e-03    1.44090242e-03    3.80577505e-01    2.21914390e-01    1.60000000e-01    9.99999828e-01    0.00000000e+00   -6.19143898e-02
253      1.80000000e-01    1.00000000e+00   -1.39323794e-03    1.63969504e-03    3.80565724e-01    2.21918674e-01    1.80000000e-01    9.99999832e-01    0.00000000e+00   -4.19186736e-02
254      2.00000000e-01    1.00000000e+00   -1.50021124e-03    1.84138165e-03    3.80553950e-01    2.21922955e-01    2.00000000e-01    9.99999836e-01    0.00000000e+00   -2.19229545e-02
255      2.20000000e-01    1.00000000e+00   -1.59844089e-03    2.04547923e-03    3.80542185e-01    2.21927233e-01    2.20000000e-01    9.99999839e-01    0.00000000e+00   -1.92723255e-03
256      2.40000000e-01    1.00000000e+00   -1.68816345e-03    2.25140036e-03    3.80530427e-01    2.21931508e-01    2.40000000e-01    9.99999842e-01    0.00000000e+00    1.80684924e-02
257      2.60000000e-01    1.00000000e+00   -1.76962940e-03    2.45839455e-03    3.80518676e-01    2.21935780e-01    2.60000000e-01    9.99999845e-01    0.00000000e+00    3.80642201e-02
258      2.80000000e-01    1.00000000e+00   -1.84311112e-03    2.66546248e-03    3.80506934e-01    2.21940049e-01    2.80000000e-01    9.99999847e-01    0.00000000e+00    5.80599508e-02
259      3.00000000e-01    1.00000000e+00   -1.90891421e-03    2.87123806e-03    3.80495199e-01    2.21944316e-01    3.00000000e-01    9.99999850e-01    0.00000000e+00    7.80556843e-02
260      3.20000000e-01    1.00000000e+00   -1.96739242e-03    3.07384511e-03    3.80483472e-01    2.21948579e-01    3.20000000e-01    9.99999852e-01    0.00000000e+00    9.80514208e-02
261      3.40000000e-01    1.00000000e+00   -2.01896616e-03    3.27077009e-03    3.80471752e-01    2.21952840e-01    3.40000000e-01    9.99999854e-01    0.00000000e+00    1.18047160e-01
262      3.60000000e-01    1.00000000e+00   -2.06414110e-03    3.45885426e-03    3.80460041e-01    2.21957098e-01    3.60000000e-01    9.99999855e-01    0.00000000e+00    1.38042902e-01
263      3.80000000e-01    1.00000000e+00   -2.10351935e-03    3.63456771e-03    3.80448337e-01    2.21961353e-01    3.80000000e-01    9.99999857e-01    0.00000000e+00    1.58038647e-01
264      4.00000000e-01    1.00000000e+00   -2.13779144e-03    3.79466851e-03    3.80436640e-01    2.21965605e-01    4.00000000e-01    9.99999858e-01    0.00000000e+00    1.78034395e-01
265      4.20000000e-01    1.00000000e+00   -2.16770048e-03    3.93706822e-03    3.80424952e-01    2.21969854e-01    4.20000000e-01    9.99999860e-01    0.00000000e+00    1.98030146e-01
266      4.40000000e-01    1.00000000e+00   -2.19398404e-03    4.06140391e-03    3.80413271e-01    2.21974101e-01    4.40000000e-01    9.99999861e-01    0.00000000e+00    2.18025899e-01
267      4.60000000e-01    1.00000000e+00   -2.21731519e-03    4.16892238e-03    3.80401597e-01    2.21978344e-01    4.60000000e-01    9.99999861e-01    0.00000000e+00    2.38021656e-01
268      4.80000000e-01    1.00000000e+00   -2.23826504e-03    4.26182190e-03    3.80389932e-01    2.21982585e-01    4.80000000e-01    9.99999862e-01    0.00000000e+00    2.58017415e-01
269      5.00000000e-01    1.00000000e+00   -2.25729363e-03    4.34253625e-03    3.80378274e-01    2.21986823e-01    5.00000000e-01    9.99999863e-01    0.00000000e+00    2.78013177e-01
270      5.20000000e-01    1.00000000e+00   -2.27476088e-03    4.41328459e-03    3.80366623e-01    2.21991058e-01    5.20000000e-01    9.99999863e-01    0.00000000e+00    2.98008942e-01
271      5.40000000e-01    1.00000000e+00   -2.29094567e-03    4.47590565e-03    3.80354981e-01    2.21995290e-01    5.40000000e-01    9.99999864e-01    0.00000000e+00    3.18004710e-01
272      5.60000000e-01    1.00000000e+00   -2.30606474e-03    4.53185871e-03    3.80343346e-01    2.21999520e-01    5.60000000e-01    9.99999864e-01    0.00000000e+00    3.38000480e-01
273      5.80000000e-01    1.00000000e+00   -2.32028827e-03    4.58228690e-03    3.80331718e-01    2.22003746e-01    5.80000000e-01    9.99999864e-01    0.00000000e+00    3.57996254e-01
274      6.00000000e-01    1.00000000e+00   -2.33375162e-03    4.62808833e-03    3.80320099e-01    2.22007970e-01    6.00000000e-01    9.99999865e-01    0.00000000e+00    3.77992030e-01
275      6.20000000e-01    1.00000000e+00   -2.34656387e-03    4.66997589e-03    3.80308487e-01    2.22012191e-01    6.20000000e-01    9.99999865e-01    0.00000000e+00    3.97987809e-01
276      6.40000000e-01    1.00000000e+00   -2.35881404e-03    4.70852272e-03    3.80296883e-01    2.22016409e-01    6.40000000e-01    9.99999865e-01    0.00000000e+00    4.17983591e-01
277      6.60000000e-01    1.00000000e+00   -2.37057552e-03    4.74419541e-03    3.80285286e-01    2.22020625e-01    6.60000000e-01    9.99999865e-01    0.00000000e+00    4.37979375e-01
278      6.80000000e-01    1.00000000e+00   -2.38190946e-03    4.77737824e-03    3.80273697e-01    2.22024838e-01    6.80000000e-01    9.99999865e-01    0.00000000e+00    4.57975162e-01
279      7.00000000e-01    1.00000000e+00   -2.39286720e-03    4.80839086e-03    3.80262116e-01    2.22029047e-01    7.00000000e-01    9.99999865e-01    0.00000000e+00    4.77970953e-01
280      7.20000000e-01    1.00000000e+00   -2.40349218e-03    4.83750147e-03    3.80250542e-01    2.22033255e-01    7.20000000e-01    9.99999866e-01    0.00000000e+00    4.97966745e-01
281      7.40000000e-01    1.00000000e+00   -2.41382137e-03    4.86493682e-03    3.80238976e-01    2.22037459e-01    7.40000000e-01    9.99999866e-01    0.00000000e+00    5.17962541e-01
282      7.60000000e-01    1.00000000e+00   -2.42388647e-03    4.89088988e-03    3.80227417e-01    2.22041660e-01    7.60000000e-01    9.99999866e-01    0.00000000e+00    5.37958340e-01
283      7.80000000e-01    1.00000000e+00   -2.43371473e-03    4.91552579e-03    3.80215867e-01    2.22045859e-01    7.80000000e-01    9.99999866e-01    0.00000000e+00    5.57954141e-01
284      8.00000000e-01    1.00000000e+00   -2.44332978e-03    4.93898664e-03    3.80204324e-01    2.22050055e-01    8.00000000e-01    9.99999866e-01    0.00000000e+00    5.77949945e-01
285      8.20000000e-01    1.00000000e+00   -2.45275211e-03    4.96139525e-03    3.80192788e-01    2.22054248e-01    8.20000000e-01    9.99999866e-01    0.00000000e+00    5.97945752e-01
286      8.40000000e-01    1.00000000e+00   -2.46199963e-03    4.98285822e-03    3.80181260e-01    2.22058439e-01    8.40000000e-01    9.99999866e-01    0.00000000e+00    6.17941561e-01
287      8.60000000e-01    1.00000000e+00   -2.47108802e-03    5.00346848e-03    3.80169740e-01    2.22062626e-01    8.60000000e-01    9.99999866e-01    0.00000000e+00    6.37937374e-01
288      8.80000000e-01    1.00000000e+00   -2.48003106e-03    5.02330728e-03    3.80158227e-01    2.22066811e-01    8.80000000e-01    9.99999866e-01    0.00000000e+00    6.57933189e-01
289      9.00000000e-01    1.00000000e+00   -2.48884092e-03    5.04244595e-03    3.80146722e-01    2.22070993e-01    9.00000000e-01    9.99999866e-01    0.00000000e+00    6.77929007e-01
290      9.20000000e-01    1.00000000e+00   -2.49752837e-03    5.06094728e-03    3.80135225e-01    2.22075173e-01    9.20000000e-01    9.99999866e-01    0.00000000e+00    6.97924827e-01
291      9.40000000e-01    1.00000000e+00   -2.50610298e-03    5.07886668e-03    3.80123735e-01    2.22079349e-01    9.40000000e-01    9.99999866e-01    0.00000000e+00    7.17920651e-01
292      9.60000000e-01    1.00000000e+00   -2.51457325e-03    5.09625323e-03    3.80112253e-01    2.22083523e-01    9.60000000e-01    9.99999866e-01    0.00000000e+00    7.37916477e-01
293      9.80000000e-01    1.00000000e+00   -2.52294680e-03    5.11315048e-03    3.80100779e-01    2.22087694e-01    9.80000000e-01    9.99999866e-01    0.00000000e+00    7.57912306e-01
294      1.00000000e+00    1.00000000e+00   -2.53123046e-03    5.12959714e-03    3.80089312e-01    2.22091862e-01    1.00000000e+00    9.99999866e-01    0.00000000e+00    7.77908138e-01
295      1.02000000e+00    1.00000000e+00   -2.53943037e-03    5.14562773e-03    3.80077853e-01    2.22096027e-01    1.02000000e+00    9.99999866e-01    0.00000000e+00    7.97903973e-01
296      1.04000000e+00    1.00000000e+00   -2.54755206e-03    5.16127307e-03    3.80066401e-01    2.22100190e-01    1.04000000e+00    9.99999866e-01    0.00000000e+00    8.17899810e-01
297      1.06000000e+00    1.00000000e+00   -2.55560056e-03    5.17656072e-03    3.80054957e-01    2.22104350e-01    1.06000000e+00    9.99999866e-01    0.00000000e+00    8.37895650e-01
298      1.08000000e+00    1.00000000e+00   -2.56358043e-03    5.19151537e-03    3.80043520e-01    2.22108507e-01    1.08000000e+00    9.99999866e-01    0.00000000e+00    8.57891493e-01
299      1.10000000e+00    1.00000000e+00   -2.57149583e-03    5.20615919e-03    3.80032092e-01    2.22112662e-01    1.10000000e+00    9.99999866e-01    0.00000000e+00    8.77887338e-01
300      1.12000000e+00    1.00000000e+00   -2.57935058e-03    5.22051208e-03    3.80020670e-01    2.22116813e-01    1.12000000e+00    9.99999866e-01    0.00000000e+00    8.97883187e-01
301      1.14000000e+00    1.00000000e+00   -2.58714820e-03    5.23459197e-03    3.80009257e-01    2.22120962e-01    1.14000000e+00    9.99999866e-01    0.00000000e+00    9.17879038e-01
302      1.16000000e+00    1.00000000e+00   -2.59489195e-03    5.24841504e-03    3.79997851e-01    2.22125108e-01    1.16000000e+00    9.99999866e-01    0.00000000e+00    9.37874892e-01
303      1.18000000e+00    1.00000000e+00   -2.60258487e-03    5.26199588e-03    3.79986452e-01    2.22129252e-01    1.18000000e+00    9.99999866e-01    0.00000000e+00    9.57870748e-01
304      1.20000000e+00    1.00000000e+00   -2.61022981e-03    5.27534771e-03    3.79975061e-01    2.22133392e-01    1.20000000e+00    9.99999866e-01    0.00000000e+00    9.77866608e-01
305      0.00000000e+00    1.20000000e+00    7.31107717e-07    0.00000000e+00    3.80672031e-01    2.92356984e-01    0.00000000e+00    1.19999931e+00    0.00000000e+00   -2.92356984e-01
306      2.00000000e-02    1.20000000e+00   -2.21052788e-04    1.00788301e-04    3.80660188e-01    2.92361297e-01    2.00000000e-02    1.19999933e+00    0.00000000e+00   -2.72361297e-01
307      4.00000000e-02    1.20000000e+00   -4.33224761e-04    2.07529545e-04    3.80648353e-01    2.92365607e-01    4.00000000e-02    1.19999936e+00    0.00000000e+00   -2.52365607e-01
308      6.00000000e-02    1.20000000e+00   -6.35961895e-04    3.19956009e-04    3.80636526e-01    2.92369914e-01    6.00000000e-02    1.19999938e+00    0.00000000e+00   -2.32369914e-01
309      8.00000000e-02    1.20000000e+00   -8.29440523e-04    4.37807819e-04    3.80624706e-01    2.92374217e-01    8.00000000e-02    1.19999940e+00    0.00000000e+00   -2.12374217e-01
310      1.00000000e-01    1.20000000e+00   -1.01383365e-03    5.60831976e-04    3.80612894e-01    2.92378516e-01    1.00000000e-01    1.19999941e+00    0.00000000e+00   -1.92378516e-01
311      1.20000000e-01    1.20000000e+00   -1.18931120e-03    6.88781200e-04    3.80601090e-01    2.92382813e-01    1.20000000e-01    1.19999943e+00    0.00000000e+00   -1.72382813e-01
312      1.40000000e-01    1.20000000e+00   -1.35604041e-03    8.21412554e-04    3.80589293e-01    2.92387106e-01    1.40000000e-01    1.19999944e+00    0.00000000e+00   -1.52387106e-01
313      1.60000000e-01    1.20000000e+00   -1.51418618e-03    9.58485715e-04    3.80577505e-01    2.92391395e-01    1.60000000e-01    1.19999946e+00    0.00000000e+00   -1.32391395e-01
314      1.80000000e-01    1.20000000e+00   -1.66391153e-03    1.09976079e-03    3.80565724e-01    2.92395682e-01    1.80000000e-01    1.19999947e+00    0.00000000e+00   -1.12395682e-01
315      2.00000000e-01    1.20000000e+00   -1.80537817e-03    1.24499544e-03    3.80553950e-01    2.92399965e-01    2.00000000e-01    1.19999948e+00    0.00000000e+00   -9.23999654e-02
316      2.20000000e-01    1.20000000e+00   -1.93874713e-03    1.39394112e-03    3.80542185e-01    2.92404246e-01    2.20000000e-01    1.19999949e+00    0.00000000e+00   -7.24042458e-02
317      2.40000000e-01    1.20000000e+00   -2.06417962e-03    1.54633789e-03    3.80530427e-01    2.92408523e-01    2.40000000e-01    1.19999950e+00    0.00000000e+00   -5.24085231e-02
318      2.60000000e-01    1.20000000e+00   -2.18183806e-03    1.70190744e-03    3.80518676e-01    2.92412797e-01    2.60000000e-01    1.19999951e+00    0.00000000e+00   -3.24127973e-02
319      2.80000000e-01    1.20000000e+00   -2.29188750e-03    1.86034329e-03    3.80506934e-01    2.92417069e-01    2.80000000e-01    1.19999952e+00    0.00000000e+00   -1.24170685e-02
320      3.00000000e-01    1.20000000e+00   -2.39449739e-03    2.02129727e-03    3.80495199e-01    2.92421337e-01    3.00000000e-01    1.19999953e+00    0.00000000e+00    7.57866328e-03
321      3.20000000e-01    1.20000000e+00   -2.48984394e-03    2.18436067e-03    3.80483472e-01    2.92425602e-01    3.20000000e-01    1.19999954e+00    0.00000000e+00    2.75743981e-02
322      3.40000000e-01    1.20000000e+00   -2.57811335e-03    2.34903821e-03    3.80471752e-01    2.92429864e-01    3.40000000e-01    1.19999954e+00    0.00000000e+00    4.75701358e-02
323      3.60000000e-01    1.20000000e+00   -2.65950590e-03    2.51471295e-03    3.80460041e-01    2.92434123e-01    3.60000000e-01    1.19999955e+00    0.00000000e+00    6.75658766e-02
324      3.80000000e-01    1.20000000e+00   -2.73424151e-03    2.68060083e-03    3.80448337e-01    2.92438380e-01    3.80000000e-01    1.19999956e+00    0.00000000e+00    8.75616203e-02
325      4.00000000e-01    1.20000000e+00   -2.80256661e-03    2.84569674e-03    3.80436640e-01    2.92442633e-01    4.00000000e-01    1.19999956e+00    0.00000000e+00    1.07557367e-01
326      4.20000000e-01    1.20000000e+00   -2.86476249e-03    3.00872059e-03    3.80424952e-01    2.92446884e-01    4.20000000e-01    1.19999957e+00    0.00000000e+00    1.27553116e-01
327      4.40000000e-01    1.20000000e+00   -2.92115434e-03    3.16808572e-03    3.80413271e-01    2.92451131e-01    4.40000000e-01    1.19999957e+00    0.00000000e+00    1.47548869e-01
328      4.60000000e-01    1.20000000e+00   -2.97211911e-03    3.32192932e-03    3.80401597e-01    2.92455376e-01    4.60000000e-01    1.19999957e+00    0.00000000e+00    1.67544624e-01
329      4.80000000e-01    1.20000000e+00   -3.01808869e-03    3.46825500e-03    3.80389932e-01    2.92459617e-01    4.80000000e-01    1.19999958e+00    0.00000000e+00    1.87540383e-01
330      5.00000000e-01    1.20000000e+00   -3.05954431e-03    3.60521031e-03    3.80378274e-01    2.92463856e-01    5.00000000e-01    1.19999958e+00    0.00000000e+00    2.07536144e-01
331      5.20000000e-01    1.20000000e+00   -3.09699881e-03    3.73143913e-03    3.80366623e-01    2.92468092e-01    5.20000000e-01    1.19999958e+00    0.00000000e+00    2.27531908e-01
332      5.40000000e-01    1.20000000e+00   -3.13096879e-03    3.84635189e-03    3.80354981e-01    2.92472324e-01    5.40000000e-01    1.19999959e+00    0.00000000e+00    2.47527676e-01
333      5.60000000e-01    1.20000000e+00   -3.16194406e-03    3.95016139e-03    3.80343346e-01    2.92476554e-01    5.60000000e-01    1.19999959e+00    0.00000000e+00    2.67523446e-01
334      5.80000000e-01    1.20000000e+00   -3.19036399e-03    4.04367704e-03    3.80331718e-01    2.92480781e-01    5.80000000e-01    1.19999959e+00    0.00000000e+00    2.87519219e-01
335      6.00000000e-01    1.20000000e+00   -3.21660638e-03    4.12800011e-03    3.80320099e-01    2.92485005e-01    6.00000000e-01    1.19999959e+00    0.00000000e+00    3.07514995e-01
336      6.20000000e-01    1.20000000e+00   -3.24098761e-03    4.20427357e-03    3.80308487e-01    2.92489227e-01    6.20000000e-01    1.19999959e+00    0.00000000e+00    3.27510773e-01
337      6.40000000e-01    1.20000000e+00   -3.26376960e-03    4.27354533e-03    3.80296883e-01    2.92493445e-01    6.40000000e-01    1.19999960e+00    0.00000000e+00    3.47506555e-01
338      6.60000000e-01    1.20000000e+00   -3.28516902e-03    4.33672316e-03    3.80285286e-01    2.92497661e-01    6.60000000e-01    1.19999960e+00    0.00000000e+00    3.67502339e-01
339      6.80000000e-01    1.20000000e+00   -3.30536602e-03    4.39457764e-03    3.80273697e-01    2.92501873e-01    6.80000000e-01    1.19999960e+00    0.00000000e+00    3.87498127e-01
340      7.00000000e-01    1.20000000e+00   -3.32451144e-03    4.44776165e-03    3.80262116e-01    2.92506083e-01    7.00000000e-01    1.19999960e+00    0.00000000e+00    4.07493917e-01
341      7.20000000e-01    1.20000000e+00   -3.34273258e-03    4.49683137e-03    3.80250542e-01    2.92510290e-01    7.20000000e-01    1.19999960e+00    0.00000000e+00    4.27489710e-01
342      7.40000000e-01    1.20000000e+00   -3.36013762e-03    4.54226399e-03    3.80238976e-01    2.92514494e-01    7.40000000e-01    1.19999960e+00    0.00000000e+00    4.47485506e-01
343      7.60000000e-01    1.20000000e+00   -3.37681906e-03    4.58447146e-03    3.80227417e-01    2.92518696e-01    7.60000000e-01    1.19999960e+00    0.00000000e+00    4.67481304e-01
344      7.80000000e-01    1.20000000e+00   -3.39285639e-03    4.62381120e-03    3.80215867e-01    2.92522895e-01    7.80000000e-01    1.19999960e+00    0.00000000e+00    4.87477105e-01
345      8.00000000e-01    1.20000000e+00   -3.40831828e-03    4.66059445e-03    3.80204324e-01    2.92527090e-01    8.00000000e-01    1.19999960e+00    0.00000000e+00    5.07472910e-01
346      8.20000000e-01    1.20000000e+00   -3.42326424e-03    4.69509307e-03    3.80192788e-01    2.92531283e-01    8.20000000e-01    1.19999960e+00    0.00000000e+00    5.27468717e-01
347      8.40000000e-01    1.20000000e+00   -3.43774609e-03    4.72754505e-03    3.80181260e-01    2.92535474e-01    8.40000000e-01    1.19999960e+00    0.00000000e+00    5.47464526e-01
348      8.60000000e-01    1.20000000e+00   -3.45180909e-03    4.75815920e-03    3.80169740e-01    2.92539661e-01    8.60000000e-01    1.19999960e+00    0.00000000e+00    5.67460339e-01
349      8.80000000e-01    1.20000000e+00   -3.46549289e-03    4.78711912e-03    3.80158227e-01    2.92543846e-01    8.80000000e-01    1.19999960e+00    0.00000000e+00    5.87456154e-01
350      9.00000000e-01    1.20000000e+00   -3.47883233e-03    4.81458648e-03    3.80146722e-01    2.92548028e-01    9.00000000e-01    1.19999960e+00    0.00000000e+00    6.07451972e-01
351      9.20000000e-01    1.20000000e+00   -3.49185816e-03    4.84070401e-03    3.80135225e-01    2.92552207e-01    9.20000000e-01    1.19999960e+00    0.00000000e+00    6.27447793e-01
352      9.40000000e-01    1.20000000e+00   -3.50459752e-03    4.86559788e-03    3.80123735e-01    2.92556383e-01    9.40000000e-01    1.19999960e+00    0.00000000e+00    6.47443617e-01
353      9.60000000e-01    1.20000000e+00   -3.51707450e-03    4.88937990e-03    3.80112253e-01    2.92560557e-01    9.60000000e-01    1.19999960e+00    0.00000000e+00    6.67439443e-01
354      9.80000000e-01    1.20000000e+00   -3.52931049e-03    4.91214928e-03    3.80100779e-01    2.92564728e-01    9.80000000e-01    1.19999960e+00    0.00000000e+00    6.87435272e-01
355      1.00000000e+00    1.20000000e+00   -3.54132457e-03    4.93399430e-03    3.80089312e-01    2.92568896e-01    1.00000000e+00    1.19999960e+00    0.00000000e+00    7.07431104e-01
356      1.02000000e+00    1.20000000e+00   -3.55313375e-03    4.95499357e-03    3.80077853e-01    2.92573061e-01    1.02000000e+00    1.19999960e+00    0.00000000e+00    7.27426939e-01
357      1.04000000e+00    1.20000000e+00   -3.56475330e-03    4.97521728e-03    3.80066401e-01    2.92577224e-01    1.04000000e+00    1.19999960e+00    0.00000000e+00    7.47422776e-01
358      1.06000000e+00    1.20000000e+00   -3.57619691e-03    4.99472817e-03    3.80054957e-01    2.92581383e-01    1.06000000e+00    1.19999960e+00    0.00000000e+00    7.67418617e-01
359      1.08000000e+00    1.20000000e+00   -3.58747689e-03    5.01358243e-03    3.80043520e-01    2.92585540e-01    1.08000000e+00    1.19999960e+00    0.00000000e+00    7.87414460e-01
360      1.10000000e+00    1.20000000e+00   -3.59860436e-03    5.03183042e-03    3.80032092e-01    2.92589695e-01    1.10000000e+00    1.19999960e+00    0.00000000e+00    8.07410305e-01
361      1.12000000e+00    1.20000000e+00   -3.60958939e-03    5.04951739e-03    3.80020670e-01    2.92593846e-01    1.12000000e+00    1.19999960e+00    0.00000000e+00    8.27406154e-01
362      1.14000000e+00    1.20000000e+00   -3.62044108e-03    5.06668399e-03    3.80009257e-01    2.92597995e-01    1.14000000e+00    1.19999960e+00    0.00000000e+00    8.47402005e-01
363      1.16000000e+00    1.20000000e+00   -3.63116775e-03    5.08336681e-03    3.79997851e-01    2.92602141e-01    1.16000000e+00    1.19999960e+00    0.00000000e+00    8.67397859e-01
364      1.18000000e+00    1.20000000e+00   -3.64177695e-03    5.09959882e-03    3.79986452e-01    2.92606284e-01    1.18000000e+00    1.19999960e+00    0.00000000e+00    8.87393716e-01
365      1.20000000e+00    1.20000000e+00   -3.65227562e-03    5.11540971e-03    3.79975061e-01    2.92610424e-01    1.20000000e+00    1.19999960e+00    0.00000000e+00    9.07389576e-01
End of Xyce(TM) Simulation
