Index        TIME             V(1)             V(2)             V(5)
0       0.00000e+00      5.00000e+00      3.84615e+00      5.00000e+00      
1       1.00000e-13      5.00030e+00      3.84615e+00      5.00000e+00      
2       3.00000e-13      5.00090e+00      3.84615e+00      5.00000e+00      
3       7.00000e-13      5.00210e+00      3.84615e+00      5.00000e+00      
4       1.50000e-12      5.00450e+00      3.84615e+00      5.00000e+00      
5       3.10000e-12      5.00930e+00      3.84615e+00      5.00000e+00      
6       6.30000e-12      5.01890e+00      3.84615e+00      5.00000e+00      
7       1.27000e-11      5.03810e+00      3.84615e+00      5.00000e+00      
8       2.55000e-11      5.07650e+00      3.84615e+00      5.00000e+00      
9       5.11000e-11      5.15330e+00      3.84615e+00      5.00000e+00      
10      1.02300e-10      5.30690e+00      3.84615e+00      5.00000e+00      
11      2.04700e-10      5.61410e+00      3.84615e+00      5.00000e+00      
12      4.09500e-10      6.22850e+00      3.84615e+00      5.00000e+00      
13      8.19100e-10      7.45730e+00      3.84615e+00      5.00000e+00      
14      1.00000e-09      8.00000e+00      3.84615e+00      5.00000e+00      
15      1.08192e-09      8.00000e+00      3.84615e+00      5.00000e+00      
16      1.24576e-09      8.00000e+00      3.84615e+00      5.00000e+00      
17      1.57344e-09      8.00000e+00      3.84615e+00      5.00000e+00      
18      2.22880e-09      8.00000e+00      3.84615e+00      5.00000e+00      
19      2.29175e-09      8.00000e+00      4.00600e+00      5.00000e+00      
20      2.34841e-09      8.00000e+00      4.16952e+00      5.00000e+00      
21      2.40507e-09      8.00000e+00      4.33403e+00      5.00000e+00      
22      2.51839e-09      8.00000e+00      4.66580e+00      5.00000e+00      
23      2.74502e-09      8.00000e+00      5.34037e+00      5.00000e+00      
24      3.19830e-09      8.00000e+00      6.73197e+00      5.00000e+00      
25      3.23607e-09      8.00000e+00      6.82661e+00      5.00000e+00      
26      3.28140e-09      8.00000e+00      6.82338e+00      5.00000e+00      
27      3.37205e-09      8.00000e+00      6.81668e+00      5.00000e+00      
28      3.55336e-09      8.00000e+00      6.80239e+00      5.00000e+00      
29      3.91597e-09      8.00000e+00      6.77030e+00      5.00000e+00      
30      4.64121e-09      8.00000e+00      6.70684e+00      5.00000e+00      
31      5.36644e-09      8.00000e+00      6.66446e+00      5.00000e+00      
32      5.47214e-09      8.00000e+00      6.65615e+00      5.00000e+00      
33      5.54466e-09      8.00000e+00      6.66822e+00      5.00000e+00      
34      5.61718e-09      8.00000e+00      6.66343e+00      5.00000e+00      
35      5.68971e-09      8.00000e+00      6.65780e+00      5.00000e+00      
36      5.83475e-09      8.00000e+00      6.64625e+00      5.00000e+00      
37      6.12485e-09      8.00000e+00      6.62212e+00      5.00000e+00      
38      6.70503e-09      8.00000e+00      6.51994e+00      5.00000e+00      
39      7.22720e-09      8.00000e+00      6.34360e+00      5.00000e+00      
40      7.70820e-09      8.00000e+00      6.11532e+00      5.00000e+00      
41      7.71546e-09      8.00000e+00      6.11178e+00      5.00000e+00      
42      7.72996e-09      8.00000e+00      6.10469e+00      5.00000e+00      
43      7.75897e-09      8.00000e+00      6.09047e+00      5.00000e+00      
44      7.78073e-09      8.00000e+00      6.07977e+00      5.00000e+00      
45      7.78653e-09      8.00000e+00      6.07690e+00      5.00000e+00      
46      7.79813e-09      8.00000e+00      6.07118e+00      5.00000e+00      
47      7.82134e-09      8.00000e+00      6.05973e+00      5.00000e+00      
48      7.85325e-09      8.00000e+00      6.04392e+00      5.00000e+00      
49      7.85789e-09      8.00000e+00      6.04160e+00      5.00000e+00      
50      7.86717e-09      8.00000e+00      6.03699e+00      5.00000e+00      
51      7.88574e-09      8.00000e+00      6.02775e+00      5.00000e+00      
52      7.92287e-09      8.00000e+00      6.00923e+00      5.00000e+00      
53      7.92577e-09      8.00000e+00      6.01114e+00      5.00000e+00      
54      7.93158e-09      8.00000e+00      6.01131e+00      5.00000e+00      
55      7.94318e-09      8.00000e+00      6.01153e+00      5.00000e+00      
56      7.96639e-09      8.00000e+00      6.01196e+00      5.00000e+00      
57      8.01280e-09      8.00000e+00      6.01285e+00      5.00000e+00      
58      8.10563e-09      8.00000e+00      6.01390e+00      5.00000e+00      
59      8.29129e-09      8.00000e+00      6.01626e+00      5.00000e+00      
60      8.66261e-09      8.00000e+00      6.02927e+00      5.00000e+00      
61      9.00000e-09      8.00000e+00      6.04322e+00      5.00000e+00      
62      9.01618e-09      7.95146e+00      6.04380e+00      5.00000e+00      
63      9.02989e-09      7.91033e+00      6.04415e+00      5.00000e+00      
64      9.05731e-09      7.82808e+00      6.04484e+00      5.00000e+00      
65      9.11214e-09      7.66358e+00      6.04625e+00      5.00000e+00      
66      9.22181e-09      7.33457e+00      6.04916e+00      5.00000e+00      
67      9.44114e-09      6.67657e+00      6.05531e+00      5.00000e+00      
68      9.87982e-09      5.36055e+00      6.06582e+00      5.00000e+00      
69      1.00000e-08      5.00000e+00      6.06677e+00      5.00000e+00      
70      1.00159e-08      5.00000e+00      6.06682e+00      5.00000e+00      
71      1.00477e-08      5.00000e+00      6.06709e+00      5.00000e+00      
72      1.01113e-08      5.00000e+00      6.06766e+00      5.00000e+00      
73      1.01589e-08      5.00000e+00      6.06811e+00      5.00000e+00      
74      1.01592e-08      5.00000e+00      6.06811e+00      5.00000e+00      
75      1.01598e-08      5.00000e+00      6.06812e+00      5.00000e+00      
76      1.01610e-08      5.00000e+00      6.06813e+00      5.00000e+00      
77      1.01618e-08      5.00000e+00      6.06814e+00      5.00000e+00      
78      1.01621e-08      5.00000e+00      6.06814e+00      5.00000e+00      
79      1.01625e-08      5.00000e+00      6.06814e+00      5.00000e+00      
80      1.01635e-08      5.00000e+00      6.06815e+00      5.00000e+00      
81      1.01653e-08      5.00000e+00      6.06817e+00      5.00000e+00      
82      1.01676e-08      5.00000e+00      6.06819e+00      5.00000e+00      
83      1.01680e-08      5.00000e+00      6.06819e+00      5.00000e+00      
84      1.01688e-08      5.00000e+00      6.06820e+00      5.00000e+00      
85      1.01702e-08      5.00000e+00      6.06822e+00      5.00000e+00      
86      1.01732e-08      5.00000e+00      6.06824e+00      5.00000e+00      
87      1.01792e-08      5.00000e+00      6.06830e+00      5.00000e+00      
88      1.01792e-08      5.00000e+00      6.06830e+00      5.00000e+00      
89      1.01794e-08      5.00000e+00      6.06830e+00      5.00000e+00      
90      1.01798e-08      5.00000e+00      6.06831e+00      5.00000e+00      
91      1.01805e-08      5.00000e+00      6.06831e+00      5.00000e+00      
92      1.01820e-08      5.00000e+00      6.06833e+00      5.00000e+00      
93      1.01850e-08      5.00000e+00      6.06836e+00      5.00000e+00      
94      1.01909e-08      5.00000e+00      6.06841e+00      5.00000e+00      
95      1.02025e-08      5.00000e+00      6.07936e+00      5.00000e+00      
96      1.02036e-08      5.00000e+00      6.07949e+00      5.00000e+00      
97      1.02060e-08      5.00000e+00      6.07955e+00      5.00000e+00      
98      1.02108e-08      5.00000e+00      6.07967e+00      5.00000e+00      
99      1.02203e-08      5.00000e+00      6.07992e+00      5.00000e+00      
100     1.02393e-08      5.00000e+00      6.08040e+00      5.00000e+00      
101     1.02773e-08      5.00000e+00      6.08139e+00      5.00000e+00      
102     1.03534e-08      5.00000e+00      6.08339e+00      5.00000e+00      
103     1.05055e-08      5.00000e+00      6.08753e+00      5.00000e+00      
104     1.08096e-08      5.00000e+00      6.09634e+00      5.00000e+00      
105     1.12361e-08      5.00000e+00      6.12182e+00      5.00000e+00      
106     1.12548e-08      5.00000e+00      6.06962e+00      5.00000e+00      
107     1.12701e-08      5.00000e+00      6.02694e+00      5.00000e+00      
108     1.13005e-08      5.00000e+00      5.94148e+00      5.00000e+00      
109     1.13614e-08      5.00000e+00      5.77019e+00      5.00000e+00      
110     1.14832e-08      5.00000e+00      5.42610e+00      5.00000e+00      
111     1.17267e-08      5.00000e+00      4.73184e+00      5.00000e+00      
112     1.22139e-08      5.00000e+00      3.31881e+00      5.00000e+00      
113     1.22361e-08      5.00000e+00      3.22765e+00      5.00000e+00      
114     1.22805e-08      5.00000e+00      3.23068e+00      5.00000e+00      
115     1.23693e-08      5.00000e+00      3.23694e+00      5.00000e+00      
116     1.25469e-08      5.00000e+00      3.25036e+00      5.00000e+00      
117     1.29022e-08      5.00000e+00      3.28063e+00      5.00000e+00      
118     1.34721e-08      5.00000e+00      3.33058e+00      5.00000e+00      
119     1.35432e-08      5.00000e+00      3.33434e+00      5.00000e+00      
120     1.36142e-08      5.00000e+00      3.33809e+00      5.00000e+00      
121     1.37563e-08      5.00000e+00      3.34596e+00      5.00000e+00      
122     1.40405e-08      5.00000e+00      3.35528e+00      5.00000e+00      
123     1.43247e-08      5.00000e+00      3.37032e+00      5.00000e+00      
124     1.44721e-08      5.00000e+00      3.37432e+00      5.00000e+00      
125     1.45006e-08      5.00000e+00      3.37532e+00      5.00000e+00      
126     1.45574e-08      5.00000e+00      3.37759e+00      5.00000e+00      
127     1.46711e-08      5.00000e+00      3.38230e+00      5.00000e+00      
128     1.48984e-08      5.00000e+00      3.39244e+00      5.00000e+00      
129     1.53532e-08      5.00000e+00      3.41537e+00      5.00000e+00      
130     1.56676e-08      5.00000e+00      3.43326e+00      5.00000e+00      
131     1.57144e-08      5.00000e+00      3.42871e+00      5.00000e+00      
132     1.57611e-08      5.00000e+00      3.45160e+00      5.00000e+00      
133     1.58079e-08      5.00000e+00      3.47502e+00      5.00000e+00      
134     1.58546e-08      5.00000e+00      3.49859e+00      5.00000e+00      
135     1.59481e-08      5.00000e+00      3.54619e+00      5.00000e+00      
136     1.61352e-08      5.00000e+00      3.64325e+00      5.00000e+00      
137     1.65092e-08      5.00000e+00      3.84459e+00      5.00000e+00      
138     1.67082e-08      5.00000e+00      3.95568e+00      5.00000e+00      
139     1.67110e-08      5.00000e+00      3.95754e+00      5.00000e+00      
140     1.67167e-08      5.00000e+00      3.96077e+00      5.00000e+00      
141     1.67281e-08      5.00000e+00      3.96719e+00      5.00000e+00      
142     1.67366e-08      5.00000e+00      3.97203e+00      5.00000e+00      
143     1.67389e-08      5.00000e+00      3.97333e+00      5.00000e+00      
144     1.67434e-08      5.00000e+00      3.97591e+00      5.00000e+00      
145     1.67525e-08      5.00000e+00      3.98107e+00      5.00000e+00      
146     1.67707e-08      5.00000e+00      3.99140e+00      5.00000e+00      
147     1.67935e-08      5.00000e+00      4.00435e+00      5.00000e+00      
148     1.67971e-08      5.00000e+00      4.01022e+00      5.00000e+00      
149     1.68007e-08      5.00000e+00      4.01032e+00      5.00000e+00      
150     1.68044e-08      5.00000e+00      4.01012e+00      5.00000e+00      
151     1.68117e-08      5.00000e+00      4.00979e+00      5.00000e+00      
152     1.68262e-08      5.00000e+00      4.00914e+00      5.00000e+00      
153     1.68553e-08      5.00000e+00      4.00784e+00      5.00000e+00      
154     1.69135e-08      5.00000e+00      4.00609e+00      5.00000e+00      
155     1.70299e-08      5.00000e+00      4.00247e+00      5.00000e+00      
156     1.72627e-08      5.00000e+00      3.99482e+00      5.00000e+00      
157     1.77284e-08      5.00000e+00      3.97789e+00      5.00000e+00      
158     1.79037e-08      5.00000e+00      3.97095e+00      5.00000e+00      
159     1.79968e-08      5.00000e+00      3.97198e+00      5.00000e+00      
160     1.81830e-08      5.00000e+00      3.96826e+00      5.00000e+00      
161     1.83693e-08      5.00000e+00      3.96420e+00      5.00000e+00      
162     1.87418e-08      5.00000e+00      3.95527e+00      5.00000e+00      
163     1.90368e-08      5.00000e+00      3.94763e+00      5.00000e+00      
164     1.90372e-08      5.00000e+00      3.94768e+00      5.00000e+00      
165     1.90379e-08      5.00000e+00      3.94766e+00      5.00000e+00      
166     1.90394e-08      5.00000e+00      3.94763e+00      5.00000e+00      
167     1.90404e-08      5.00000e+00      3.94760e+00      5.00000e+00      
168     1.90407e-08      5.00000e+00      3.94759e+00      5.00000e+00      
169     1.90413e-08      5.00000e+00      3.94757e+00      5.00000e+00      
170     1.90425e-08      5.00000e+00      3.94754e+00      5.00000e+00      
171     1.90448e-08      5.00000e+00      3.94748e+00      5.00000e+00      
172     1.90477e-08      5.00000e+00      3.94740e+00      5.00000e+00      
173     1.90482e-08      5.00000e+00      3.94739e+00      5.00000e+00      
174     1.90491e-08      5.00000e+00      3.94736e+00      5.00000e+00      
175     1.90510e-08      5.00000e+00      3.94731e+00      5.00000e+00      
176     1.90547e-08      5.00000e+00      3.94721e+00      5.00000e+00      
177     1.90622e-08      5.00000e+00      3.94700e+00      5.00000e+00      
178     1.90623e-08      5.00000e+00      3.95255e+00      5.00000e+00      
179     1.90625e-08      5.00000e+00      3.95309e+00      5.00000e+00      
180     1.90630e-08      5.00000e+00      3.95312e+00      5.00000e+00      
181     1.90639e-08      5.00000e+00      3.95307e+00      5.00000e+00      
182     1.90658e-08      5.00000e+00      3.95297e+00      5.00000e+00      
183     1.90695e-08      5.00000e+00      3.95277e+00      5.00000e+00      
184     1.90769e-08      5.00000e+00      3.95236e+00      5.00000e+00      
185     1.90918e-08      5.00000e+00      3.95155e+00      5.00000e+00      
186     1.91216e-08      5.00000e+00      3.94994e+00      5.00000e+00      
187     1.91812e-08      5.00000e+00      3.94680e+00      5.00000e+00      
188     1.93004e-08      5.00000e+00      3.94078e+00      5.00000e+00      
189     1.95388e-08      5.00000e+00      3.92973e+00      5.00000e+00      
190     2.00000e-08      5.00000e+00      3.91168e+00      5.00000e+00      
191     2.00078e-08      5.02354e+00      3.91131e+00      5.00000e+00      
192     2.00148e-08      5.04434e+00      3.91098e+00      5.00000e+00      
193     2.00286e-08      5.08594e+00      3.91032e+00      5.00000e+00      
194     2.00564e-08      5.16914e+00      3.90900e+00      5.00000e+00      
195     2.01118e-08      5.33553e+00      3.90633e+00      5.00000e+00      
196     2.01397e-08      5.41920e+00      3.90498e+00      5.00000e+00      
197     2.01470e-08      5.44104e+00      3.90463e+00      5.00000e+00      
198     2.01536e-08      5.46069e+00      3.90431e+00      5.00000e+00      
199     2.01667e-08      5.49999e+00      3.90367e+00      5.00000e+00      
200     2.01929e-08      5.57860e+00      3.90240e+00      5.00000e+00      
201     2.02453e-08      5.73582e+00      3.89983e+00      5.00000e+00      
202     2.03501e-08      6.05025e+00      3.89463e+00      5.00000e+00      
203     2.05597e-08      6.67911e+00      3.88402e+00      5.00000e+00      
204     2.09789e-08      7.93683e+00      3.86192e+00      5.00000e+00      
205     2.10000e-08      8.00000e+00      3.86074e+00      5.00000e+00      
206     2.10273e-08      8.00000e+00      3.85926e+00      5.00000e+00      
207     2.10819e-08      8.00000e+00      3.85628e+00      5.00000e+00      
208     2.11910e-08      8.00000e+00      3.85027e+00      5.00000e+00      
209     2.12729e-08      8.00000e+00      3.84572e+00      5.00000e+00      
210     2.12754e-08      8.00000e+00      3.84558e+00      5.00000e+00      
211     2.12805e-08      8.00000e+00      3.84529e+00      5.00000e+00      
212     2.12906e-08      8.00000e+00      3.84472e+00      5.00000e+00      
213     2.12982e-08      8.00000e+00      3.84430e+00      5.00000e+00      
214     2.12982e-08      8.00000e+00      3.84430e+00      5.00000e+00      
215     2.12983e-08      8.00000e+00      3.84430e+00      5.00000e+00      
216     2.12983e-08      8.00000e+00      3.84429e+00      5.00000e+00      
217     2.12983e-08      8.00000e+00      3.84429e+00      5.00000e+00      
218     2.12983e-08      8.00000e+00      3.84429e+00      5.00000e+00      
219     2.12984e-08      8.00000e+00      3.84429e+00      5.00000e+00      
220     2.12984e-08      8.00000e+00      3.84429e+00      5.00000e+00      
221     2.12985e-08      8.00000e+00      3.84428e+00      5.00000e+00      
222     2.12986e-08      8.00000e+00      3.84428e+00      5.00000e+00      
223     2.12986e-08      8.00000e+00      3.84428e+00      5.00000e+00      
224     2.12986e-08      8.00000e+00      3.84428e+00      5.00000e+00      
225     2.12987e-08      8.00000e+00      3.84427e+00      5.00000e+00      
226     2.12988e-08      8.00000e+00      3.84427e+00      5.00000e+00      
227     2.12990e-08      8.00000e+00      3.84425e+00      5.00000e+00      
228     2.12990e-08      8.00000e+00      3.84425e+00      5.00000e+00      
229     2.12990e-08      8.00000e+00      3.84425e+00      5.00000e+00      
230     2.12991e-08      8.00000e+00      3.84425e+00      5.00000e+00      
231     2.12991e-08      8.00000e+00      3.84425e+00      5.00000e+00      
232     2.12991e-08      8.00000e+00      3.84425e+00      5.00000e+00      
233     2.12993e-08      8.00000e+00      3.84424e+00      5.00000e+00      
234     2.12995e-08      8.00000e+00      3.84423e+00      5.00000e+00      
235     2.13000e-08      8.00000e+00      3.84420e+00      5.00000e+00      
236     2.13000e-08      8.00000e+00      3.84420e+00      5.00000e+00      
237     2.13001e-08      8.00000e+00      3.84419e+00      5.00000e+00      
238     2.13003e-08      8.00000e+00      3.84418e+00      5.00000e+00      
239     2.13007e-08      8.00000e+00      3.84416e+00      5.00000e+00      
240     2.13014e-08      8.00000e+00      3.84412e+00      5.00000e+00      
241     2.13018e-08      8.00000e+00      3.84410e+00      5.00000e+00      
242     2.13020e-08      8.00000e+00      3.84409e+00      5.00000e+00      
243     2.13023e-08      8.00000e+00      3.84407e+00      5.00000e+00      
244     2.13029e-08      8.00000e+00      3.84404e+00      5.00000e+00      
245     2.13041e-08      8.00000e+00      3.84397e+00      5.00000e+00      
246     2.13056e-08      8.00000e+00      3.84389e+00      5.00000e+00      
247     2.13058e-08      8.00000e+00      3.84387e+00      5.00000e+00      
248     2.13063e-08      8.00000e+00      3.84385e+00      5.00000e+00      
249     2.13073e-08      8.00000e+00      3.84379e+00      5.00000e+00      
250     2.13092e-08      8.00000e+00      3.84368e+00      5.00000e+00      
251     2.13130e-08      8.00000e+00      3.84347e+00      5.00000e+00      
252     2.13134e-08      8.00000e+00      3.84345e+00      5.00000e+00      
253     2.13142e-08      8.00000e+00      3.84340e+00      5.00000e+00      
254     2.13157e-08      8.00000e+00      3.84331e+00      5.00000e+00      
255     2.13189e-08      8.00000e+00      3.84314e+00      5.00000e+00      
256     2.13251e-08      8.00000e+00      3.84279e+00      5.00000e+00      
257     2.13279e-08      8.00000e+00      3.84263e+00      5.00000e+00      
258     2.13292e-08      8.00000e+00      3.84256e+00      5.00000e+00      
259     2.13317e-08      8.00000e+00      3.84242e+00      5.00000e+00      
260     2.13367e-08      8.00000e+00      3.84214e+00      5.00000e+00      
261     2.13467e-08      8.00000e+00      3.84157e+00      5.00000e+00      
262     2.13577e-08      8.00000e+00      3.84095e+00      5.00000e+00      
263     2.13597e-08      8.00000e+00      3.84084e+00      5.00000e+00      
264     2.13637e-08      8.00000e+00      3.84061e+00      5.00000e+00      
265     2.13717e-08      8.00000e+00      3.84016e+00      5.00000e+00      
266     2.13877e-08      8.00000e+00      3.83926e+00      5.00000e+00      
267     2.14173e-08      8.00000e+00      3.83758e+00      5.00000e+00      
268     2.14205e-08      8.00000e+00      3.83739e+00      5.00000e+00      
269     2.14269e-08      8.00000e+00      3.83703e+00      5.00000e+00      
270     2.14397e-08      8.00000e+00      3.83630e+00      5.00000e+00      
271     2.14653e-08      8.00000e+00      3.83484e+00      5.00000e+00      
272     2.15165e-08      8.00000e+00      3.83191e+00      5.00000e+00      
273     2.15365e-08      8.00000e+00      3.83076e+00      5.00000e+00      
274     2.15468e-08      8.00000e+00      3.83017e+00      5.00000e+00      
275     2.15672e-08      8.00000e+00      3.82899e+00      5.00000e+00      
276     2.16082e-08      8.00000e+00      3.82662e+00      5.00000e+00      
277     2.16901e-08      8.00000e+00      3.82185e+00      5.00000e+00      
278     2.17749e-08      8.00000e+00      3.81641e+00      5.00000e+00      
279     2.17913e-08      8.00000e+00      3.81654e+00      5.00000e+00      
280     2.18241e-08      8.00000e+00      3.81690e+00      5.00000e+00      
281     2.18896e-08      8.00000e+00      3.81762e+00      5.00000e+00      
282     2.20207e-08      8.00000e+00      3.81910e+00      5.00000e+00      
283     2.21767e-08      8.00000e+00      3.82104e+00      5.00000e+00      
284     2.22565e-08      8.00000e+00      3.88013e+00      5.00000e+00      
285     2.22833e-08      8.00000e+00      3.95709e+00      5.00000e+00      
286     2.23074e-08      8.00000e+00      4.02644e+00      5.00000e+00      
287     2.23556e-08      8.00000e+00      4.16541e+00      5.00000e+00      
288     2.24520e-08      8.00000e+00      4.44437e+00      5.00000e+00      
289     2.26448e-08      8.00000e+00      5.00647e+00      5.00000e+00      
290     2.30304e-08      8.00000e+00      6.14735e+00      5.00000e+00      
291     2.32361e-08      8.00000e+00      6.80585e+00      5.00000e+00      
292     2.32746e-08      8.00000e+00      6.80337e+00      5.00000e+00      
293     2.33517e-08      8.00000e+00      6.79825e+00      5.00000e+00      
294     2.35060e-08      8.00000e+00      6.78738e+00      5.00000e+00      
295     2.38145e-08      8.00000e+00      6.76319e+00      5.00000e+00      
296     2.40110e-08      8.00000e+00      6.74609e+00      5.00000e+00      
297     2.40126e-08      8.00000e+00      6.74587e+00      5.00000e+00      
298     2.40159e-08      8.00000e+00      6.74557e+00      5.00000e+00      
299     2.40225e-08      8.00000e+00      6.74498e+00      5.00000e+00      
300     2.40274e-08      8.00000e+00      6.74453e+00      5.00000e+00      
301     2.40287e-08      8.00000e+00      6.74441e+00      5.00000e+00      
302     2.40313e-08      8.00000e+00      6.74417e+00      5.00000e+00      
303     2.40365e-08      8.00000e+00      6.74370e+00      5.00000e+00      
304     2.40470e-08      8.00000e+00      6.74274e+00      5.00000e+00      
305     2.40601e-08      8.00000e+00      6.74154e+00      5.00000e+00      
306     2.40622e-08      8.00000e+00      6.74134e+00      5.00000e+00      
307     2.40664e-08      8.00000e+00      6.74095e+00      5.00000e+00      
308     2.40748e-08      8.00000e+00      6.74018e+00      5.00000e+00      
309     2.40916e-08      8.00000e+00      6.73862e+00      5.00000e+00      
310     2.41251e-08      8.00000e+00      6.73549e+00      5.00000e+00      
311     2.41257e-08      8.00000e+00      6.73542e+00      5.00000e+00      
312     2.41267e-08      8.00000e+00      6.73532e+00      5.00000e+00      
313     2.41288e-08      8.00000e+00      6.73512e+00      5.00000e+00      
314     2.41330e-08      8.00000e+00      6.73473e+00      5.00000e+00      
315     2.41414e-08      8.00000e+00      6.73394e+00      5.00000e+00      
316     2.41582e-08      8.00000e+00      6.73235e+00      5.00000e+00      
317     2.41917e-08      8.00000e+00      6.72914e+00      5.00000e+00      
318     2.42567e-08      8.00000e+00      6.72283e+00      5.00000e+00      
319     2.42634e-08      8.00000e+00      6.72212e+00      5.00000e+00      
320     2.42769e-08      8.00000e+00      6.72080e+00      5.00000e+00      
321     2.43037e-08      8.00000e+00      6.71813e+00      5.00000e+00      
322     2.43574e-08      8.00000e+00      6.71274e+00      5.00000e+00      
323     2.44128e-08      8.00000e+00      6.70940e+00      5.00000e+00      
324     2.44235e-08      8.00000e+00      6.70866e+00      5.00000e+00      
325     2.44450e-08      8.00000e+00      6.70707e+00      5.00000e+00      
326     2.44879e-08      8.00000e+00      6.70383e+00      5.00000e+00      
327     2.45738e-08      8.00000e+00      6.72049e+00      5.00000e+00      
328     2.46597e-08      8.00000e+00      6.71464e+00      5.00000e+00      
329     2.47456e-08      8.00000e+00      6.70852e+00      5.00000e+00      
330     2.48315e-08      8.00000e+00      6.70220e+00      5.00000e+00      
331     2.50033e-08      8.00000e+00      6.68914e+00      5.00000e+00      
332     2.53469e-08      8.00000e+00      6.66754e+00      5.00000e+00      
333     2.54721e-08      8.00000e+00      6.69076e+00      5.00000e+00      
334     2.55409e-08      8.00000e+00      6.68596e+00      5.00000e+00      
335     2.56783e-08      8.00000e+00      6.67596e+00      5.00000e+00      
336     2.59531e-08      8.00000e+00      6.65482e+00      5.00000e+00      
337     2.65029e-08      8.00000e+00      6.60815e+00      5.00000e+00      
338     2.67240e-08      8.00000e+00      6.60739e+00      5.00000e+00      
339     2.67799e-08      8.00000e+00      6.57509e+00      5.00000e+00      
340     2.68302e-08      8.00000e+00      6.54539e+00      5.00000e+00      
341     2.69308e-08      8.00000e+00      6.48536e+00      5.00000e+00      
342     2.71320e-08      8.00000e+00      6.36289e+00      5.00000e+00      
343     2.75344e-08      8.00000e+00      6.10848e+00      5.00000e+00      
344     2.75829e-08      8.00000e+00      6.08237e+00      5.00000e+00      
345     2.75955e-08      8.00000e+00      6.08136e+00      5.00000e+00      
346     2.76205e-08      8.00000e+00      6.07931e+00      5.00000e+00      
347     2.76706e-08      8.00000e+00      6.07521e+00      5.00000e+00      
348     2.77082e-08      8.00000e+00      6.07171e+00      5.00000e+00      
349     2.77151e-08      8.00000e+00      6.07107e+00      5.00000e+00      
350     2.77288e-08      8.00000e+00      6.06978e+00      5.00000e+00      
351     2.77563e-08      8.00000e+00      6.06722e+00      5.00000e+00      
352     2.77769e-08      8.00000e+00      6.06529e+00      5.00000e+00      
353     2.77824e-08      8.00000e+00      6.06478e+00      5.00000e+00      
354     2.77934e-08      8.00000e+00      6.06375e+00      5.00000e+00      
355     2.78154e-08      8.00000e+00      6.06169e+00      5.00000e+00      
356     2.78594e-08      8.00000e+00      6.05757e+00      5.00000e+00      
357     2.79143e-08      8.00000e+00      6.05240e+00      5.00000e+00      
358     2.79231e-08      8.00000e+00      6.05157e+00      5.00000e+00      
359     2.79407e-08      8.00000e+00      6.04992e+00      5.00000e+00      
360     2.79759e-08      8.00000e+00      6.04660e+00      5.00000e+00      
361     2.80463e-08      8.00000e+00      6.03995e+00      5.00000e+00      
362     2.81870e-08      8.00000e+00      6.02659e+00      5.00000e+00      
363     2.81892e-08      8.00000e+00      6.03284e+00      5.00000e+00      
364     2.81936e-08      8.00000e+00      6.03311e+00      5.00000e+00      
365     2.82024e-08      8.00000e+00      6.03330e+00      5.00000e+00      
366     2.82200e-08      8.00000e+00      6.03368e+00      5.00000e+00      
367     2.82552e-08      8.00000e+00      6.03445e+00      5.00000e+00      
368     2.83255e-08      8.00000e+00      6.03602e+00      5.00000e+00      
369     2.84663e-08      8.00000e+00      6.03931e+00      5.00000e+00      
370     2.87477e-08      8.00000e+00      6.04649e+00      5.00000e+00      
371     2.90000e-08      8.00000e+00      6.06087e+00      5.00000e+00      
372     2.90199e-08      7.94023e+00      6.06108e+00      5.00000e+00      
373     2.90363e-08      7.89105e+00      6.06117e+00      5.00000e+00      
374     2.90691e-08      7.79270e+00      6.06135e+00      5.00000e+00      
375     2.91347e-08      7.59600e+00      6.06172e+00      5.00000e+00      
376     2.92658e-08      7.20260e+00      6.06257e+00      5.00000e+00      
377     2.95281e-08      6.41580e+00      6.06460e+00      5.00000e+00      
378     3.00000e-08      5.00000e+00      6.07724e+00      5.00000e+00      
379     3.00423e-08      5.00000e+00      6.07771e+00      5.00000e+00      
380     3.01269e-08      5.00000e+00      6.07821e+00      5.00000e+00      
381     3.02962e-08      5.00000e+00      6.07932e+00      5.00000e+00      
382     3.04231e-08      5.00000e+00      6.08026e+00      5.00000e+00      
383     3.04233e-08      5.00000e+00      6.08026e+00      5.00000e+00      
384     3.04237e-08      5.00000e+00      6.08027e+00      5.00000e+00      
385     3.04246e-08      5.00000e+00      6.08027e+00      5.00000e+00      
386     3.04253e-08      5.00000e+00      6.08028e+00      5.00000e+00      
387     3.04255e-08      5.00000e+00      6.08028e+00      5.00000e+00      
388     3.04258e-08      5.00000e+00      6.08028e+00      5.00000e+00      
389     3.04265e-08      5.00000e+00      6.08029e+00      5.00000e+00      
390     3.04279e-08      5.00000e+00      6.08030e+00      5.00000e+00      
391     3.04297e-08      5.00000e+00      6.08031e+00      5.00000e+00      
392     3.04300e-08      5.00000e+00      6.08031e+00      5.00000e+00      
393     3.04305e-08      5.00000e+00      6.08032e+00      5.00000e+00      
394     3.04316e-08      5.00000e+00      6.08033e+00      5.00000e+00      
395     3.04339e-08      5.00000e+00      6.08035e+00      5.00000e+00      
396     3.04384e-08      5.00000e+00      6.08038e+00      5.00000e+00      
397     3.04385e-08      5.00000e+00      6.08038e+00      5.00000e+00      
398     3.04386e-08      5.00000e+00      6.08038e+00      5.00000e+00      
399     3.04389e-08      5.00000e+00      6.08038e+00      5.00000e+00      
400     3.04395e-08      5.00000e+00      6.08039e+00      5.00000e+00      
401     3.04406e-08      5.00000e+00      6.08040e+00      5.00000e+00      
402     3.04428e-08      5.00000e+00      6.08042e+00      5.00000e+00      
403     3.04473e-08      5.00000e+00      6.08045e+00      5.00000e+00      
404     3.04561e-08      5.00000e+00      6.08052e+00      5.00000e+00      
405     3.04570e-08      5.00000e+00      6.08053e+00      5.00000e+00      
406     3.04588e-08      5.00000e+00      6.08054e+00      5.00000e+00      
407     3.04624e-08      5.00000e+00      6.08057e+00      5.00000e+00      
408     3.04696e-08      5.00000e+00      6.08063e+00      5.00000e+00      
409     3.04840e-08      5.00000e+00      6.08074e+00      5.00000e+00      
410     3.04912e-08      5.00000e+00      6.08080e+00      5.00000e+00      
411     3.04941e-08      5.00000e+00      6.08083e+00      5.00000e+00      
412     3.04999e-08      5.00000e+00      6.08087e+00      5.00000e+00      
413     3.05114e-08      5.00000e+00      6.08097e+00      5.00000e+00      
414     3.05345e-08      5.00000e+00      6.08116e+00      5.00000e+00      
415     3.05616e-08      5.00000e+00      6.08139e+00      5.00000e+00      
416     3.05662e-08      5.00000e+00      6.08143e+00      5.00000e+00      
417     3.05754e-08      5.00000e+00      6.08150e+00      5.00000e+00      
418     3.05939e-08      5.00000e+00      6.08166e+00      5.00000e+00      
419     3.06308e-08      5.00000e+00      6.08199e+00      5.00000e+00      
420     3.07023e-08      5.00000e+00      6.08263e+00      5.00000e+00      
421     3.07097e-08      5.00000e+00      6.08862e+00      5.00000e+00      
422     3.07171e-08      5.00000e+00      6.08901e+00      5.00000e+00      
423     3.07245e-08      5.00000e+00      6.08920e+00      5.00000e+00      
424     3.07392e-08      5.00000e+00      6.08958e+00      5.00000e+00      
425     3.07687e-08      5.00000e+00      6.09033e+00      5.00000e+00      
426     3.08278e-08      5.00000e+00      6.09186e+00      5.00000e+00      
427     3.09458e-08      5.00000e+00      6.09500e+00      5.00000e+00      
428     3.11819e-08      5.00000e+00      6.10158e+00      5.00000e+00      
429     3.12361e-08      5.00000e+00      6.11474e+00      5.00000e+00      
430     3.12527e-08      5.00000e+00      6.06921e+00      5.00000e+00      
431     3.12664e-08      5.00000e+00      6.03101e+00      5.00000e+00      
432     3.12939e-08      5.00000e+00      5.95453e+00      5.00000e+00      
433     3.13487e-08      5.00000e+00      5.80127e+00      5.00000e+00      
434     3.14585e-08      5.00000e+00      5.49354e+00      5.00000e+00      
435     3.16781e-08      5.00000e+00      4.87325e+00      5.00000e+00      
436     3.21173e-08      5.00000e+00      3.61317e+00      5.00000e+00      
437     3.22361e-08      5.00000e+00      3.24225e+00      5.00000e+00      
438     3.22800e-08      5.00000e+00      3.24483e+00      5.00000e+00      
439     3.23678e-08      5.00000e+00      3.25021e+00      5.00000e+00      
440     3.25435e-08      5.00000e+00      3.26179e+00      5.00000e+00      
441     3.28948e-08      5.00000e+00      3.28817e+00      5.00000e+00      
442     3.34721e-08      5.00000e+00      3.33348e+00      5.00000e+00      
443     3.35424e-08      5.00000e+00      3.33736e+00      5.00000e+00      
444     3.36127e-08      5.00000e+00      3.34121e+00      5.00000e+00      
445     3.37532e-08      5.00000e+00      3.34928e+00      5.00000e+00      
446     3.40343e-08      5.00000e+00      3.35917e+00      5.00000e+00      
447     3.43154e-08      5.00000e+00      3.37491e+00      5.00000e+00      
448     3.44721e-08      5.00000e+00      3.37806e+00      5.00000e+00      
449     3.45002e-08      5.00000e+00      3.37903e+00      5.00000e+00      
450     3.45565e-08      5.00000e+00      3.38138e+00      5.00000e+00      
451     3.46689e-08      5.00000e+00      3.38626e+00      5.00000e+00      
452     3.48937e-08      5.00000e+00      3.39673e+00      5.00000e+00      
453     3.53435e-08      5.00000e+00      3.42031e+00      5.00000e+00      
454     3.56623e-08      5.00000e+00      3.43911e+00      5.00000e+00      
455     3.57100e-08      5.00000e+00      3.43291e+00      5.00000e+00      
456     3.57578e-08      5.00000e+00      3.45607e+00      5.00000e+00      
457     3.58056e-08      5.00000e+00      3.47984e+00      5.00000e+00      
458     3.58533e-08      5.00000e+00      3.50378e+00      5.00000e+00      
459     3.59489e-08      5.00000e+00      3.55214e+00      5.00000e+00      
460     3.61400e-08      5.00000e+00      3.65076e+00      5.00000e+00      
461     3.65222e-08      5.00000e+00      3.85552e+00      5.00000e+00      
462     3.67082e-08      5.00000e+00      3.95889e+00      5.00000e+00      
463     3.67110e-08      5.00000e+00      3.96072e+00      5.00000e+00      
464     3.67166e-08      5.00000e+00      3.96389e+00      5.00000e+00      
465     3.67279e-08      5.00000e+00      3.97021e+00      5.00000e+00      
466     3.67363e-08      5.00000e+00      3.97497e+00      5.00000e+00      
467     3.67386e-08      5.00000e+00      3.97625e+00      5.00000e+00      
468     3.67431e-08      5.00000e+00      3.97878e+00      5.00000e+00      
469     3.67521e-08      5.00000e+00      3.98385e+00      5.00000e+00      
470     3.67700e-08      5.00000e+00      3.99401e+00      5.00000e+00      
471     3.67925e-08      5.00000e+00      4.01265e+00      5.00000e+00      
472     3.67961e-08      5.00000e+00      4.01289e+00      5.00000e+00      
473     3.68033e-08      5.00000e+00      4.01260e+00      5.00000e+00      
474     3.68177e-08      5.00000e+00      4.01199e+00      5.00000e+00      
475     3.68465e-08      5.00000e+00      4.01075e+00      5.00000e+00      
476     3.69041e-08      5.00000e+00      4.00911e+00      5.00000e+00      
477     3.70192e-08      5.00000e+00      4.00573e+00      5.00000e+00      
478     3.72494e-08      5.00000e+00      3.99857e+00      5.00000e+00      
479     3.77099e-08      5.00000e+00      3.98270e+00      5.00000e+00      
480     3.78983e-08      5.00000e+00      3.97562e+00      5.00000e+00      
481     3.79904e-08      5.00000e+00      3.97675e+00      5.00000e+00      
482     3.81746e-08      5.00000e+00      3.97300e+00      5.00000e+00      
483     3.83588e-08      5.00000e+00      3.96891e+00      5.00000e+00      
484     3.87272e-08      5.00000e+00      3.95994e+00      5.00000e+00      
485     3.90322e-08      5.00000e+00      3.95190e+00      5.00000e+00      
486     3.90329e-08      5.00000e+00      3.95191e+00      5.00000e+00      
487     3.90344e-08      5.00000e+00      3.95187e+00      5.00000e+00      
488     3.90372e-08      5.00000e+00      3.95179e+00      5.00000e+00      
489     3.90394e-08      5.00000e+00      3.95173e+00      5.00000e+00      
490     3.90400e-08      5.00000e+00      3.95171e+00      5.00000e+00      
491     3.90411e-08      5.00000e+00      3.95168e+00      5.00000e+00      
492     3.90434e-08      5.00000e+00      3.95162e+00      5.00000e+00      
493     3.90480e-08      5.00000e+00      3.95149e+00      5.00000e+00      
494     3.90538e-08      5.00000e+00      3.95694e+00      5.00000e+00      
495     3.90547e-08      5.00000e+00      3.95746e+00      5.00000e+00      
496     3.90565e-08      5.00000e+00      3.95741e+00      5.00000e+00      
497     3.90602e-08      5.00000e+00      3.95722e+00      5.00000e+00      
498     3.90676e-08      5.00000e+00      3.95681e+00      5.00000e+00      
499     3.90823e-08      5.00000e+00      3.95601e+00      5.00000e+00      
500     3.91118e-08      5.00000e+00      3.95441e+00      5.00000e+00      
501     3.91707e-08      5.00000e+00      3.95130e+00      5.00000e+00      
502     3.92886e-08      5.00000e+00      3.94532e+00      5.00000e+00      
503     3.95244e-08      5.00000e+00      3.93434e+00      5.00000e+00      
504     3.99960e-08      5.00000e+00      3.91561e+00      5.00000e+00      
505     4.00000e-08      5.00000e+00      3.91541e+00      5.00000e+00      
End of Xyce(TM) Simulation
