Index       TIME              V(1)            V(RC_OUT)         V(RG_OUT)    
0        0.00000000e+00    0.00000000e+00    0.00000000e+00    0.00000000e+00
1        5.00000000e-12    0.00000000e+00    0.00000000e+00    0.00000000e+00
2        1.50000000e-11    0.00000000e+00    0.00000000e+00    0.00000000e+00
3        3.50000000e-11    0.00000000e+00    0.00000000e+00    0.00000000e+00
4        7.50000000e-11    0.00000000e+00    0.00000000e+00    0.00000000e+00
5        1.55000000e-10    0.00000000e+00    0.00000000e+00    0.00000000e+00
6        2.55000000e-10    0.00000000e+00    0.00000000e+00    0.00000000e+00
7        3.55000000e-10    0.00000000e+00    0.00000000e+00    0.00000000e+00
8        4.55000000e-10    0.00000000e+00    0.00000000e+00    0.00000000e+00
9        5.55000000e-10    0.00000000e+00    0.00000000e+00    0.00000000e+00
10       6.55000000e-10    0.00000000e+00    0.00000000e+00    0.00000000e+00
11       7.55000000e-10    0.00000000e+00    0.00000000e+00    0.00000000e+00
12       8.55000000e-10    0.00000000e+00    0.00000000e+00    0.00000000e+00
13       9.55000000e-10    0.00000000e+00    0.00000000e+00    0.00000000e+00
14       1.00000000e-09    0.00000000e+00    0.00000000e+00    0.00000000e+00
15       1.00003906e-09    3.90625000e-05    3.90625000e-05    3.90625000e-05
16       1.00011719e-09    1.17187500e-04    1.17187500e-04    1.17187500e-04
17       1.00027344e-09    2.73437500e-04    2.73437500e-04    2.73437500e-04
18       1.00058594e-09    5.85937500e-04    5.85937500e-04    5.85937500e-04
19       1.00121094e-09    1.21093750e-03    1.21093750e-03    1.21093750e-03
20       1.00246094e-09    2.46093750e-03    2.46093750e-03    2.46093750e-03
21       1.00496094e-09    4.96093750e-03    4.96093750e-03    4.96093750e-03
22       1.00996094e-09    9.96093750e-03    9.96093750e-03    9.96093750e-03
23       1.01996094e-09    1.99609375e-02    1.99609375e-02    1.99609375e-02
24       1.03996094e-09    3.99609375e-02    3.99609375e-02    3.99609375e-02
25       1.07996094e-09    7.99609375e-02    7.99609375e-02    7.99609375e-02
26       1.15996094e-09    1.59960938e-01    1.59960938e-01    1.59960938e-01
27       1.30996094e-09    3.09960937e-01    3.09960937e-01    3.09960937e-01
28       1.45996094e-09    4.59960938e-01    4.59960938e-01    4.59960938e-01
29       1.60996094e-09    6.09960938e-01    6.09960938e-01    6.09960938e-01
30       1.75996094e-09    7.59960938e-01    7.59960938e-01    7.59960938e-01
31       1.90996094e-09    9.09960938e-01    9.09960938e-01    9.09960938e-01
32       2.00000000e-09    1.00000000e+00    1.00000000e+00    1.00000000e+00
33       2.01500000e-09    1.00000000e+00    1.00000000e+00    1.00000000e+00
34       2.04500000e-09    1.00000000e+00    1.00000000e+00    1.00000000e+00
35       2.10500000e-09    1.00000000e+00    1.00000000e+00    1.00000000e+00
36       2.22500000e-09    1.00000000e+00    1.00000000e+00    1.00000000e+00
37       2.37500000e-09    1.00000000e+00    1.00000000e+00    1.00000000e+00
38       2.52500000e-09    1.00000000e+00    1.00000000e+00    1.00000000e+00
39       2.67500000e-09    1.00000000e+00    1.00000000e+00    1.00000000e+00
40       2.82500000e-09    1.00000000e+00    1.00000000e+00    1.00000000e+00
41       2.97500000e-09    1.00000000e+00    1.00000000e+00    1.00000000e+00
42       3.12500000e-09    1.00000000e+00    1.00000000e+00    1.00000000e+00
43       3.27500000e-09    1.00000000e+00    1.00000000e+00    1.00000000e+00
44       3.42500000e-09    1.00000000e+00    1.00000000e+00    1.00000000e+00
45       3.57500000e-09    1.00000000e+00    1.00000000e+00    1.00000000e+00
46       3.72500000e-09    1.00000000e+00    1.00000000e+00    1.00000000e+00
47       3.87500000e-09    1.00000000e+00    1.00000000e+00    1.00000000e+00
48       4.02500000e-09    1.00000000e+00    1.00000000e+00    1.00000000e+00
49       4.17500000e-09    1.00000000e+00    1.00000000e+00    1.00000000e+00
50       4.32500000e-09    1.00000000e+00    1.00000000e+00    1.00000000e+00
51       4.47500000e-09    1.00000000e+00    1.00000000e+00    1.00000000e+00
52       4.62500000e-09    1.00000000e+00    1.00000000e+00    1.00000000e+00
53       4.77500000e-09    1.00000000e+00    1.00000000e+00    1.00000000e+00
54       4.92500000e-09    1.00000000e+00    1.00000000e+00    1.00000000e+00
55       5.07500000e-09    1.00000000e+00    1.00000000e+00    1.00000000e+00
56       5.22500000e-09    1.00000000e+00    1.00000000e+00    1.00000000e+00
57       5.37500000e-09    1.00000000e+00    1.00000000e+00    1.00000000e+00
58       5.52500000e-09    1.00000000e+00    1.00000000e+00    1.00000000e+00
59       5.67500000e-09    1.00000000e+00    1.00000000e+00    1.00000000e+00
60       5.82500000e-09    1.00000000e+00    1.00000000e+00    1.00000000e+00
61       5.97500000e-09    1.00000000e+00    1.00000000e+00    1.00000000e+00
62       6.12500000e-09    1.00000000e+00    1.00000000e+00    1.00000000e+00
63       6.27500000e-09    1.00000000e+00    1.00000000e+00    1.00000000e+00
64       6.42500000e-09    1.00000000e+00    1.00000000e+00    1.00000000e+00
65       6.57500000e-09    1.00000000e+00    1.00000000e+00    1.00000000e+00
66       6.72500000e-09    1.00000000e+00    1.00000000e+00    1.00000000e+00
67       6.87500000e-09    1.00000000e+00    1.00000000e+00    1.00000000e+00
68       7.02500000e-09    1.00000000e+00    1.00000000e+00    1.00000000e+00
69       7.17500000e-09    1.00000000e+00    1.00000000e+00    1.00000000e+00
70       7.32500000e-09    1.00000000e+00    1.00000000e+00    1.00000000e+00
71       7.47500000e-09    1.00000000e+00    1.00000000e+00    1.00000000e+00
72       7.62500000e-09    1.00000000e+00    1.00000000e+00    1.00000000e+00
73       7.77500000e-09    1.00000000e+00    1.00000000e+00    1.00000000e+00
74       7.92500000e-09    1.00000000e+00    1.00000000e+00    1.00000000e+00
75       8.07500000e-09    1.00000000e+00    1.00000000e+00    1.00000000e+00
76       8.22500000e-09    1.00000000e+00    1.00000000e+00    1.00000000e+00
77       8.37500000e-09    1.00000000e+00    1.00000000e+00    1.00000000e+00
78       8.52500000e-09    1.00000000e+00    1.00000000e+00    1.00000000e+00
79       8.67500000e-09    1.00000000e+00    1.00000000e+00    1.00000000e+00
80       8.82500000e-09    1.00000000e+00    1.00000000e+00    1.00000000e+00
81       8.97500000e-09    1.00000000e+00    1.00000000e+00    1.00000000e+00
82       9.12500000e-09    1.00000000e+00    1.00000000e+00    1.00000000e+00
83       9.27500000e-09    1.00000000e+00    1.00000000e+00    1.00000000e+00
84       9.42500000e-09    1.00000000e+00    1.00000000e+00    1.00000000e+00
85       9.57500000e-09    1.00000000e+00    1.00000000e+00    1.00000000e+00
86       9.72500000e-09    1.00000000e+00    1.00000000e+00    1.00000000e+00
87       9.87500000e-09    1.00000000e+00    1.00000000e+00    1.00000000e+00
88       1.00250000e-08    1.00000000e+00    1.00000000e+00    1.00000000e+00
89       1.01750000e-08    1.00000000e+00    1.00000000e+00    1.00000000e+00
90       1.03250000e-08    1.00000000e+00    1.00000000e+00    1.00000000e+00
91       1.04750000e-08    1.00000000e+00    1.00000000e+00    1.00000000e+00
92       1.06250000e-08    1.00000000e+00    1.00000000e+00    1.00000000e+00
93       1.07750000e-08    1.00000000e+00    1.00000000e+00    1.00000000e+00
94       1.09250000e-08    1.00000000e+00    1.00000000e+00    1.00000000e+00
95       1.10750000e-08    1.00000000e+00    1.00000000e+00    1.00000000e+00
96       1.12250000e-08    1.00000000e+00    1.00000000e+00    1.00000000e+00
97       1.13750000e-08    1.00000000e+00    1.00000000e+00    1.00000000e+00
98       1.15250000e-08    1.00000000e+00    1.00000000e+00    1.00000000e+00
99       1.16750000e-08    1.00000000e+00    1.00000000e+00    1.00000000e+00
100      1.18250000e-08    1.00000000e+00    1.00000000e+00    1.00000000e+00
101      1.19750000e-08    1.00000000e+00    1.00000000e+00    1.00000000e+00
102      1.21250000e-08    1.00000000e+00    1.00000000e+00    1.00000000e+00
103      1.22750000e-08    1.00000000e+00    1.00000000e+00    1.00000000e+00
104      1.24250000e-08    1.00000000e+00    1.00000000e+00    1.00000000e+00
105      1.25750000e-08    1.00000000e+00    1.00000000e+00    1.00000000e+00
106      1.27250000e-08    1.00000000e+00    1.00000000e+00    1.00000000e+00
107      1.28750000e-08    1.00000000e+00    1.00000000e+00    1.00000000e+00
108      1.30250000e-08    1.00000000e+00    1.00000000e+00    1.00000000e+00
109      1.31750000e-08    1.00000000e+00    1.00000000e+00    1.00000000e+00
110      1.33250000e-08    1.00000000e+00    1.00000000e+00    1.00000000e+00
111      1.34750000e-08    1.00000000e+00    1.00000000e+00    1.00000000e+00
112      1.36250000e-08    1.00000000e+00    1.00000000e+00    1.00000000e+00
113      1.37750000e-08    1.00000000e+00    1.00000000e+00    1.00000000e+00
114      1.39250000e-08    1.00000000e+00    1.00000000e+00    1.00000000e+00
115      1.40750000e-08    1.00000000e+00    1.00000000e+00    1.00000000e+00
116      1.42250000e-08    1.00000000e+00    1.00000000e+00    1.00000000e+00
117      1.43750000e-08    1.00000000e+00    1.00000000e+00    1.00000000e+00
118      1.45250000e-08    1.00000000e+00    1.00000000e+00    1.00000000e+00
119      1.46750000e-08    1.00000000e+00    1.00000000e+00    1.00000000e+00
120      1.48250000e-08    1.00000000e+00    1.00000000e+00    1.00000000e+00
121      1.49750000e-08    1.00000000e+00    1.00000000e+00    1.00000000e+00
122      1.51250000e-08    1.00000000e+00    1.00000000e+00    1.00000000e+00
123      1.52750000e-08    1.00000000e+00    1.00000000e+00    1.00000000e+00
124      1.54250000e-08    1.00000000e+00    1.00000000e+00    1.00000000e+00
125      1.55750000e-08    1.00000000e+00    1.00000000e+00    1.00000000e+00
126      1.57250000e-08    1.00000000e+00    1.00000000e+00    1.00000000e+00
127      1.58750000e-08    1.00000000e+00    1.00000000e+00    1.00000000e+00
128      1.60250000e-08    1.00000000e+00    1.00000000e+00    1.00000000e+00
129      1.61750000e-08    1.00000000e+00    1.00000000e+00    1.00000000e+00
130      1.63250000e-08    1.00000000e+00    1.00000000e+00    1.00000000e+00
131      1.64750000e-08    1.00000000e+00    1.00000000e+00    1.00000000e+00
132      1.66250000e-08    1.00000000e+00    1.00000000e+00    1.00000000e+00
133      1.67750000e-08    1.00000000e+00    1.00000000e+00    1.00000000e+00
134      1.69250000e-08    1.00000000e+00    1.00000000e+00    1.00000000e+00
135      1.70750000e-08    1.00000000e+00    1.00000000e+00    1.00000000e+00
136      1.72250000e-08    1.00000000e+00    1.00000000e+00    1.00000000e+00
137      1.73750000e-08    1.00000000e+00    1.00000000e+00    1.00000000e+00
138      1.75250000e-08    1.00000000e+00    1.00000000e+00    1.00000000e+00
139      1.76750000e-08    1.00000000e+00    1.00000000e+00    1.00000000e+00
140      1.78250000e-08    1.00000000e+00    1.00000000e+00    1.00000000e+00
141      1.79750000e-08    1.00000000e+00    1.00000000e+00    1.00000000e+00
142      1.81250000e-08    1.00000000e+00    1.00000000e+00    1.00000000e+00
143      1.82750000e-08    1.00000000e+00    1.00000000e+00    1.00000000e+00
144      1.84250000e-08    1.00000000e+00    1.00000000e+00    1.00000000e+00
145      1.85750000e-08    1.00000000e+00    1.00000000e+00    1.00000000e+00
146      1.87250000e-08    1.00000000e+00    1.00000000e+00    1.00000000e+00
147      1.88750000e-08    1.00000000e+00    1.00000000e+00    1.00000000e+00
148      1.90250000e-08    1.00000000e+00    1.00000000e+00    1.00000000e+00
149      1.91750000e-08    1.00000000e+00    1.00000000e+00    1.00000000e+00
150      1.93250000e-08    1.00000000e+00    1.00000000e+00    1.00000000e+00
151      1.94750000e-08    1.00000000e+00    1.00000000e+00    1.00000000e+00
152      1.96250000e-08    1.00000000e+00    1.00000000e+00    1.00000000e+00
153      1.97750000e-08    1.00000000e+00    1.00000000e+00    1.00000000e+00
154      1.99250000e-08    1.00000000e+00    1.00000000e+00    1.00000000e+00
155      2.00750000e-08    1.00000000e+00    1.00000000e+00    1.00000000e+00
156      2.02250000e-08    1.00000000e+00    1.00000000e+00    1.00000000e+00
157      2.03750000e-08    1.00000000e+00    1.00000000e+00    1.00000000e+00
158      2.05250000e-08    1.00000000e+00    1.00000000e+00    1.00000000e+00
159      2.06750000e-08    1.00000000e+00    1.00000000e+00    1.00000000e+00
160      2.08250000e-08    1.00000000e+00    1.00000000e+00    1.00000000e+00
161      2.09750000e-08    1.00000000e+00    1.00000000e+00    1.00000000e+00
162      2.11250000e-08    1.00000000e+00    1.00000000e+00    1.00000000e+00
163      2.12750000e-08    1.00000000e+00    1.00000000e+00    1.00000000e+00
164      2.14250000e-08    1.00000000e+00    1.00000000e+00    1.00000000e+00
165      2.15750000e-08    1.00000000e+00    1.00000000e+00    1.00000000e+00
166      2.17250000e-08    1.00000000e+00    1.00000000e+00    1.00000000e+00
167      2.18750000e-08    1.00000000e+00    1.00000000e+00    1.00000000e+00
168      2.20000000e-08    1.00000000e+00    1.00000000e+00    1.00000000e+00
169      2.20049192e-08    9.95080819e-01    9.95080819e-01    9.95080819e-01
170      2.20089273e-08    9.91072671e-01    9.91072671e-01    9.91072671e-01
171      2.20169436e-08    9.83056374e-01    9.83056374e-01    9.83056374e-01
172      2.20329762e-08    9.67023782e-01    9.67023782e-01    9.67023782e-01
173      2.20650414e-08    9.34958597e-01    9.34958597e-01    9.34958597e-01
174      2.21291718e-08    8.70828227e-01    8.70828227e-01    8.70828227e-01
175      2.22574325e-08    7.42567486e-01    7.42567486e-01    7.42567486e-01
176      2.24074325e-08    5.92567486e-01    5.92567486e-01    5.92567486e-01
177      2.25574325e-08    4.42567486e-01    4.42567486e-01    4.42567486e-01
178      2.27074325e-08    2.92567486e-01    2.92567486e-01    2.92567486e-01
179      2.28574325e-08    1.42567486e-01    1.42567486e-01    1.42567486e-01
180      2.30000000e-08   -2.22044605e-15   -6.93200850e-16   -2.22044605e-15
181      2.30150000e-08    0.00000000e+00    1.50521278e-15    0.00000000e+00
182      2.30450000e-08    0.00000000e+00    1.56283740e-15    0.00000000e+00
183      2.31050000e-08    0.00000000e+00    1.56237275e-15    0.00000000e+00
184      2.32250000e-08    0.00000000e+00    1.53589193e-15    0.00000000e+00
185      2.33750000e-08    0.00000000e+00    1.47617175e-15    0.00000000e+00
186      2.35250000e-08    0.00000000e+00    1.41591984e-15    0.00000000e+00
187      2.36750000e-08    0.00000000e+00    1.35566793e-15    0.00000000e+00
188      2.38250000e-08    0.00000000e+00    1.32554198e-15    0.00000000e+00
189      2.39750000e-08    0.00000000e+00    1.29541602e-15    0.00000000e+00
190      2.41250000e-08    0.00000000e+00    1.29541602e-15    0.00000000e+00
191      2.42750000e-08    0.00000000e+00    1.28035305e-15    0.00000000e+00
192      2.44250000e-08    0.00000000e+00    1.28035305e-15    0.00000000e+00
193      2.45750000e-08    0.00000000e+00    1.26529007e-15    0.00000000e+00
194      2.47250000e-08    0.00000000e+00    1.26529007e-15    0.00000000e+00
195      2.48750000e-08    0.00000000e+00    1.25022709e-15    0.00000000e+00
196      2.50250000e-08    0.00000000e+00    1.26529007e-15    0.00000000e+00
197      2.51750000e-08    0.00000000e+00    1.25022709e-15    0.00000000e+00
198      2.53250000e-08    0.00000000e+00    1.26529007e-15    0.00000000e+00
199      2.54750000e-08    0.00000000e+00    1.26529007e-15    0.00000000e+00
200      2.56250000e-08    0.00000000e+00    1.28035305e-15    0.00000000e+00
201      2.57750000e-08    0.00000000e+00    1.28788453e-15    0.00000000e+00
202      2.59250000e-08    0.00000000e+00    1.29541602e-15    0.00000000e+00
203      2.60750000e-08    0.00000000e+00    1.30294751e-15    0.00000000e+00
204      2.62250000e-08    0.00000000e+00    1.31047900e-15    0.00000000e+00
205      2.63750000e-08    0.00000000e+00    1.31424474e-15    0.00000000e+00
206      2.65250000e-08    0.00000000e+00    1.31801049e-15    0.00000000e+00
207      2.66750000e-08    0.00000000e+00    1.32554198e-15    0.00000000e+00
208      2.68250000e-08    0.00000000e+00    1.32554198e-15    0.00000000e+00
209      2.69750000e-08    0.00000000e+00    1.32554198e-15    0.00000000e+00
210      2.71250000e-08    0.00000000e+00    1.33683921e-15    0.00000000e+00
211      2.72750000e-08    0.00000000e+00    1.34060495e-15    0.00000000e+00
212      2.74250000e-08    0.00000000e+00    1.34437070e-15    0.00000000e+00
213      2.75750000e-08    0.00000000e+00    1.35190219e-15    0.00000000e+00
214      2.77250000e-08    0.00000000e+00    1.35943367e-15    0.00000000e+00
215      2.78750000e-08    0.00000000e+00    1.37073091e-15    0.00000000e+00
216      2.80250000e-08    0.00000000e+00    1.37449665e-15    0.00000000e+00
217      2.81750000e-08    0.00000000e+00    1.38579388e-15    0.00000000e+00
218      2.83250000e-08    0.00000000e+00    1.39709112e-15    0.00000000e+00
219      2.84750000e-08    0.00000000e+00    1.40085686e-15    0.00000000e+00
220      2.86250000e-08    0.00000000e+00    1.41215409e-15    0.00000000e+00
221      2.87750000e-08    0.00000000e+00    1.41968558e-15    0.00000000e+00
222      2.89250000e-08    0.00000000e+00    1.42721707e-15    0.00000000e+00
223      2.90750000e-08    0.00000000e+00    1.43098282e-15    0.00000000e+00
224      2.92250000e-08    0.00000000e+00    1.43851430e-15    0.00000000e+00
225      2.93750000e-08    0.00000000e+00    1.44981154e-15    0.00000000e+00
226      2.95250000e-08    0.00000000e+00    1.45357728e-15    0.00000000e+00
227      2.96750000e-08    0.00000000e+00    1.46110877e-15    0.00000000e+00
228      2.98250000e-08    0.00000000e+00    1.46864026e-15    0.00000000e+00
229      2.99750000e-08    0.00000000e+00    1.47240600e-15    0.00000000e+00
230      3.01250000e-08    0.00000000e+00    1.47993749e-15    0.00000000e+00
231      3.02750000e-08    0.00000000e+00    1.48935185e-15    0.00000000e+00
232      3.04250000e-08    0.00000000e+00    1.49123472e-15    0.00000000e+00
233      3.05750000e-08    0.00000000e+00    1.49876621e-15    0.00000000e+00
234      3.07250000e-08    0.00000000e+00    1.50629770e-15    0.00000000e+00
235      3.08750000e-08    0.00000000e+00    1.33683921e-15    0.00000000e+00
236      3.10250000e-08    0.00000000e+00    1.24269560e-15    0.00000000e+00
237      3.11750000e-08    0.00000000e+00    1.17114646e-15    0.00000000e+00
238      3.13250000e-08    0.00000000e+00    1.11466030e-15    0.00000000e+00
239      3.14750000e-08    0.00000000e+00    1.06570562e-15    0.00000000e+00
240      3.16250000e-08    0.00000000e+00    1.02051669e-15    0.00000000e+00
241      3.17750000e-08    0.00000000e+00    9.84742122e-16    0.00000000e+00
242      3.19250000e-08    0.00000000e+00    7.68211827e-16    0.00000000e+00
243      3.20750000e-08    0.00000000e+00    6.32645034e-16    0.00000000e+00
244      3.22250000e-08    0.00000000e+00    5.25321323e-16    0.00000000e+00
245      3.23750000e-08    0.00000000e+00    4.31177717e-16    0.00000000e+00
246      3.25250000e-08    0.00000000e+00    3.48331343e-16    0.00000000e+00
247      3.26750000e-08    0.00000000e+00    2.74899330e-16    0.00000000e+00
248      3.28250000e-08    0.00000000e+00    2.07115934e-16    0.00000000e+00
249      3.29750000e-08    0.00000000e+00    1.39332537e-16    0.00000000e+00
250      3.31250000e-08    0.00000000e+00    7.90806293e-17    0.00000000e+00
251      3.32750000e-08    0.00000000e+00    2.07115934e-17    0.00000000e+00
252      3.34250000e-08    0.00000000e+00   -3.57745704e-17    0.00000000e+00
253      3.35750000e-08    0.00000000e+00   -8.66121178e-17    0.00000000e+00
254      3.37250000e-08    0.00000000e+00   -1.39332537e-16    0.00000000e+00
255      3.38750000e-08    0.00000000e+00   -1.86404340e-16    0.00000000e+00
256      3.40250000e-08    0.00000000e+00   -2.33476144e-16    0.00000000e+00
257      3.41750000e-08    0.00000000e+00   -2.80547947e-16    0.00000000e+00
258      3.43250000e-08    0.00000000e+00   -3.31385494e-16    0.00000000e+00
259      3.44750000e-08    0.00000000e+00   -3.72808681e-16    0.00000000e+00
260      3.46250000e-08    0.00000000e+00   -4.14231868e-16    0.00000000e+00
261      3.47750000e-08    0.00000000e+00   -4.59420799e-16    0.00000000e+00
262      3.49250000e-08    0.00000000e+00   -4.97078241e-16    0.00000000e+00
263      3.50750000e-08    0.00000000e+00   -5.36618556e-16    0.00000000e+00
264      3.52250000e-08    0.00000000e+00   -5.72393126e-16    0.00000000e+00
265      3.53750000e-08    0.00000000e+00   -6.10050569e-16    0.00000000e+00
266      3.55250000e-08    0.00000000e+00   -6.47708011e-16    0.00000000e+00
267      3.56750000e-08    0.00000000e+00   -6.85365454e-16    0.00000000e+00
268      3.58250000e-08    0.00000000e+00   -7.19257152e-16    0.00000000e+00
269      3.59750000e-08    0.00000000e+00   -7.53148850e-16    0.00000000e+00
270      3.61250000e-08    0.00000000e+00   -7.88923420e-16    0.00000000e+00
271      3.62750000e-08    0.00000000e+00   -8.20932247e-16    0.00000000e+00
272      3.64250000e-08    0.00000000e+00   -8.52941073e-16    0.00000000e+00
273      3.65750000e-08    0.00000000e+00   -8.84949899e-16    0.00000000e+00
274      3.67250000e-08    0.00000000e+00   -9.15075853e-16    0.00000000e+00
275      3.68750000e-08    0.00000000e+00   -9.47084679e-16    0.00000000e+00
276      3.70250000e-08    0.00000000e+00   -9.79093505e-16    0.00000000e+00
277      3.71750000e-08    0.00000000e+00   -1.00921946e-15    0.00000000e+00
278      3.73250000e-08    0.00000000e+00   -1.03746254e-15    0.00000000e+00
279      3.74750000e-08    0.00000000e+00   -1.06758850e-15    0.00000000e+00
280      3.76250000e-08    0.00000000e+00   -1.09206583e-15    0.00000000e+00
281      3.77750000e-08    0.00000000e+00   -1.12219179e-15    0.00000000e+00
282      3.79250000e-08    0.00000000e+00   -1.15043487e-15    0.00000000e+00
283      3.80750000e-08    0.00000000e+00   -1.17867795e-15    0.00000000e+00
284      3.82250000e-08    0.00000000e+00   -1.20786247e-15    0.00000000e+00
285      3.83750000e-08    0.00000000e+00   -1.23610555e-15    0.00000000e+00
286      3.85250000e-08    0.00000000e+00   -1.26340720e-15    0.00000000e+00
287      3.86750000e-08    0.00000000e+00   -1.29070884e-15    0.00000000e+00
288      3.88250000e-08    0.00000000e+00   -1.31706905e-15    0.00000000e+00
289      3.89750000e-08    0.00000000e+00   -1.34342926e-15    0.00000000e+00
290      3.91250000e-08    0.00000000e+00   -1.36884804e-15    0.00000000e+00
291      3.92750000e-08    0.00000000e+00   -1.39332537e-15    0.00000000e+00
292      3.94250000e-08    0.00000000e+00   -1.41968558e-15    0.00000000e+00
293      3.95750000e-08    0.00000000e+00   -1.44416292e-15    0.00000000e+00
294      3.97250000e-08    0.00000000e+00   -1.46864026e-15    0.00000000e+00
295      3.98750000e-08    0.00000000e+00   -1.49311760e-15    0.00000000e+00
296      4.00250000e-08    0.00000000e+00   -1.51759493e-15    0.00000000e+00
297      4.01750000e-08    0.00000000e+00   -1.54113083e-15    0.00000000e+00
298      4.03250000e-08    0.00000000e+00   -1.56372530e-15    0.00000000e+00
299      4.04750000e-08    0.00000000e+00   -1.58631977e-15    0.00000000e+00
300      4.06250000e-08    0.00000000e+00   -1.60985567e-15    0.00000000e+00
301      4.07750000e-08    0.00000000e+00   -1.63245013e-15    0.00000000e+00
302      4.09250000e-08    0.00000000e+00   -1.65504460e-15    0.00000000e+00
303      4.10000000e-08    0.00000000e+00   -1.66623665e-15    0.00000000e+00
304      4.10000586e-08    5.85937500e-05    5.85937500e-05    5.85937500e-05
305      4.10001172e-08    1.17187500e-04    1.17187500e-04    1.17187500e-04
306      4.10002344e-08    2.34375000e-04    2.34375000e-04    2.34375000e-04
307      4.10004688e-08    4.68750000e-04    4.68750000e-04    4.68750000e-04
308      4.10009375e-08    9.37500000e-04    9.37500000e-04    9.37500000e-04
309      4.10018750e-08    1.87500000e-03    1.87500000e-03    1.87500000e-03
310      4.10037500e-08    3.75000000e-03    3.75000000e-03    3.75000000e-03
311      4.10075000e-08    7.50000000e-03    7.50000000e-03    7.50000000e-03
312      4.10150000e-08    1.50000000e-02    1.50000000e-02    1.50000000e-02
313      4.10300000e-08    3.00000000e-02    3.00000000e-02    3.00000000e-02
314      4.10600000e-08    6.00000000e-02    6.00000000e-02    6.00000000e-02
315      4.11200000e-08    1.20000000e-01    1.20000000e-01    1.20000000e-01
316      4.12400000e-08    2.40000000e-01    2.40000000e-01    2.40000000e-01
317      4.13900000e-08    3.90000000e-01    3.90000000e-01    3.90000000e-01
318      4.15400000e-08    5.40000000e-01    5.40000000e-01    5.40000000e-01
319      4.16900000e-08    6.90000000e-01    6.90000000e-01    6.90000000e-01
320      4.18400000e-08    8.40000000e-01    8.40000000e-01    8.40000000e-01
321      4.19900000e-08    9.90000000e-01    9.90000000e-01    9.90000000e-01
322      4.20000000e-08    1.00000000e+00    1.00000000e+00    1.00000000e+00
323      4.20100000e-08    1.00000000e+00    1.00000000e+00    1.00000000e+00
324      4.20300000e-08    1.00000000e+00    1.00000000e+00    1.00000000e+00
325      4.20700000e-08    1.00000000e+00    1.00000000e+00    1.00000000e+00
326      4.21500000e-08    1.00000000e+00    1.00000000e+00    1.00000000e+00
327      4.23000000e-08    1.00000000e+00    1.00000000e+00    1.00000000e+00
328      4.24500000e-08    1.00000000e+00    1.00000000e+00    1.00000000e+00
329      4.26000000e-08    1.00000000e+00    1.00000000e+00    1.00000000e+00
330      4.27500000e-08    1.00000000e+00    1.00000000e+00    1.00000000e+00
331      4.29000000e-08    1.00000000e+00    1.00000000e+00    1.00000000e+00
332      4.30500000e-08    1.00000000e+00    1.00000000e+00    1.00000000e+00
333      4.32000000e-08    1.00000000e+00    1.00000000e+00    1.00000000e+00
334      4.33500000e-08    1.00000000e+00    1.00000000e+00    1.00000000e+00
335      4.35000000e-08    1.00000000e+00    1.00000000e+00    1.00000000e+00
336      4.36500000e-08    1.00000000e+00    1.00000000e+00    1.00000000e+00
337      4.38000000e-08    1.00000000e+00    1.00000000e+00    1.00000000e+00
338      4.39500000e-08    1.00000000e+00    1.00000000e+00    1.00000000e+00
339      4.41000000e-08    1.00000000e+00    1.00000000e+00    1.00000000e+00
340      4.42500000e-08    1.00000000e+00    1.00000000e+00    1.00000000e+00
341      4.44000000e-08    1.00000000e+00    1.00000000e+00    1.00000000e+00
342      4.45500000e-08    1.00000000e+00    1.00000000e+00    1.00000000e+00
343      4.47000000e-08    1.00000000e+00    1.00000000e+00    1.00000000e+00
344      4.48500000e-08    1.00000000e+00    1.00000000e+00    1.00000000e+00
345      4.50000000e-08    1.00000000e+00    1.00000000e+00    1.00000000e+00
346      4.51500000e-08    1.00000000e+00    1.00000000e+00    1.00000000e+00
347      4.53000000e-08    1.00000000e+00    1.00000000e+00    1.00000000e+00
348      4.54500000e-08    1.00000000e+00    1.00000000e+00    1.00000000e+00
349      4.56000000e-08    1.00000000e+00    1.00000000e+00    1.00000000e+00
350      4.57500000e-08    1.00000000e+00    1.00000000e+00    1.00000000e+00
351      4.59000000e-08    1.00000000e+00    1.00000000e+00    1.00000000e+00
352      4.60500000e-08    1.00000000e+00    1.00000000e+00    1.00000000e+00
353      4.62000000e-08    1.00000000e+00    1.00000000e+00    1.00000000e+00
354      4.63500000e-08    1.00000000e+00    1.00000000e+00    1.00000000e+00
355      4.65000000e-08    1.00000000e+00    1.00000000e+00    1.00000000e+00
356      4.66500000e-08    1.00000000e+00    1.00000000e+00    1.00000000e+00
357      4.68000000e-08    1.00000000e+00    1.00000000e+00    1.00000000e+00
358      4.69500000e-08    1.00000000e+00    1.00000000e+00    1.00000000e+00
359      4.71000000e-08    1.00000000e+00    1.00000000e+00    1.00000000e+00
360      4.72500000e-08    1.00000000e+00    1.00000000e+00    1.00000000e+00
361      4.74000000e-08    1.00000000e+00    1.00000000e+00    1.00000000e+00
362      4.75500000e-08    1.00000000e+00    1.00000000e+00    1.00000000e+00
363      4.77000000e-08    1.00000000e+00    1.00000000e+00    1.00000000e+00
364      4.78500000e-08    1.00000000e+00    1.00000000e+00    1.00000000e+00
365      4.80000000e-08    1.00000000e+00    1.00000000e+00    1.00000000e+00
366      4.81500000e-08    1.00000000e+00    1.00000000e+00    1.00000000e+00
367      4.83000000e-08    1.00000000e+00    1.00000000e+00    1.00000000e+00
368      4.84500000e-08    1.00000000e+00    1.00000000e+00    1.00000000e+00
369      4.86000000e-08    1.00000000e+00    1.00000000e+00    1.00000000e+00
370      4.87500000e-08    1.00000000e+00    1.00000000e+00    1.00000000e+00
371      4.89000000e-08    1.00000000e+00    1.00000000e+00    1.00000000e+00
372      4.90500000e-08    1.00000000e+00    1.00000000e+00    1.00000000e+00
373      4.92000000e-08    1.00000000e+00    1.00000000e+00    1.00000000e+00
374      4.93500000e-08    1.00000000e+00    1.00000000e+00    1.00000000e+00
375      4.95000000e-08    1.00000000e+00    1.00000000e+00    1.00000000e+00
376      4.96500000e-08    1.00000000e+00    1.00000000e+00    1.00000000e+00
377      4.98000000e-08    1.00000000e+00    1.00000000e+00    1.00000000e+00
378      4.99500000e-08    1.00000000e+00    1.00000000e+00    1.00000000e+00
379      5.01000000e-08    1.00000000e+00    1.00000000e+00    1.00000000e+00
380      5.02500000e-08    1.00000000e+00    1.00000000e+00    1.00000000e+00
381      5.04000000e-08    1.00000000e+00    1.00000000e+00    1.00000000e+00
382      5.05500000e-08    1.00000000e+00    1.00000000e+00    1.00000000e+00
383      5.07000000e-08    1.00000000e+00    1.00000000e+00    1.00000000e+00
384      5.08500000e-08    1.00000000e+00    1.00000000e+00    1.00000000e+00
385      5.10000000e-08    1.00000000e+00    1.00000000e+00    1.00000000e+00
386      5.11500000e-08    1.00000000e+00    1.00000000e+00    1.00000000e+00
387      5.13000000e-08    1.00000000e+00    1.00000000e+00    1.00000000e+00
388      5.14500000e-08    1.00000000e+00    1.00000000e+00    1.00000000e+00
389      5.16000000e-08    1.00000000e+00    1.00000000e+00    1.00000000e+00
390      5.17500000e-08    1.00000000e+00    1.00000000e+00    1.00000000e+00
391      5.19000000e-08    1.00000000e+00    1.00000000e+00    1.00000000e+00
392      5.20500000e-08    1.00000000e+00    1.00000000e+00    1.00000000e+00
393      5.22000000e-08    1.00000000e+00    1.00000000e+00    1.00000000e+00
394      5.23500000e-08    1.00000000e+00    1.00000000e+00    1.00000000e+00
395      5.25000000e-08    1.00000000e+00    1.00000000e+00    1.00000000e+00
396      5.26500000e-08    1.00000000e+00    1.00000000e+00    1.00000000e+00
397      5.28000000e-08    1.00000000e+00    1.00000000e+00    1.00000000e+00
398      5.29500000e-08    1.00000000e+00    1.00000000e+00    1.00000000e+00
399      5.31000000e-08    1.00000000e+00    1.00000000e+00    1.00000000e+00
400      5.32500000e-08    1.00000000e+00    1.00000000e+00    1.00000000e+00
401      5.34000000e-08    1.00000000e+00    1.00000000e+00    1.00000000e+00
402      5.35500000e-08    1.00000000e+00    1.00000000e+00    1.00000000e+00
403      5.37000000e-08    1.00000000e+00    1.00000000e+00    1.00000000e+00
404      5.38500000e-08    1.00000000e+00    1.00000000e+00    1.00000000e+00
405      5.40000000e-08    1.00000000e+00    1.00000000e+00    1.00000000e+00
406      5.41500000e-08    1.00000000e+00    1.00000000e+00    1.00000000e+00
407      5.43000000e-08    1.00000000e+00    1.00000000e+00    1.00000000e+00
408      5.44500000e-08    1.00000000e+00    1.00000000e+00    1.00000000e+00
409      5.46000000e-08    1.00000000e+00    1.00000000e+00    1.00000000e+00
410      5.47500000e-08    1.00000000e+00    1.00000000e+00    1.00000000e+00
411      5.49000000e-08    1.00000000e+00    1.00000000e+00    1.00000000e+00
412      5.50500000e-08    1.00000000e+00    1.00000000e+00    1.00000000e+00
413      5.52000000e-08    1.00000000e+00    1.00000000e+00    1.00000000e+00
414      5.53500000e-08    1.00000000e+00    1.00000000e+00    1.00000000e+00
415      5.55000000e-08    1.00000000e+00    1.00000000e+00    1.00000000e+00
416      5.56500000e-08    1.00000000e+00    1.00000000e+00    1.00000000e+00
417      5.58000000e-08    1.00000000e+00    1.00000000e+00    1.00000000e+00
418      5.59500000e-08    1.00000000e+00    1.00000000e+00    1.00000000e+00
419      5.61000000e-08    1.00000000e+00    1.00000000e+00    1.00000000e+00
420      5.62500000e-08    1.00000000e+00    1.00000000e+00    1.00000000e+00
421      5.64000000e-08    1.00000000e+00    1.00000000e+00    1.00000000e+00
422      5.65500000e-08    1.00000000e+00    1.00000000e+00    1.00000000e+00
423      5.67000000e-08    1.00000000e+00    1.00000000e+00    1.00000000e+00
424      5.68500000e-08    1.00000000e+00    1.00000000e+00    1.00000000e+00
425      5.70000000e-08    1.00000000e+00    1.00000000e+00    1.00000000e+00
426      5.71500000e-08    1.00000000e+00    1.00000000e+00    1.00000000e+00
427      5.73000000e-08    1.00000000e+00    1.00000000e+00    1.00000000e+00
428      5.74500000e-08    1.00000000e+00    1.00000000e+00    1.00000000e+00
429      5.76000000e-08    1.00000000e+00    1.00000000e+00    1.00000000e+00
430      5.77500000e-08    1.00000000e+00    1.00000000e+00    1.00000000e+00
431      5.79000000e-08    1.00000000e+00    1.00000000e+00    1.00000000e+00
432      5.80500000e-08    1.00000000e+00    1.00000000e+00    1.00000000e+00
433      5.82000000e-08    1.00000000e+00    1.00000000e+00    1.00000000e+00
434      5.83500000e-08    1.00000000e+00    1.00000000e+00    1.00000000e+00
435      5.85000000e-08    1.00000000e+00    1.00000000e+00    1.00000000e+00
436      5.86500000e-08    1.00000000e+00    1.00000000e+00    1.00000000e+00
437      5.88000000e-08    1.00000000e+00    1.00000000e+00    1.00000000e+00
438      5.89500000e-08    1.00000000e+00    1.00000000e+00    1.00000000e+00
439      5.91000000e-08    1.00000000e+00    1.00000000e+00    1.00000000e+00
440      5.92500000e-08    1.00000000e+00    1.00000000e+00    1.00000000e+00
441      5.94000000e-08    1.00000000e+00    1.00000000e+00    1.00000000e+00
442      5.95500000e-08    1.00000000e+00    1.00000000e+00    1.00000000e+00
443      5.97000000e-08    1.00000000e+00    1.00000000e+00    1.00000000e+00
444      5.98500000e-08    1.00000000e+00    1.00000000e+00    1.00000000e+00
445      6.00000000e-08    1.00000000e+00    1.00000000e+00    1.00000000e+00
446      6.01500000e-08    1.00000000e+00    1.00000000e+00    1.00000000e+00
447      6.03000000e-08    1.00000000e+00    1.00000000e+00    1.00000000e+00
448      6.04500000e-08    1.00000000e+00    1.00000000e+00    1.00000000e+00
449      6.06000000e-08    1.00000000e+00    1.00000000e+00    1.00000000e+00
450      6.07500000e-08    1.00000000e+00    1.00000000e+00    1.00000000e+00
451      6.09000000e-08    1.00000000e+00    1.00000000e+00    1.00000000e+00
452      6.10500000e-08    1.00000000e+00    1.00000000e+00    1.00000000e+00
453      6.12000000e-08    1.00000000e+00    1.00000000e+00    1.00000000e+00
454      6.13500000e-08    1.00000000e+00    1.00000000e+00    1.00000000e+00
455      6.15000000e-08    1.00000000e+00    1.00000000e+00    1.00000000e+00
456      6.16500000e-08    1.00000000e+00    1.00000000e+00    1.00000000e+00
457      6.18000000e-08    1.00000000e+00    1.00000000e+00    1.00000000e+00
458      6.19500000e-08    1.00000000e+00    1.00000000e+00    1.00000000e+00
459      6.20000000e-08    1.00000000e+00    1.00000000e+00    1.00000000e+00
460      6.20049192e-08    9.95080819e-01    9.95080819e-01    9.95080819e-01
461      6.20089273e-08    9.91072671e-01    9.91072671e-01    9.91072671e-01
462      6.20169436e-08    9.83056374e-01    9.83056374e-01    9.83056374e-01
463      6.20329762e-08    9.67023782e-01    9.67023782e-01    9.67023782e-01
464      6.20650414e-08    9.34958597e-01    9.34958597e-01    9.34958597e-01
465      6.21291718e-08    8.70828227e-01    8.70828227e-01    8.70828227e-01
466      6.22574325e-08    7.42567486e-01    7.42567486e-01    7.42567486e-01
467      6.24074325e-08    5.92567486e-01    5.92567486e-01    5.92567486e-01
468      6.25574325e-08    4.42567486e-01    4.42567486e-01    4.42567486e-01
469      6.27074325e-08    2.92567486e-01    2.92567486e-01    2.92567486e-01
470      6.28574325e-08    1.42567486e-01    1.42567486e-01    1.42567486e-01
471      6.30000000e-08    9.99200722e-16   -2.31962058e-15    9.99200722e-16
472      6.30150000e-08    0.00000000e+00   -3.14379883e-15   -1.97215226e-31
473      6.30450000e-08    0.00000000e+00   -3.07178386e-15    0.00000000e+00
474      6.31050000e-08    0.00000000e+00   -2.85799894e-15    0.00000000e+00
475      6.32250000e-08    0.00000000e+00   -2.74843819e-15    0.00000000e+00
476      6.33750000e-08    0.00000000e+00   -2.56070609e-15    0.00000000e+00
477      6.35250000e-08    0.00000000e+00   -2.34982441e-15    0.00000000e+00
478      6.36750000e-08    0.00000000e+00   -2.28957250e-15    0.00000000e+00
479      6.38250000e-08    0.00000000e+00   -2.19919464e-15    0.00000000e+00
480      6.39750000e-08    0.00000000e+00   -2.10881678e-15    0.00000000e+00
481      6.41250000e-08    0.00000000e+00   -2.06362785e-15    0.00000000e+00
482      6.42750000e-08    0.00000000e+00   -2.06362785e-15    0.00000000e+00
483      6.44250000e-08    0.00000000e+00   -2.01843892e-15    0.00000000e+00
484      6.45750000e-08    0.00000000e+00   -1.97324999e-15    0.00000000e+00
485      6.47250000e-08    0.00000000e+00   -1.94312403e-15    0.00000000e+00
486      6.48750000e-08    0.00000000e+00   -1.85274617e-15    0.00000000e+00
487      6.50250000e-08    0.00000000e+00   -1.79249426e-15    0.00000000e+00
488      6.51750000e-08    0.00000000e+00   -1.65692747e-15    0.00000000e+00
489      6.53250000e-08    0.00000000e+00   -1.49123472e-15    0.00000000e+00
490      6.54750000e-08    0.00000000e+00   -1.31047900e-15    0.00000000e+00
491      6.56250000e-08    0.00000000e+00   -1.08453434e-15    0.00000000e+00
492      6.57750000e-08    0.00000000e+00   -8.73652666e-16    0.00000000e+00
493      6.59250000e-08    0.00000000e+00   -7.38085873e-16    0.00000000e+00
494      6.60750000e-08    0.00000000e+00   -6.02519080e-16    0.00000000e+00
495      6.62250000e-08    0.00000000e+00   -4.97078241e-16    0.00000000e+00
496      6.63750000e-08    0.00000000e+00   -3.76574425e-16    0.00000000e+00
497      6.65250000e-08    0.00000000e+00   -2.78665075e-16    0.00000000e+00
498      6.66750000e-08    0.00000000e+00   -1.73224236e-16    0.00000000e+00
499      6.68250000e-08    0.00000000e+00   -9.79093505e-17    0.00000000e+00
500      6.69750000e-08    0.00000000e+00   -3.76574425e-17    0.00000000e+00
501      6.71250000e-08    0.00000000e+00    8.28463735e-17    0.00000000e+00
502      6.72750000e-08    0.00000000e+00    1.95818701e-16    0.00000000e+00
503      6.74250000e-08    0.00000000e+00    2.93728052e-16    0.00000000e+00
504      6.75750000e-08    0.00000000e+00    3.76574425e-16    0.00000000e+00
505      6.77250000e-08    0.00000000e+00    4.66952287e-16    0.00000000e+00
506      6.78750000e-08    0.00000000e+00    5.34735684e-16    0.00000000e+00
507      6.80250000e-08    0.00000000e+00    6.25113546e-16    0.00000000e+00
508      6.81750000e-08    0.00000000e+00    6.55239500e-16    0.00000000e+00
509      6.83250000e-08    0.00000000e+00    6.85365454e-16    0.00000000e+00
510      6.84750000e-08    0.00000000e+00    7.68211827e-16    0.00000000e+00
511      6.86250000e-08    0.00000000e+00    8.51058201e-16    0.00000000e+00
512      6.87750000e-08    0.00000000e+00    8.81184155e-16    0.00000000e+00
513      6.89250000e-08    0.00000000e+00    9.26373086e-16    0.00000000e+00
514      6.90750000e-08    0.00000000e+00    1.00168797e-15    0.00000000e+00
515      6.92250000e-08    0.00000000e+00    1.06947137e-15    0.00000000e+00
516      6.93750000e-08    0.00000000e+00    1.12219179e-15    0.00000000e+00
517      6.95250000e-08    0.00000000e+00    1.18244369e-15    0.00000000e+00
518      6.96750000e-08    0.00000000e+00    1.21256965e-15    0.00000000e+00
519      6.98250000e-08    0.00000000e+00    1.24269560e-15    0.00000000e+00
520      6.99750000e-08    0.00000000e+00    1.29541602e-15    0.00000000e+00
521      7.00000000e-08    0.00000000e+00    1.30982957e-15    0.00000000e+00
End of Xyce(TM) Simulation
