Index       TIME              V(VI)             V(1)       
0        0.00000000e+00    0.00000000e+00    2.99152990e+00
1        1.00000000e-08    1.56976299e-01    2.99118019e+00
2        3.00000000e-08    4.68453286e-01    2.99027771e+00
3        5.00000000e-08    7.72542486e-01    2.98027168e+00
4        7.00000000e-08    1.06444823e+00    2.94241683e+00
5        8.80000000e-08    1.31293657e+00    2.87875773e+00
6        1.06000000e-07    1.54464903e+00    2.77616093e+00
7        1.08770431e-07    1.57863085e+00    2.75543326e+00
8        1.11540862e-07    1.61213435e+00    2.73287292e+00
9        1.17081723e-07    1.67766590e+00    2.68141545e+00
10       1.22622585e-07    1.74116427e+00    2.61847871e+00
11       1.28163447e-07    1.80255251e+00    2.53793502e+00
12       1.33704308e-07    1.86175621e+00    2.42585833e+00
13       1.34500786e-07    1.87008269e+00    2.40525350e+00
14       1.35297263e-07    1.87836233e+00    2.38295422e+00
15       1.36890218e-07    1.89478028e+00    2.33220065e+00
16       1.38483172e-07    1.91100842e+00    2.26952149e+00
17       1.40076127e-07    1.92704512e+00    2.18916022e+00
18       1.41669082e-07    1.94288878e+00    2.08244862e+00
19       1.43262036e-07    1.95853780e+00    1.94643960e+00
20       1.44854991e-07    1.97399063e+00    1.78692149e+00
21       1.46447946e-07    1.98924572e+00    1.61539710e+00
22       1.49633855e-07    2.01915655e+00    1.26911196e+00
23       1.50135366e-07    2.02379158e+00    1.21777003e+00
24       1.50636877e-07    2.02840650e+00    1.16776937e+00
25       1.51639899e-07    2.03757589e+00    1.07320912e+00
26       1.52642921e-07    2.04666435e+00    9.88083599e-01
27       1.53645943e-07    2.05567152e+00    9.13876510e-01
28       1.54648965e-07    2.06459705e+00    8.50732233e-01
29       1.55651986e-07    2.07344058e+00    7.97583859e-01
30       1.56655008e-07    2.08220175e+00    7.52742171e-01
31       1.57658030e-07    2.09088023e+00    7.14426606e-01
32       1.59664074e-07    2.10798771e+00    6.52050454e-01
33       1.63676162e-07    2.14119533e+00    5.61915446e-01
34       1.67688249e-07    2.17304235e+00    4.97472902e-01
35       1.71700337e-07    2.20350851e+00    4.47754046e-01
36       1.79724512e-07    2.26022175e+00    3.74557466e-01
37       1.87748688e-07    2.31119092e+00    3.22705524e-01
38       1.95772863e-07    2.35628649e+00    2.84290221e-01
39       2.03797038e-07    2.39539385e+00    2.55243905e-01
40       2.11821214e-07    2.42841362e+00    2.33234358e-01
41       2.19845389e-07    2.45526189e+00    2.16776818e-01
42       2.27869564e-07    2.47587042e+00    2.04932523e-01
43       2.35893740e-07    2.49018683e+00    1.97065742e-01
44       2.43917915e-07    2.49817475e+00    1.92805615e-01
45       2.51942090e-07    2.49981388e+00    1.91937901e-01
46       2.59966266e-07    2.49510004e+00    1.94436515e-01
47       2.67990441e-07    2.48404522e+00    2.00403456e-01
48       2.76014616e-07    2.46667751e+00    2.10138020e-01
49       2.84038792e-07    2.44304105e+00    2.24116595e-01
50       2.92062967e-07    2.41319591e+00    2.43120225e-01
51       3.00087142e-07    2.37721794e+00    2.68305849e-01
52       3.08111318e-07    2.33519857e+00    3.01521162e-01
53       3.16135493e-07    2.28724459e+00    3.45769377e-01
54       3.24159668e-07    2.23347786e+00    4.06562132e-01
55       3.32183844e-07    2.17403503e+00    4.95687746e-01
56       3.39405601e-07    2.11580798e+00    6.27841234e-01
57       3.40124555e-07    2.10977082e+00    6.46320145e-01
58       3.40843508e-07    2.10369061e+00    6.66368597e-01
59       3.42281415e-07    2.09140152e+00    7.12299897e-01
60       3.43719321e-07    2.07894172e+00    7.68614874e-01
61       3.45157228e-07    2.06631223e+00    8.39724053e-01
62       3.46595134e-07    2.05351409e+00    9.30674823e-01
63       3.48033041e-07    2.04054832e+00    1.04429859e+00
64       3.49470947e-07    2.02741600e+00    1.17835818e+00
65       3.50908854e-07    2.01411819e+00    1.32632108e+00
66       3.52346761e-07    2.00065598e+00    1.48238937e+00
67       3.55222574e-07    1.97324277e+00    1.79515649e+00
68       3.57810806e-07    1.94801979e+00    2.04118018e+00
69       3.59987434e-07    1.92640892e+00    2.19274803e+00
70       3.61732018e-07    1.90882733e+00    2.27890011e+00
71       3.63476601e-07    1.89101638e+00    2.34474614e+00
72       3.65221185e-07    1.87297823e+00    2.39766131e+00
73       3.66965768e-07    1.85471502e+00    2.44199926e+00
74       3.70454935e-07    1.81752229e+00    2.51386574e+00
75       3.77433269e-07    1.74053459e+00    2.61917766e+00
76       3.84411603e-07    1.66020127e+00    2.69620802e+00
77       3.91389936e-07    1.57667675e+00    2.75668246e+00
78       3.98368270e-07    1.49012158e+00    2.80573119e+00
79       4.05346604e-07    1.40070212e+00    2.84635780e+00
80       4.12324938e-07    1.30859027e+00    2.88019355e+00
81       4.19303271e-07    1.21396308e+00    2.90844607e+00
82       4.33259939e-07    1.01789470e+00    2.95075180e+00
83       4.47216606e-07    8.14003792e-01    2.97685695e+00
84       4.61173274e-07    6.03857245e-01    2.98851822e+00
85       4.75129942e-07    3.89070045e-01    2.99059137e+00
86       4.89086609e-07    1.71292835e-01    2.99113990e+00
87       5.03043277e-07   -4.78007637e-02    2.99163386e+00
88       5.30956612e-07   -4.83204997e-01    2.99241240e+00
89       5.58869947e-07   -9.03784012e-01    2.99303510e+00
90       5.86783282e-07   -1.29663402e+00    2.99349510e+00
91       6.11905283e-07   -1.61650525e+00    2.99383391e+00
92       6.34515085e-07   -1.87023174e+00    2.99405614e+00
93       6.57124886e-07   -2.08627761e+00    2.99424618e+00
94       6.77473707e-07   -2.24488721e+00    2.99436067e+00
95       6.97822529e-07   -2.36684959e+00    2.99446020e+00
96       7.18171350e-07   -2.45017374e+00    2.99451090e+00
97       7.36485289e-07   -2.49099213e+00    2.99454836e+00
98       7.54799228e-07   -2.49886347e+00    2.99454499e+00
99       7.73113167e-07   -2.47368367e+00    2.99453629e+00
100      7.91427106e-07   -2.41578577e+00    2.99448648e+00
101      8.09741045e-07   -2.32593554e+00    2.99443030e+00
102      8.28054985e-07   -2.20532139e+00    2.99433044e+00
103      8.46368924e-07   -2.05553862e+00    2.99422139e+00
104      8.64682863e-07   -1.87856833e+00    2.99406339e+00
105      8.82996802e-07   -1.67675120e+00    2.99389107e+00
106      9.01310741e-07   -1.45275658e+00    2.99366104e+00
107      9.19624680e-07   -1.20954711e+00    2.99340830e+00
108      9.37938619e-07   -9.50339596e-01    2.99308414e+00
109      9.56252558e-07   -6.78562446e-01    2.99272405e+00
110      9.74566498e-07   -3.97810309e-01    2.99227153e+00
111      9.92880437e-07   -1.11796545e-01    2.99176255e+00
112      1.02950831e-06    4.60864494e-01    2.99030796e+00
113      1.03570500e-06    5.56160144e-01    2.98947097e+00
114      1.04809837e-06    7.44079299e-01    2.98228394e+00
115      1.06049174e-06    9.27488851e-01    2.96432295e+00
116      1.07288512e-06    1.10527722e+00    2.93427386e+00
117      1.08527849e-06    1.27636688e+00    2.89048935e+00
118      1.09767186e-06    1.43972094e+00    2.82969236e+00
119      1.11006523e-06    1.59434935e+00    2.74512489e+00
120      1.12245860e-06    1.73931496e+00    2.62051911e+00
121      1.12406753e-06    1.75737953e+00    2.59953193e+00
122      1.12567646e-06    1.77526450e+00    2.57684263e+00
123      1.12889431e-06    1.81048837e+00    2.52551269e+00
124      1.13211216e-06    1.84497217e+00    2.46288452e+00
125      1.13533002e-06    1.87870180e+00    2.38197063e+00
126      1.13854787e-06    1.91166348e+00    2.26679583e+00
127      1.13902001e-06    1.91643440e+00    2.24488096e+00
128      1.13949216e-06    1.92118846e+00    2.22114468e+00
129      1.14043644e-06    1.93064581e+00    2.16759719e+00
130      1.14138073e-06    1.94003519e+00    2.10404955e+00
131      1.14232502e-06    1.94935629e+00    2.02991152e+00
132      1.14326930e-06    1.95860876e+00    1.94561205e+00
133      1.14421359e-06    1.96779229e+00    1.85327256e+00
134      1.14515788e-06    1.97690654e+00    1.75502939e+00
135      1.14704645e-06    1.99492596e+00    1.54935784e+00
136      1.14893503e-06    2.01266448e+00    1.34295212e+00
137      1.15082360e-06    2.03011961e+00    1.14960814e+00
138      1.15271218e-06    2.04728888e+00    9.82566127e-01
139      1.15460075e-06    2.06416988e+00    8.53545532e-01
140      1.15630047e-06    2.07911434e+00    7.67740909e-01
141      1.15800018e-06    2.09382168e+00    7.02615076e-01
142      1.15969990e-06    2.10829020e+00    6.51052258e-01
143      1.16139962e-06    2.12251827e+00    6.08736360e-01
144      1.16479905e-06    2.15024656e+00    5.41930612e-01
145      1.17159792e-06    2.20274811e+00    4.48897800e-01
146      1.17839678e-06    2.25123054e+00    3.84878627e-01
147      1.18519565e-06    2.29560538e+00    3.37485519e-01
148      1.19199452e-06    2.33579167e+00    3.01013201e-01
149      1.19879339e-06    2.37171608e+00    2.72411249e-01
150      1.20559225e-06    2.40331306e+00    2.49769229e-01
151      1.21239112e-06    2.43052497e+00    2.31897668e-01
152      1.21918999e-06    2.45330216e+00    2.17935918e-01
153      1.22598885e-06    2.47160305e+00    2.07335001e-01
154      1.23278772e-06    2.48539427e+00    1.99664208e-01
155      1.23958659e-06    2.49465065e+00    1.94677546e-01
156      1.24638546e-06    2.49935530e+00    1.92177769e-01
157      1.25318432e-06    2.49949963e+00    1.92108327e-01
158      1.25998319e-06    2.49508339e+00    1.94440336e-01
159      1.26678206e-06    2.48611462e+00    1.99278043e-01
160      1.27358092e-06    2.47260970e+00    2.06759346e-01
161      1.28037979e-06    2.45459327e+00    2.17177477e-01
162      1.28717866e-06    2.43209819e+00    2.30898081e-01
163      1.29397752e-06    2.40516552e+00    2.48514858e-01
164      1.30077639e-06    2.37384439e+00    2.70808997e-01
165      1.30757526e-06    2.33819195e+00    2.99002925e-01
166      1.31437413e-06    2.29827326e+00    3.34885273e-01
167      1.32117299e-06    2.25416114e+00    3.81477483e-01
168      1.32797186e-06    2.20593609e+00    4.44163549e-01
169      1.33477073e-06    2.15368610e+00    5.34736188e-01
170      1.33585737e-06    2.14496836e+00    5.53404144e-01
171      1.33694401e-06    2.13615064e+00    5.73755476e-01
172      1.33911729e-06    2.11821687e+00    6.20811606e-01
173      1.34129057e-06    2.09988814e+00    6.79741935e-01
174      1.34346385e-06    2.08116786e+00    7.57676135e-01
175      1.34563713e-06    2.06205953e+00    8.67647672e-01
176      1.34759308e-06    2.04453319e+00    1.00714240e+00
177      1.34935344e-06    2.02849540e+00    1.16679757e+00
178      1.35111380e-06    2.01220944e+00    1.34819727e+00
179      1.35287416e-06    1.99567732e+00    1.54053571e+00
180      1.35523709e-06    1.97310271e+00    1.79667044e+00
181      1.35760003e-06    1.95009319e+00    2.02352293e+00
182      1.35971022e-06    1.92918139e+00    2.17647949e+00
183      1.36145173e-06    1.91166752e+00    2.26668395e+00
184      1.36319325e-06    1.89392475e+00    2.33508926e+00
185      1.36493476e-06    1.87595523e+00    2.38964262e+00
186      1.36667627e-06    1.85776109e+00    2.43512296e+00
187      1.37015930e-06    1.82070772e+00    2.50843101e+00
188      1.37712536e-06    1.74400326e+00    2.61525352e+00
189      1.38409141e-06    1.66395831e+00    2.69309134e+00
190      1.39105747e-06    1.58072617e+00    2.75408974e+00
191      1.39802352e-06    1.49446628e+00    2.80352395e+00
192      1.40498958e-06    1.40534385e+00    2.84445542e+00
193      1.41195563e-06    1.31352960e+00    2.87855099e+00
194      1.41892169e-06    1.21919939e+00    2.90703363e+00
195      1.43285380e-06    1.02371828e+00    2.94976096e+00
196      1.44678591e-06    8.20397521e-01    2.97627563e+00
197      1.46071802e-06    6.10794146e-01    2.98833882e+00
198      1.47465013e-06    3.96513299e-01    2.99056800e+00
199      1.48858224e-06    1.79195948e-01    2.99112155e+00
200      1.50251435e-06   -3.94936890e-02    2.99161663e+00
201      1.53037857e-06   -4.74293220e-01    2.99239814e+00
202      1.55824279e-06   -8.94591988e-01    2.99302292e+00
203      1.58610701e-06   -1.28754002e+00    2.99348521e+00
204      1.61397124e-06   -1.64112356e+00    2.99385731e+00
205      1.63904903e-06   -1.91672711e+00    2.99409639e+00
206      1.66161905e-06   -2.12433752e+00    2.99427639e+00
207      1.68193207e-06   -2.27482257e+00    2.99438336e+00
208      1.70224509e-06   -2.38830209e+00    2.99447560e+00
209      1.72255810e-06   -2.46293007e+00    2.99451999e+00
210      1.74083982e-06   -2.49586040e+00    2.99455164e+00
211      1.75912154e-06   -2.49589525e+00    2.99454304e+00
212      1.77740325e-06   -2.46303415e+00    2.99452873e+00
213      1.79568497e-06   -2.39771020e+00    2.99447363e+00
214      1.81396668e-06   -2.30078440e+00    2.99441161e+00
215      1.83224840e-06   -2.17353421e+00    2.99430595e+00
216      1.85053011e-06   -2.01763679e+00    2.99419032e+00
217      1.86881183e-06   -1.83514689e+00    2.99402549e+00
218      1.88709354e-06   -1.62846971e+00    2.99384525e+00
219      1.90537526e-06   -1.40032927e+00    2.99360665e+00
220      1.92365697e-06   -1.15373246e+00    2.99334382e+00
221      1.94193869e-06   -8.91929441e-01    2.99300836e+00
222      1.96022041e-06   -6.18370771e-01    2.99263482e+00
223      1.97850212e-06   -3.36661962e-01    2.99216681e+00
224      2.01506555e-06    2.36295879e-01    2.99099815e+00
225      2.05162898e-06    7.96837230e-01    2.97832913e+00
226      2.05600914e-06    8.61742081e-01    2.97215807e+00
227      2.06038930e-06    9.25994268e-01    2.96451964e+00
228      2.06914961e-06    1.05234653e+00    2.94468093e+00
229      2.08667024e-06    1.29511555e+00    2.88459246e+00
230      2.10419087e-06    1.52220518e+00    2.78884964e+00
231      2.11995938e-06    1.71090260e+00    2.65041120e+00
232      2.12173441e-06    1.73112586e+00    2.62952809e+00
233      2.12350945e-06    1.75113380e+00    2.60694339e+00
234      2.12705952e-06    1.79049377e+00    2.55592272e+00
235      2.13060958e-06    1.82896293e+00    2.49384517e+00
236      2.13415965e-06    1.86652213e+00    2.41418322e+00
237      2.13770972e-06    1.90315269e+00    2.30181465e+00
238      2.13822959e-06    1.90843787e+00    2.28057771e+00
239      2.13874947e-06    1.91370268e+00    2.25754282e+00
240      2.13978922e-06    1.92417099e+00    2.20532336e+00
241      2.14082898e-06    1.93455718e+00    2.14236920e+00
242      2.14186873e-06    1.94486081e+00    2.06716741e+00
243      2.14290848e-06    1.95508143e+00    1.97878409e+00
244      2.14394824e-06    1.96521860e+00    1.88003695e+00
245      2.14498799e-06    1.97527190e+00    1.77290129e+00
246      2.14602774e-06    1.98524090e+00    1.66144057e+00
247      2.14810725e-06    2.00492429e+00    1.43243587e+00
248      2.15018676e-06    2.02426541e+00    1.21273224e+00
249      2.15226626e-06    2.04326095e+00    1.01867815e+00
250      2.15413782e-06    2.06005879e+00    8.81674418e-01
251      2.15582222e-06    2.07493335e+00    7.89360851e-01
252      2.15750662e-06    2.08957551e+00    7.19925596e-01
253      2.15919102e-06    2.10398361e+00    6.65316496e-01
254      2.16087542e-06    2.11815606e+00    6.21034544e-01
255      2.16255982e-06    2.13209125e+00    5.83642271e-01
256      2.16592862e-06    2.15924368e+00    5.23516991e-01
257      2.17266623e-06    2.21063467e+00    4.37335414e-01
258      2.17940383e-06    2.25806450e+00    3.77019680e-01
259      2.18614143e-06    2.30144818e+00    3.31820748e-01
260      2.19287903e-06    2.34070797e+00    2.96918923e-01
261      2.19961663e-06    2.37577353e+00    2.69359848e-01
262      2.20635424e-06    2.40658202e+00    2.47567363e-01
263      2.21309184e-06    2.43307823e+00    2.30270055e-01
264      2.21982944e-06    2.45521470e+00    2.16821834e-01
265      2.22656704e-06    2.47295175e+00    2.06555026e-01
266      2.23330465e-06    2.48625759e+00    1.99211411e-01
267      2.24004225e-06    2.49510840e+00    1.94415953e-01
268      2.25351745e-06    2.49938947e+00    1.92177358e-01
269      2.26699266e-06    2.48576427e+00    1.99451069e-01
270      2.28046786e-06    2.45433043e+00    2.17344879e-01
271      2.29394306e-06    2.40531314e+00    2.48394086e-01
272      2.30741827e-06    2.33906357e+00    2.98288476e-01
273      2.32089347e-06    2.25605636e+00    3.79264770e-01
274      2.32301324e-06    2.24151053e+00    3.96529348e-01
275      2.32513300e-06    2.22656708e+00    4.15504244e-01
276      2.32937252e-06    2.19549800e+00    4.59950521e-01
277      2.33361205e-06    2.16287116e+00    5.16388308e-01
278      2.33785158e-06    2.12870970e+00    5.92258934e-01
279      2.34209110e-06    2.09303786e+00    7.05697491e-01
280      2.34265261e-06    2.08820130e+00    7.25690732e-01
281      2.34321413e-06    2.08333875e+00    7.47400057e-01
282      2.34433715e-06    2.07353592e+00    7.97055546e-01
283      2.34546017e-06    2.06362984e+00    8.57078433e-01
284      2.34658320e-06    2.05362102e+00    9.29832933e-01
285      2.34770622e-06    2.04350994e+00    1.01649803e+00
286      2.34882925e-06    2.03329713e+00    1.11640959e+00
287      2.34995227e-06    2.02298308e+00    1.22664239e+00
288      2.35107529e-06    2.01256830e+00    1.34407806e+00
289      2.35332134e-06    1.99143866e+00    1.58985078e+00
290      2.35556739e-06    1.96991241e+00    1.83088376e+00
291      2.35781344e-06    1.94799385e+00    2.04139726e+00
292      2.35982189e-06    1.92806522e+00    2.18312930e+00
293      2.36153576e-06    1.91081671e+00    2.27040334e+00
294      2.36324962e-06    1.89334662e+00    2.33704025e+00
295      2.36496348e-06    1.87565699e+00    2.39045593e+00
296      2.36667734e-06    1.85774985e+00    2.43514935e+00
297      2.37010507e-06    1.82129140e+00    2.50742255e+00
298      2.37696052e-06    1.74585753e+00    2.61313283e+00
299      2.38381596e-06    1.66718493e+00    2.69038058e+00
300      2.39067141e-06    1.58541956e+00    2.75104877e+00
301      2.39752686e-06    1.50071310e+00    2.80030567e+00
302      2.40438231e-06    1.41322269e+00    2.84118054e+00
303      2.41123776e-06    1.32311062e+00    2.87531107e+00
304      2.41809321e-06    1.23054407e+00    2.90391797e+00
305      2.43180411e-06    1.03873862e+00    2.94713515e+00
306      2.44551501e-06    8.39228940e-01    2.97448069e+00
307      2.45922590e-06    6.33494776e-01    2.98766577e+00
308      2.47293680e-06    4.23062038e-01    2.99047950e+00
309      2.48664770e-06    2.09491487e-01    2.99104897e+00
310      2.50035860e-06   -5.63284200e-03    2.99154694e+00
311      2.52778039e-06   -4.34160919e-01    2.99233176e+00
312      2.55520219e-06   -8.49832351e-01    2.99296409e+00
313      2.58262399e-06   -1.24033802e+00    2.99343206e+00
314      2.61004578e-06   -1.59411402e+00    2.99381272e+00
315      2.63472540e-06   -1.87242236e+00    2.99405765e+00
316      2.65693705e-06   -2.08465048e+00    2.99424526e+00
317      2.67692754e-06   -2.24109843e+00    2.99435742e+00
318      2.69691803e-06   -2.36223649e+00    2.99445722e+00
319      2.71690852e-06   -2.44615604e+00    2.99450770e+00
320      2.73689901e-06   -2.49153489e+00    2.99454910e+00
321      2.75688950e-06   -2.49765805e+00    2.99454379e+00
322      2.77687999e-06   -2.46442906e+00    2.99453017e+00
323      2.79687048e-06   -2.39237145e+00    2.99446932e+00
324      2.81686097e-06   -2.28262055e+00    2.99439855e+00
325      2.83685146e-06   -2.13690554e+00    2.99427677e+00
326      2.85684195e-06   -1.95752225e+00    2.99414081e+00
327      2.87683244e-06   -1.74729699e+00    2.99394609e+00
328      2.89682293e-06   -1.50954197e+00    2.99372935e+00
329      2.91681341e-06   -1.24800318e+00    2.99344068e+00
330      2.93680390e-06   -9.66801328e-01    2.99311679e+00
331      2.95679439e-06   -6.70366917e-01    2.99269976e+00
332      2.97678488e-06   -3.63370459e-01    2.99222604e+00
333      2.99677537e-06   -5.06488731e-02    2.99162556e+00
334      3.03675635e-06    5.72248616e-01    2.98921349e+00
335      3.04201448e-06    6.52323345e-01    2.98701199e+00
336      3.05253074e-06    8.10250357e-01    2.97718289e+00
337      3.06304700e-06    9.64641113e-01    2.95915506e+00
338      3.07356326e-06    1.11482179e+00    2.93225409e+00
339      3.08407952e-06    1.26013695e+00    2.89541653e+00
340      3.09459578e-06    1.39995236e+00    2.84665872e+00
341      3.10511204e-06    1.53365783e+00    2.78245660e+00
342      3.11562830e-06    1.66066980e+00    2.69585646e+00
343      3.12614456e-06    1.78043395e+00    2.56991256e+00
344      3.12748193e-06    1.79511823e+00    2.54918648e+00
345      3.12881931e-06    1.80967575e+00    2.52676100e+00
346      3.13149406e-06    1.83840644e+00    2.47603085e+00
347      3.13416881e-06    1.86661789e+00    2.41394398e+00
348      3.13684357e-06    1.89430215e+00    2.33384606e+00
349      3.13951832e-06    1.92145140e+00    2.21973079e+00
350      3.14192560e-06    1.94542194e+00    2.06268123e+00
351      3.14386602e-06    1.96442002e+00    1.88788893e+00
352      3.14561239e-06    1.98126871e+00    1.70654195e+00
353      3.14735877e-06    1.99787886e+00    1.51467925e+00
354      3.14958633e-06    2.01871630e+00    1.27418751e+00
355      3.15181390e-06    2.03915830e+00    1.05770790e+00
356      3.15381870e-06    2.05721469e+00    9.02228428e-01
357      3.15561317e-06    2.07309990e+00    7.99479094e-01
358      3.15740764e-06    2.08872157e+00    7.23469484e-01
359      3.15920212e-06    2.10407772e+00    6.65050407e-01
360      3.16099659e-06    2.11916639e+00    6.18094985e-01
361      3.16279106e-06    2.13398566e+00    5.79007149e-01
362      3.16638000e-06    2.16280851e+00    5.16510023e-01
363      3.17355788e-06    2.21714087e+00    4.28218463e-01
364      3.18073576e-06    2.26696432e+00    3.67067876e-01
365      3.18791365e-06    2.31217753e+00    3.21801557e-01
366      3.19509153e-06    2.35268855e+00    2.87143439e-01
367      3.20226941e-06    2.38841499e+00    2.60177081e-01
368      3.20944729e-06    2.41928421e+00    2.39111593e-01
369      3.21662518e-06    2.44523342e+00    2.22784174e-01
370      3.22380306e-06    2.46620985e+00    2.10404131e-01
371      3.23098094e-06    2.48217084e+00    2.01434758e-01
372      3.23815882e-06    2.49308394e+00    1.95510818e-01
373      3.24533671e-06    2.49892694e+00    1.92407139e-01
374      3.25251459e-06    2.49968797e+00    1.92005581e-01
375      3.25969247e-06    2.49536548e+00    1.94293785e-01
376      3.26687036e-06    2.48596826e+00    1.99354142e-01
377      3.27404824e-06    2.47151542e+00    2.07381426e-01
378      3.28122612e-06    2.45203635e+00    2.18692080e-01
379      3.28840400e-06    2.42757067e+00    2.33769263e-01
380      3.29558189e-06    2.39816813e+00    2.53313658e-01
381      3.30275977e-06    2.36388852e+00    2.78361941e-01
382      3.30993765e-06    2.32480157e+00    3.10475891e-01
383      3.31711553e-06    2.28098675e+00    3.52158452e-01
384      3.32429342e-06    2.23253318e+00    4.07763579e-01
385      3.33147130e-06    2.17953938e+00    4.86055765e-01
386      3.33864918e-06    2.12211314e+00    6.09834420e-01
387      3.33942080e-06    2.11568082e+00    6.28210707e-01
388      3.34019241e-06    2.10919877e+00    6.48140454e-01
389      3.34173565e-06    2.09608609e+00    6.93834484e-01
390      3.34327888e-06    2.08277633e+00    7.50024525e-01
391      3.34482211e-06    2.06927076e+00    8.21555399e-01
392      3.34636534e-06    2.05557063e+00    9.14639477e-01
393      3.34790858e-06    2.04167724e+00    1.03358135e+00
394      3.34945181e-06    2.02759189e+00    1.17646898e+00
395      3.35099504e-06    2.01331590e+00    1.33550138e+00
396      3.35253827e-06    1.99885063e+00    1.50348403e+00
397      3.35562474e-06    1.96935766e+00    1.83675971e+00
398      3.35608849e-06    1.96486191e+00    1.88352430e+00
399      3.35655225e-06    1.96034948e+00    1.92871322e+00
400      3.35747977e-06    1.95127472e+00    2.01323023e+00
401      3.35840728e-06    1.94213370e+00    2.08836159e+00
402      3.35933480e-06    1.93292671e+00    2.15312589e+00
403      3.36026231e-06    1.92365407e+00    2.20810595e+00
404      3.36118983e-06    1.91431611e+00    2.25476573e+00
405      3.36211734e-06    1.90491312e+00    2.29488070e+00
406      3.36397237e-06    1.88591339e+00    2.36084702e+00
407      3.36768243e-06    1.84714795e+00    2.45837388e+00
408      3.37139249e-06    1.80737881e+00    2.53048557e+00
409      3.37510255e-06    1.76662758e+00    2.58801903e+00
410      3.38252266e-06    1.68226795e+00    2.67735966e+00
411      3.38994278e-06    1.59425239e+00    2.74521626e+00
412      3.39736290e-06    1.50277217e+00    2.79922835e+00
413      3.40478302e-06    1.40802611e+00    2.84335372e+00
414      3.41220314e-06    1.31022010e+00    2.87964882e+00
415      3.41962325e-06    1.20956671e+00    2.90962371e+00
416      3.42704337e-06    1.10628466e+00    2.93405185e+00
417      3.43446349e-06    1.00059842e+00    2.95363149e+00
418      3.44930373e-06    7.82936804e-01    2.97945745e+00
419      3.46414396e-06    5.58472922e-01    2.98944605e+00
420      3.47898420e-06    3.29156951e-01    2.99074434e+00
421      3.50866467e-06   -1.36037099e-01    2.99181213e+00
422      3.53537709e-06   -5.51137307e-01    2.99251819e+00
423      3.56208952e-06   -9.50748407e-01    2.99309760e+00
424      3.58880194e-06   -1.32363977e+00    2.99352297e+00
425      3.61551437e-06   -1.65933169e+00    2.99387622e+00
426      3.63955555e-06   -1.92182550e+00    2.99409916e+00
427      3.66119262e-06   -2.12079840e+00    2.99427513e+00
428      3.68282968e-06   -2.28063437e+00    2.99438620e+00
429      3.70230304e-06   -2.38857098e+00    2.99447729e+00
430      3.72177639e-06   -2.46079366e+00    2.99451701e+00
431      3.74124975e-06   -2.49622253e+00    2.99455336e+00
432      3.76072311e-06   -2.49432786e+00    2.99454047e+00
433      3.78019647e-06   -2.45513798e+00    2.99452466e+00
434      3.79966983e-06   -2.37923885e+00    2.99445881e+00
435      3.81914318e-06   -2.26776532e+00    2.99438846e+00
436      3.83861654e-06   -2.12238415e+00    2.99426423e+00
437      3.85808990e-06   -1.94526907e+00    2.99413157e+00
438      3.87756326e-06   -1.73906831e+00    2.99393745e+00
439      3.89703661e-06   -1.50686498e+00    2.99372782e+00
440      3.91650997e-06   -1.25213100e+00    2.99344409e+00
441      3.93598333e-06   -9.78675142e-01    2.99313310e+00
442      3.95545669e-06   -6.90586126e-01    2.99272792e+00
443      3.97493004e-06   -3.92171460e-01    2.99227650e+00
444      3.99440340e-06   -8.78930425e-02    2.99169952e+00
445      4.03335012e-06    5.20037101e-01    2.98992068e+00
446      4.03897851e-06    6.06170662e-01    2.98846812e+00
447      4.05023531e-06    7.76056971e-01    2.98000362e+00
448      4.06149210e-06    9.42062653e-01    2.96236191e+00
449      4.07274890e-06    1.10335761e+00    2.93467400e+00
450      4.08400570e-06    1.25913529e+00    2.89572004e+00
451      4.09526249e-06    1.40861674e+00    2.84310090e+00
452      4.10651929e-06    1.55105449e+00    2.77238208e+00
453      4.11777608e-06    1.68573628e+00    2.67423496e+00
454      4.12903288e-06    1.81198865e+00    2.52301700e+00
455      4.13012443e-06    1.82375899e+00    2.50316066e+00
456      4.13121599e-06    1.83544355e+00    2.48168563e+00
457      4.13339910e-06    1.85855311e+00    2.43333602e+00
458      4.13558221e-06    1.88131299e+00    2.37459385e+00
459      4.13776532e-06    1.90371889e+00    2.29951951e+00
460      4.13994843e-06    1.92576661e+00    2.19644965e+00
461      4.14213154e-06    1.94745200e+00    2.04585882e+00
462      4.14397329e-06    1.96546183e+00    1.87748896e+00
463      4.14563087e-06    1.98144570e+00    1.70426974e+00
464      4.14728845e-06    1.99721466e+00    1.52272236e+00
465      4.14894603e-06    2.01276697e+00    1.34170954e+00
466      4.15060361e-06    2.02810097e+00    1.17113301e+00
467      4.15226119e-06    2.04321498e+00    1.01915007e+00
468      4.15391876e-06    2.05810736e+00    8.95703411e-01
469      4.15557634e-06    2.07277651e+00    8.01228335e-01
470      4.15723392e-06    2.08722082e+00    7.29978258e-01
471      4.15889150e-06    2.10143873e+00    6.74173097e-01
472      4.16054908e-06    2.11542871e+00    6.28990803e-01
473      4.16220666e-06    2.12918923e+00    5.90994219e-01
474      4.16552182e-06    2.15601594e+00    5.29980729e-01
475      4.17215213e-06    2.20685189e+00    4.42810002e-01
476      4.17878245e-06    2.25385838e+00    3.81839606e-01
477      4.18541276e-06    2.29695383e+00    3.36153269e-01
478      4.19204308e-06    2.33606345e+00    3.00801683e-01
479      4.19867340e-06    2.37111940e+00    2.72843430e-01
480      4.20530371e-06    2.40206082e+00    2.50641799e-01
481      4.21193403e-06    2.42883404e+00    2.32954067e-01
482      4.21856434e-06    2.45139259e+00    2.19087227e-01
483      4.22519466e-06    2.46969733e+00    2.08401918e-01
484      4.23845529e-06    2.49342576e+00    1.95338379e-01
485      4.25171592e-06    2.49985470e+00    1.91908097e-01
486      4.26497655e-06    2.48893954e+00    1.97751282e-01
487      4.27823719e-06    2.46075602e+00    2.13545926e-01
488      4.29149782e-06    2.41549967e+00    2.41605549e-01
489      4.30475845e-06    2.35348448e+00    2.86496033e-01
490      4.31801908e-06    2.27514072e+00    3.58285659e-01
491      4.32035028e-06    2.25971946e+00    3.75120720e-01
492      4.32268147e-06    2.24381340e+00    3.93722921e-01
493      4.32734387e-06    2.21056063e+00    4.37469275e-01
494      4.33200626e-06    2.17541093e+00    4.93249697e-01
495      4.33666865e-06    2.13839448e+00    5.68424965e-01
496      4.34133105e-06    2.09954304e+00    6.80988194e-01
497      4.34193745e-06    2.09435680e+00    7.00499998e-01
498      4.34254385e-06    2.08914015e+00    7.21690883e-01
499      4.34375666e-06    2.07861594e+00    7.70255844e-01
500      4.34496946e-06    2.06797103e+00    8.29409859e-01
501      4.34618227e-06    2.05720604e+00    9.02287358e-01
502      4.34739507e-06    2.04632160e+00    9.91093043e-01
503      4.34860787e-06    2.03531832e+00    1.09577828e+00
504      4.34982068e-06    2.02419686e+00    1.21330535e+00
505      4.35103348e-06    2.01295785e+00    1.33960476e+00
506      4.35345909e-06    1.99012983e+00    1.60501760e+00
507      4.35588470e-06    1.96683957e+00    1.86314646e+00
508      4.35831031e-06    1.94309247e+00    2.08095612e+00
509      4.36029623e-06    1.92331377e+00    2.20993161e+00
510      4.36199310e-06    1.90617643e+00    2.28982247e+00
511      4.36368997e-06    1.88882241e+00    2.35179961e+00
512      4.36538684e-06    1.87125369e+00    2.40219223e+00
513      4.36708371e-06    1.85347226e+00    2.44475310e+00
514      4.37047746e-06    1.81727937e+00    2.51427611e+00
515      4.37726494e-06    1.74243163e+00    2.61704165e+00
516      4.38405243e-06    1.66441528e+00    2.69277354e+00
517      4.39083991e-06    1.58337220e+00    2.75232671e+00
518      4.39762740e-06    1.49944977e+00    2.80100622e+00
519      4.40441488e-06    1.41280060e+00    2.84131781e+00
520      4.41120237e-06    1.32358227e+00    2.87518484e+00
521      4.41798986e-06    1.23195700e+00    2.90349279e+00
522      4.42477734e-06    1.13809143e+00    2.92715765e+00
523      4.43835231e-06    9.44325913e-01    2.96203067e+00
524      4.45192729e-06    7.43694514e-01    2.98232596e+00
525      4.46550226e-06    5.37655960e-01    2.98970506e+00
526      4.47907723e-06    3.27708288e-01    2.99077248e+00
527      4.50622717e-06   -9.77912474e-02    2.99171517e+00
528      4.53337712e-06   -5.20451921e-01    2.99248974e+00
529      4.56052706e-06   -9.28003976e-01    2.99305016e+00
530      4.58767700e-06   -1.30861625e+00    2.99352359e+00
531      4.61482695e-06   -1.65123965e+00    2.99385249e+00
532      4.63926190e-06   -1.91887206e+00    2.99411208e+00
533      4.66125335e-06   -2.12130339e+00    2.99426052e+00
534      4.68104566e-06   -2.26901226e+00    2.99439219e+00
535      4.70083797e-06   -2.38167584e+00    2.99445783e+00
536      4.72063028e-06   -2.45755401e+00    2.99452908e+00
537      4.74042259e-06   -2.49547483e+00    2.99453856e+00
538      4.76021489e-06   -2.49485259e+00    2.99455512e+00
539      4.78000720e-06   -2.45569692e+00    2.99451070e+00
540      4.79979951e-06   -2.37861258e+00    2.99447286e+00
541      4.81959182e-06   -2.26479014e+00    2.99437151e+00
542      4.83938413e-06   -2.11598762e+00    2.99427417e+00
543      4.85917644e-06   -1.93450330e+00    2.99410704e+00
544      4.87896875e-06   -1.72314023e+00    2.99393871e+00
545      4.89876106e-06   -1.48516296e+00    2.99368943e+00
546      4.91855337e-06   -1.22424708e+00    2.99342992e+00
547      4.93834567e-06   -9.44422489e-01    2.99307136e+00
548      4.95813798e-06   -6.50011126e-01    2.99268761e+00
549      4.97793029e-06   -3.45560227e-01    2.99217628e+00
550      4.99772260e-06   -3.57720892e-02    2.99161542e+00
551      5.00000000e-06   -3.06161075e-15    2.99151442e+00
End of Xyce(TM) Simulation
