Index       TIME              V(1)       
0        0.00000000e+00    1.00003850e-01
1        2.50345384e-05    1.00003855e-01
2        7.51036152e-05    1.00003866e-01
3        1.75241769e-04    1.00003888e-01
4        3.75518076e-04    1.00003932e-01
5        7.76070690e-04    1.00004021e-01
6        1.57717592e-03    1.00004198e-01
7        3.17938638e-03    1.00004551e-01
8        5.00690768e-03    1.00004955e-01
9        5.32734977e-03    1.00005048e-01
10       5.96823395e-03    1.00005233e-01
11       7.25000232e-03    1.00005603e-01
12       9.81353905e-03    1.00006343e-01
13       9.93550677e-03    1.00006378e-01
14       1.00574745e-02    1.00006421e-01
15       1.03014099e-02    1.00006507e-01
16       1.07892808e-02    1.00006678e-01
17       1.17650226e-02    1.00007021e-01
18       1.37165061e-02    1.00007707e-01
19       1.51506304e-02    1.00008211e-01
20       1.55409272e-02    1.00008392e-01
21       1.63215206e-02    1.00008755e-01
22       1.78827074e-02    1.00009480e-01
23       2.02465178e-02    1.00010579e-01
24       2.05587551e-02    1.00010749e-01
25       2.11832299e-02    1.00011090e-01
26       2.24321793e-02    1.00011771e-01
27       2.49300782e-02    1.00013133e-01
28       2.58086452e-02    1.00013613e-01
29       2.63082250e-02    1.00013991e-01
30       2.73073845e-02    1.00014748e-01
31       2.93057037e-02    1.00016261e-01
32       3.09715150e-02    1.00017523e-01
33       3.13711788e-02    1.00017897e-01
34       3.21705065e-02    1.00018646e-01
35       3.37691618e-02    1.00020142e-01
36       3.63720265e-02    1.00022579e-01
37       3.66917576e-02    1.00022936e-01
38       3.73312197e-02    1.00023651e-01
39       3.86101440e-02    1.00025081e-01
40       4.11679925e-02    1.00027941e-01
41       4.21570855e-02    1.00029046e-01
42       4.26686552e-02    1.00029857e-01
43       4.36917946e-02    1.00031480e-01
44       4.57380734e-02    1.00034724e-01
45       4.74218370e-02    1.00037394e-01
46       4.78310927e-02    1.00038178e-01
47       4.86496043e-02    1.00039746e-01
48       5.02866273e-02    1.00042882e-01
49       5.30463146e-02    1.00048168e-01
50       5.33737192e-02    1.00048925e-01
51       5.40285284e-02    1.00050440e-01
52       5.53381468e-02    1.00053470e-01
53       5.79573837e-02    1.00059530e-01
54       5.90175256e-02    1.00061982e-01
55       5.95413729e-02    1.00063640e-01
56       6.05890677e-02    1.00066955e-01
57       6.26844572e-02    1.00073586e-01
58       6.46446350e-02    1.00079789e-01
59       6.50637129e-02    1.00081442e-01
60       6.59018687e-02    1.00084747e-01
61       6.75781803e-02    1.00091357e-01
62       7.04575487e-02    1.00102711e-01
63       7.07928111e-02    1.00104371e-01
64       7.14633357e-02    1.00107691e-01
65       7.28043850e-02    1.00114332e-01
66       7.54864835e-02    1.00127613e-01
67       7.64283737e-02    1.00132278e-01
68       7.69647934e-02    1.00135644e-01
69       7.80376328e-02    1.00142378e-01
70       8.01833117e-02    1.00155844e-01
71       8.24842380e-02    1.00170285e-01
72       8.29133737e-02    1.00173685e-01
73       8.37716453e-02    1.00180485e-01
74       8.54881883e-02    1.00194085e-01
75       8.86327924e-02    1.00218999e-01
76       8.89761010e-02    1.00222493e-01
77       8.96627182e-02    1.00229482e-01
78       9.10359527e-02    1.00243461e-01
79       9.37824216e-02    1.00271418e-01
80       9.48163964e-02    1.00281943e-01
81       9.53656902e-02    1.00288961e-01
82       9.64642777e-02    1.00302997e-01
83       9.86614529e-02    1.00331068e-01
84       1.01151504e-01    1.00362882e-01
85       1.01590939e-01    1.00370054e-01
86       1.02469809e-01    1.00384399e-01
87       1.04227549e-01    1.00413088e-01
88       1.07534460e-01    1.00467062e-01
89       1.07886008e-01    1.00474366e-01
90       1.08589104e-01    1.00488976e-01
91       1.09995296e-01    1.00518194e-01
92       1.12807680e-01    1.00576630e-01
93       1.14000761e-01    1.00601421e-01
94       1.14563238e-01    1.00616100e-01
95       1.15688191e-01    1.00645460e-01
96       1.17938099e-01    1.00704179e-01
97       1.20617891e-01    1.00774118e-01
98       1.21067873e-01    1.00789016e-01
99       1.21967836e-01    1.00818812e-01
100      1.23767762e-01    1.00878404e-01
101      1.27333934e-01    1.00996472e-01
102      1.27693920e-01    1.01011556e-01
103      1.28413890e-01    1.01041722e-01
104      1.29853831e-01    1.01102056e-01
105      1.32733712e-01    1.01222724e-01
106      1.34164223e-01    1.01282663e-01
107      1.34740200e-01    1.01313100e-01
108      1.35316176e-01    1.01343538e-01
109      1.36468129e-01    1.01404412e-01
110      1.38772034e-01    1.01526161e-01
111      1.41136743e-01    1.01651123e-01
112      1.41597524e-01    1.01681847e-01
113      1.42058305e-01    1.01712571e-01
114      1.42979867e-01    1.01774019e-01
115      1.44822991e-01    1.01896914e-01
116      1.48241388e-01    1.02124846e-01
117      1.48610012e-01    1.02155861e-01
118      1.48978637e-01    1.02186876e-01
119      1.49715887e-01    1.02248907e-01
120      1.51190386e-01    1.02372967e-01
121      1.54139385e-01    1.02621089e-01
122      1.55490824e-01    1.02734795e-01
123      1.56080624e-01    1.02797337e-01
124      1.56670423e-01    1.02859879e-01
125      1.57850023e-01    1.02984963e-01
126      1.60209222e-01    1.03235131e-01
127      1.62909023e-01    1.03521416e-01
128      1.63380863e-01    1.03584392e-01
129      1.63852703e-01    1.03647368e-01
130      1.64796382e-01    1.03773321e-01
131      1.66683741e-01    1.04025226e-01
132      1.70458459e-01    1.04529036e-01
133      1.70482444e-01    1.04532237e-01
134      1.70506429e-01    1.04536263e-01
135      1.70554398e-01    1.04544313e-01
136      1.70650337e-01    1.04560413e-01
137      1.70842215e-01    1.04592615e-01
138      1.71225971e-01    1.04657017e-01
139      1.71993482e-01    1.04785822e-01
140      1.73528505e-01    1.05043431e-01
141      1.76598551e-01    1.05558649e-01
142      1.78233724e-01    1.05833066e-01
143      1.78847733e-01    1.05962533e-01
144      1.79400342e-01    1.06079054e-01
145      1.80505558e-01    1.06312094e-01
146      1.82715991e-01    1.06778176e-01
147      1.86171269e-01    1.07506740e-01
148      1.86613356e-01    1.07623689e-01
149      1.87011234e-01    1.07728944e-01
150      1.87806989e-01    1.07939453e-01
151      1.89398501e-01    1.08360471e-01
152      1.92581525e-01    1.09202507e-01
153      1.94321643e-01    1.09662837e-01
154      1.94958248e-01    1.09873788e-01
155      1.95419308e-01    1.10026568e-01
156      1.96341429e-01    1.10332129e-01
157      1.98185671e-01    1.10943252e-01
158      2.01874154e-01    1.12165497e-01
159      2.02696455e-01    1.12437981e-01
160      2.03145719e-01    1.12624234e-01
161      2.03548664e-01    1.12791285e-01
162      2.04354555e-01    1.13125386e-01
163      2.05966337e-01    1.13793589e-01
164      2.09189901e-01    1.15129995e-01
165      2.11312918e-01    1.16010143e-01
166      2.11694663e-01    1.16207742e-01
167      2.12035248e-01    1.16384037e-01
168      2.12716420e-01    1.16736626e-01
169      2.14078763e-01    1.17441805e-01
170      2.16803449e-01    1.18852161e-01
171      2.20195658e-01    1.20608043e-01
172      2.20516135e-01    1.20814810e-01
173      2.20801698e-01    1.20999050e-01
174      2.21372824e-01    1.21367532e-01
175      2.22515077e-01    1.22104495e-01
176      2.24799581e-01    1.23578420e-01
177      2.29368590e-01    1.26526271e-01
178      2.29370100e-01    1.26527245e-01
179      2.29371609e-01    1.26528456e-01
180      2.29374628e-01    1.26530878e-01
181      2.29380665e-01    1.26535722e-01
182      2.29392740e-01    1.26545411e-01
183      2.29416889e-01    1.26564787e-01
184      2.29465188e-01    1.26603540e-01
185      2.29561785e-01    1.26681047e-01
186      2.29754981e-01    1.26836059e-01
187      2.30141371e-01    1.27146085e-01
188      2.30914152e-01    1.27766136e-01
189      2.32459713e-01    1.29006238e-01
190      2.35550835e-01    1.31486443e-01
191      2.38867366e-01    1.34147506e-01
192      2.39157108e-01    1.34435859e-01
193      2.39405384e-01    1.34682944e-01
194      2.39901938e-01    1.35177116e-01
195      2.40895045e-01    1.36165460e-01
196      2.42881260e-01    1.38142147e-01
197      2.46853689e-01    1.42095522e-01
198      2.48722906e-01    1.43955772e-01
199      2.49028782e-01    1.44332270e-01
200      2.49283308e-01    1.44645561e-01
201      2.49792361e-01    1.45272144e-01
202      2.50810465e-01    1.46525311e-01
203      2.52846674e-01    1.49031643e-01
204      2.56919093e-01    1.54044308e-01
205      2.58981072e-01    1.56582361e-01
206      2.59271954e-01    1.57023589e-01
207      2.59511555e-01    1.57387031e-01
208      2.59990758e-01    1.58113916e-01
209      2.60949162e-01    1.59567685e-01
210      2.62865972e-01    1.62475223e-01
211      2.66699592e-01    1.68290300e-01
212      2.69695843e-01    1.72835204e-01
213      2.69963413e-01    1.73333318e-01
214      2.70183149e-01    1.73742383e-01
215      2.70622620e-01    1.74560513e-01
216      2.71501564e-01    1.76196773e-01
217      2.73259450e-01    1.79469293e-01
218      2.76775222e-01    1.86014333e-01
219      2.80933805e-01    1.93756043e-01
220      2.81179244e-01    1.94313983e-01
221      2.81380811e-01    1.94772192e-01
222      2.81783944e-01    1.95688609e-01
223      2.82590212e-01    1.97521444e-01
224      2.84202746e-01    2.01187114e-01
225      2.87427816e-01    2.08518454e-01
226      2.92780200e-01    2.20685679e-01
227      2.93007865e-01    2.21313737e-01
228      2.93195106e-01    2.21830275e-01
229      2.93569587e-01    2.22863353e-01
230      2.94318551e-01    2.24929508e-01
231      2.95816477e-01    2.29061819e-01
232      2.98812330e-01    2.37326439e-01
233      3.04804036e-01    2.53855681e-01
234      3.05346262e-01    2.55351514e-01
235      3.05550835e-01    2.56030961e-01
236      3.05720589e-01    2.56594766e-01
237      3.06060098e-01    2.57722376e-01
238      3.06739116e-01    2.59977596e-01
239      3.08097151e-01    2.64488036e-01
240      3.10813221e-01    2.73508915e-01
241      3.16245361e-01    2.91550674e-01
242      3.18781763e-01    2.99974824e-01
243      3.19069212e-01    3.01112357e-01
244      3.19297769e-01    3.02016835e-01
245      3.19754884e-01    3.03825792e-01
246      3.20669113e-01    3.07443705e-01
247      3.22497570e-01    3.14679532e-01
248      3.26154486e-01    3.29151185e-01
249      3.33296838e-01    3.57415889e-01
250      3.33534299e-01    3.58519789e-01
251      3.33727545e-01    3.59418139e-01
252      3.34114035e-01    3.61214838e-01
253      3.34887015e-01    3.64808235e-01
254      3.36432977e-01    3.71995030e-01
255      3.39524899e-01    3.86368619e-01
256      3.45708744e-01    4.15115798e-01
257      3.49202050e-01    4.31355320e-01
258      3.49518228e-01    4.33046508e-01
259      3.49768739e-01    4.34386452e-01
260      3.50269760e-01    4.37066339e-01
261      3.51271803e-01    4.42426114e-01
262      3.53275890e-01    4.53145663e-01
263      3.57284062e-01    4.74584760e-01
264      3.65300407e-01    5.17462956e-01
265      3.66996253e-01    5.26533778e-01
266      3.67397071e-01    5.28920387e-01
267      3.67695009e-01    5.30694420e-01
268      3.68290887e-01    5.34242486e-01
269      3.69482642e-01    5.41338618e-01
270      3.71866152e-01    5.55530883e-01
271      3.76633171e-01    5.83915413e-01
272      3.86167211e-01    6.40684473e-01
273      3.87572361e-01    6.49051235e-01
274      3.87955210e-01    6.51437048e-01
275      3.88260568e-01    6.53339963e-01
276      3.88871286e-01    6.57145792e-01
277      3.90092720e-01    6.64757451e-01
278      3.92535589e-01    6.79980769e-01
279      3.97421328e-01    7.10427404e-01
280      4.07192804e-01    7.71320675e-01
281      4.12879823e-01    8.06760677e-01
282      4.13414192e-01    8.09714779e-01
283      4.13840564e-01    8.12071858e-01
284      4.14693310e-01    8.16786016e-01
285      4.16398802e-01    8.26214332e-01
286      4.19809784e-01    8.45070963e-01
287      4.26631750e-01    8.82784225e-01
288      4.40275681e-01    9.58210749e-01
289      4.49602345e-01    1.00977051e+00
290      4.52331132e-01    1.00980742e+00
291      4.57788704e-01    1.00988125e+00
292      4.68703849e-01    1.01002889e+00
293      4.90534139e-01    1.01032418e+00
294      5.34194720e-01    1.01091477e+00
295      5.50100715e-01    1.01112992e+00
296      5.50331015e-01    1.00985921e+00
297      5.50791616e-01    1.00731780e+00
298      5.51712818e-01    1.00223496e+00
299      5.53555222e-01    9.92069301e-01
300      5.57240030e-01    9.71737974e-01
301      5.64609645e-01    9.31075320e-01
302      5.79348876e-01    8.49750011e-01
303      5.86948792e-01    8.07816649e-01
304      5.87582442e-01    8.03868024e-01
305      5.88035861e-01    8.01042521e-01
306      5.88942699e-01    7.95391516e-01
307      5.90756375e-01    7.84089504e-01
308      5.94383727e-01    7.61485482e-01
309      6.01638430e-01    7.16277437e-01
310      6.12294814e-01    6.49871654e-01
311      6.12692962e-01    6.47499765e-01
312      6.13010765e-01    6.45606511e-01
313      6.13646373e-01    6.41820003e-01
314      6.14917587e-01    6.34246986e-01
315      6.17460015e-01    6.19100953e-01
316      6.22544873e-01    5.88808887e-01
317      6.32714587e-01    5.28224754e-01
318      6.32891400e-01    5.27171424e-01
319      6.33068213e-01    5.26224967e-01
320      6.33200290e-01    5.25517976e-01
321      6.33464443e-01    5.24103995e-01
322      6.33992751e-01    5.21276032e-01
323      6.35049365e-01    5.15620106e-01
324      6.37162595e-01    5.04308253e-01
325      6.41389054e-01    4.81684548e-01
326      6.49841972e-01    4.36437139e-01
327      6.50698847e-01    4.31850398e-01
328      6.50981180e-01    4.30536735e-01
329      6.51211359e-01    4.29465740e-01
330      6.51671716e-01    4.27323750e-01
331      6.52592432e-01    4.23039770e-01
332      6.54433862e-01    4.14471809e-01
333      6.58116724e-01    3.97335887e-01
334      6.65482447e-01    3.63064043e-01
335      6.66613626e-01    3.57800805e-01
336      6.66933712e-01    3.56532832e-01
337      6.67190064e-01    3.55517335e-01
338      6.67702767e-01    3.53486342e-01
339      6.68728173e-01    3.49424357e-01
340      6.70778985e-01    3.41300385e-01
341      6.74880610e-01    3.25052442e-01
342      6.81135741e-01    3.00273720e-01
343      6.81408376e-01    2.99367244e-01
344      6.81630887e-01    2.98627424e-01
345      6.82075909e-01    2.97147782e-01
346      6.82965952e-01    2.94188500e-01
347      6.84746038e-01    2.88269936e-01
348      6.88306212e-01    2.76432807e-01
349      6.94576844e-01    2.55583740e-01
350      6.94834044e-01    2.54873428e-01
351      6.95046219e-01    2.54287460e-01
352      6.95470570e-01    2.53115525e-01
353      6.96319271e-01    2.50771653e-01
354      6.98016674e-01    2.46083910e-01
355      7.01411479e-01    2.36708425e-01
356      7.07147844e-01    2.20866220e-01
357      7.07405110e-01    2.20280700e-01
358      7.07618715e-01    2.19794549e-01
359      7.08045924e-01    2.18822247e-01
360      7.08900344e-01    2.16877643e-01
361      7.10609183e-01    2.12988436e-01
362      7.14026861e-01    2.05210020e-01
363      7.18998115e-01    1.93895769e-01
364      7.19265458e-01    1.93397481e-01
365      7.19488412e-01    1.92981930e-01
366      7.19934318e-01    1.92150829e-01
367      7.20826130e-01    1.90488627e-01
368      7.22609756e-01    1.87164223e-01
369      7.26177006e-01    1.80515414e-01
370      7.30239642e-01    1.72943283e-01
371      7.30525491e-01    1.72509153e-01
372      7.30764693e-01    1.72145868e-01
373      7.31243098e-01    1.71419298e-01
374      7.32199907e-01    1.69966158e-01
375      7.34113524e-01    1.67059879e-01
376      7.37940760e-01    1.61247320e-01
377      7.40957080e-01    1.56666326e-01
378      7.41270015e-01    1.56280682e-01
379      7.41532645e-01    1.55957032e-01
380      7.42057904e-01    1.55309731e-01
381      7.43108423e-01    1.54015129e-01
382      7.45209461e-01    1.51425924e-01
383      7.49411537e-01    1.46247516e-01
384      7.51217749e-01    1.44021639e-01
385      7.51567466e-01    1.43673145e-01
386      7.51861725e-01    1.43379916e-01
387      7.52450243e-01    1.42793458e-01
388      7.53627279e-01    1.41620542e-01
389      7.55981350e-01    1.39274710e-01
390      7.60689493e-01    1.34583045e-01
391      7.61075433e-01    1.34198456e-01
392      7.61330271e-01    1.33993721e-01
393      7.61559624e-01    1.33809461e-01
394      7.62018332e-01    1.33440939e-01
395      7.62935747e-01    1.32703896e-01
396      7.64770577e-01    1.31229811e-01
397      7.68440237e-01    1.28281639e-01
398      7.70574123e-01    1.26567295e-01
399      7.70954801e-01    1.26321363e-01
400      7.71286509e-01    1.26107069e-01
401      7.71949924e-01    1.25678480e-01
402      7.73276756e-01    1.24821303e-01
403      7.75930418e-01    1.23106947e-01
404      7.79750619e-01    1.20638968e-01
405      7.80103508e-01    1.20456044e-01
406      7.80421107e-01    1.20291411e-01
407      7.81056307e-01    1.19962147e-01
408      7.82326706e-01    1.19303618e-01
409      7.84867503e-01    1.17986560e-01
410      7.88635375e-01    1.16033431e-01
411      7.89143535e-01    1.15822507e-01
412      7.89522036e-01    1.15665400e-01
413      7.90279038e-01    1.15351187e-01
414      7.91793044e-01    1.14722760e-01
415      7.94821054e-01    1.13465908e-01
416      7.97254867e-01    1.12455692e-01
417      7.97860469e-01    1.12254740e-01
418      7.98315488e-01    1.12103754e-01
419      7.99225527e-01    1.11801784e-01
420      8.01045605e-01    1.11197842e-01
421      8.04685760e-01    1.09989960e-01
422      8.05631143e-01    1.09676261e-01
423      8.06359174e-01    1.09483455e-01
424      8.06910731e-01    1.09337384e-01
425      8.08013847e-01    1.09045242e-01
426      8.10220079e-01    1.08460959e-01
427      8.13784127e-01    1.07517082e-01
428      8.14225373e-01    1.07423939e-01
429      8.14666619e-01    1.07330797e-01
430      8.15549112e-01    1.07144512e-01
431      8.17314097e-01    1.06771943e-01
432      8.20844068e-01    1.06026804e-01
433      8.21731535e-01    1.05839469e-01
434      8.22437529e-01    1.05720850e-01
435      8.23072924e-01    1.05614093e-01
436      8.24343713e-01    1.05400578e-01
437      8.26885292e-01    1.04973549e-01
438      8.29478540e-01    1.04537839e-01
439      8.29986856e-01    1.04469908e-01
440      8.30495172e-01    1.04401978e-01
441      8.31511803e-01    1.04266117e-01
442      8.33545067e-01    1.03994395e-01
443      8.37061526e-01    1.03524461e-01
444      8.37468179e-01    1.03481299e-01
445      8.37874832e-01    1.03438138e-01
446      8.38688137e-01    1.03351815e-01
447      8.40314748e-01    1.03179168e-01
448      8.43567969e-01    1.02833875e-01
449      8.44470797e-01    1.02738050e-01
450      8.45121441e-01    1.02683244e-01
451      8.45772086e-01    1.02628439e-01
452      8.47073374e-01    1.02518828e-01
453      8.49675951e-01    1.02299607e-01
454      8.51719041e-01    1.02127513e-01
455      8.52239556e-01    1.02092743e-01
456      8.52760072e-01    1.02057974e-01
457      8.53801103e-01    1.01988435e-01
458      8.55883164e-01    1.01849357e-01
459      8.58834920e-01    1.01652185e-01
460      8.59251332e-01    1.01630157e-01
461      8.60084157e-01    1.01586100e-01
462      8.61749806e-01    1.01497986e-01
463      8.65081105e-01    1.01321757e-01
464      8.65794665e-01    1.01284010e-01
465      8.66460925e-01    1.01256105e-01
466      8.67127184e-01    1.01228200e-01
467      8.68459704e-01    1.01172390e-01
468      8.71124743e-01    1.01060770e-01
469      8.72640362e-01    1.00997291e-01
470      8.73173370e-01    1.00979645e-01
471      8.74239385e-01    1.00944352e-01
472      8.76371416e-01    1.00873767e-01
473      8.79366242e-01    1.00774616e-01
474      8.79792648e-01    1.00763436e-01
475      8.80645461e-01    1.00741074e-01
476      8.82351085e-01    1.00696352e-01
477      8.85762335e-01    1.00606908e-01
478      8.85951232e-01    1.00601955e-01
479      8.86140130e-01    1.00598047e-01
480      8.86517924e-01    1.00590231e-01
481      8.87273514e-01    1.00574600e-01
482      8.88784692e-01    1.00543338e-01
483      8.91807049e-01    1.00480813e-01
484      8.92452828e-01    1.00467454e-01
485      8.93057300e-01    1.00457576e-01
486      8.94266243e-01    1.00437821e-01
487      8.96684128e-01    1.00398311e-01
488      8.98831468e-01    1.00363222e-01
489      8.99315045e-01    1.00356978e-01
490      9.00282199e-01    1.00344490e-01
491      9.02216508e-01    1.00319514e-01
492      9.05105213e-01    1.00282216e-01
493      9.05492075e-01    1.00278275e-01
494      9.06265798e-01    1.00270395e-01
495      9.07813245e-01    1.00254634e-01
496      9.10908139e-01    1.00223112e-01
497      9.11306967e-01    1.00219050e-01
498      9.11705795e-01    1.00215856e-01
499      9.12503452e-01    1.00209468e-01
500      9.14098766e-01    1.00196691e-01
501      9.17289393e-01    1.00171138e-01
502      9.17402001e-01    1.00170236e-01
503      9.17514609e-01    1.00169525e-01
504      9.17739826e-01    1.00168101e-01
505      9.18190260e-01    1.00165255e-01
506      9.19091126e-01    1.00159562e-01
507      9.20892860e-01    1.00148175e-01
508      9.23413788e-01    1.00132244e-01
509      9.23774135e-01    1.00130449e-01
510      9.24494828e-01    1.00126859e-01
511      9.25936215e-01    1.00119679e-01
512      9.28818989e-01    1.00105319e-01
513      9.29345359e-01    1.00102697e-01
514      9.29871730e-01    1.00100631e-01
515      9.30924471e-01    1.00096498e-01
516      9.33029953e-01    1.00088232e-01
517      9.35179642e-01    1.00079793e-01
518      9.35600738e-01    1.00078491e-01
519      9.36442931e-01    1.00075886e-01
520      9.38127317e-01    1.00070676e-01
521      9.40939977e-01    1.00061977e-01
522      9.41276854e-01    1.00061159e-01
523      9.41950608e-01    1.00059523e-01
524      9.43298117e-01    1.00056250e-01
525      9.45993134e-01    1.00049703e-01
526      9.46634004e-01    1.00048147e-01
527      9.47173008e-01    1.00047147e-01
528      9.48251015e-01    1.00045148e-01
529      9.50407029e-01    1.00041150e-01
530      9.52425812e-01    1.00037407e-01
531      9.52857015e-01    1.00036758e-01
532      9.53719421e-01    1.00035459e-01
533      9.55444232e-01    1.00032862e-01
534      9.57976228e-01    1.00029049e-01
535      9.58321190e-01    1.00028640e-01
536      9.59011114e-01    1.00027822e-01
537      9.60390963e-01    1.00026185e-01
538      9.63150661e-01    1.00022912e-01
539      9.63437370e-01    1.00022572e-01
540      9.63724078e-01    1.00022304e-01
541      9.64297495e-01    1.00021768e-01
542      9.65444329e-01    1.00020696e-01
543      9.67737998e-01    1.00018551e-01
544      9.68825329e-01    1.00017535e-01
545      9.69284063e-01    1.00017197e-01
546      9.70201530e-01    1.00016520e-01
547      9.72036465e-01    1.00015168e-01
548      9.74141001e-01    1.00013616e-01
549      9.74507988e-01    1.00013403e-01
550      9.75241962e-01    1.00012977e-01
551      9.76709910e-01    1.00012124e-01
552      9.79371582e-01    1.00010577e-01
553      9.79665172e-01    1.00010463e-01
554      9.80252351e-01    1.00010233e-01
555      9.81426709e-01    1.00009773e-01
556      9.83775426e-01    1.00008854e-01
557      9.85394917e-01    1.00008220e-01
558      9.85864152e-01    1.00008037e-01
559      9.86802621e-01    1.00007670e-01
560      9.88679559e-01    1.00006936e-01
561      9.90087262e-01    1.00006386e-01
562      9.90462650e-01    1.00006284e-01
563      9.91213425e-01    1.00006082e-01
564      9.92714976e-01    1.00005676e-01
565      9.95379635e-01    1.00004955e-01
566      9.95679945e-01    1.00004884e-01
567      9.96280565e-01    1.00004740e-01
568      9.97481805e-01    1.00004452e-01
569      9.99884286e-01    1.00003877e-01
570      1.00000000e+00    1.00003850e-01
End of Xyce(TM) Simulation
