Index        TIME             V(1)
  0   0.00000000e+00   1.00000000e+00   
  1   1.00000000e-10   9.99999900e-01   
  2   3.00000000e-10   9.99999700e-01   
  3   7.00000000e-10   9.99999300e-01   
  4   1.50000000e-09   9.99998500e-01   
  5   3.10000000e-09   9.99996900e-01   
  6   6.30000000e-09   9.99993700e-01   
  7   1.27000000e-08   9.99987300e-01   
  8   2.55000000e-08   9.99974500e-01   
  9   5.11000000e-08   9.99948901e-01   
 10   1.02300000e-07   9.99897705e-01   
 11   2.04700000e-07   9.99795321e-01   
 12   4.09500000e-07   9.99590584e-01   
 13   8.19100000e-07   9.99181235e-01   
 14   1.63830000e-06   9.98363041e-01   
 15   3.27670000e-06   9.96728663e-01   
 16   4.91510000e-06   9.95096959e-01   
 17   6.55350000e-06   9.93467927e-01   
 18   8.19190000e-06   9.91841562e-01   
 19   9.83030000e-06   9.90217859e-01   
 20   1.14687000e-05   9.88596815e-01   
 21   1.31071000e-05   9.86978424e-01   
 22   1.47455000e-05   9.85362682e-01   
 23   1.63839000e-05   9.83749586e-01   
 24   1.80223000e-05   9.82139130e-01   
 25   1.96607000e-05   9.80531311e-01   
 26   2.12991000e-05   9.78926124e-01   
 27   2.29375000e-05   9.77323565e-01   
 28   2.45759000e-05   9.75723629e-01   
 29   2.62143000e-05   9.74126312e-01   
 30   2.78527000e-05   9.72531610e-01   
 31   2.94911000e-05   9.70939519e-01   
 32   3.11295000e-05   9.69350034e-01   
 33   3.27679000e-05   9.67763151e-01   
 34   3.44063000e-05   9.66178866e-01   
 35   3.60447000e-05   9.64597175e-01   
 36   3.76831000e-05   9.63018073e-01   
 37   3.93215000e-05   9.61441556e-01   
 38   4.09599000e-05   9.59867620e-01   
 39   4.25983000e-05   9.58296260e-01   
 40   4.42367000e-05   9.56727473e-01   
 41   4.58751000e-05   9.55161254e-01   
 42   4.75135000e-05   9.53597599e-01   
 43   4.91519000e-05   9.52036504e-01   
 44   5.07903000e-05   9.50477965e-01   
 45   5.24287000e-05   9.48921977e-01   
 46   5.40671000e-05   9.47368536e-01   
 47   5.57055000e-05   9.45817638e-01   
 48   5.73439000e-05   9.44269279e-01   
 49   5.89823000e-05   9.42723455e-01   
 50   6.06207000e-05   9.41180162e-01   
 51   6.22591000e-05   9.39639395e-01   
 52   6.38975000e-05   9.38101150e-01   
 53   6.55359000e-05   9.36565423e-01   
 54   6.71743000e-05   9.35032211e-01   
 55   6.88127000e-05   9.33501509e-01   
 56   7.04511000e-05   9.31973312e-01   
 57   7.20895000e-05   9.30447617e-01   
 58   7.37279000e-05   9.28924420e-01   
 59   7.53663000e-05   9.27403716e-01   
 60   7.70047000e-05   9.25885502e-01   
 61   7.86431000e-05   9.24369773e-01   
 62   8.02815000e-05   9.22856526e-01   
 63   8.19199000e-05   9.21345756e-01   
 64   8.35583000e-05   9.19837459e-01   
 65   8.51967000e-05   9.18331631e-01   
 66   8.68351000e-05   9.16828268e-01   
 67   8.84735000e-05   9.15327367e-01   
 68   9.01119000e-05   9.13828922e-01   
 69   9.17503000e-05   9.12332931e-01   
 70   9.33887000e-05   9.10839388e-01   
 71   9.50271000e-05   9.09348291e-01   
 72   9.66655000e-05   9.07859634e-01   
 73   9.83039000e-05   9.06373415e-01   
 74   9.99423000e-05   9.04889629e-01   
 75   1.01580700e-04   9.03408271e-01   
 76   1.03219100e-04   9.01929339e-01   
 77   1.04857500e-04   9.00452828e-01   
 78   1.06495900e-04   8.98978734e-01   
 79   1.08134300e-04   8.97507053e-01   
 80   1.09772700e-04   8.96037782e-01   
 81   1.11411100e-04   8.94570915e-01   
 82   1.13049500e-04   8.93106450e-01   
 83   1.14687900e-04   8.91644383e-01   
 84   1.16326300e-04   8.90184709e-01   
 85   1.17964700e-04   8.88727424e-01   
 86   1.19603100e-04   8.87272525e-01   
 87   1.21241500e-04   8.85820008e-01   
 88   1.22879900e-04   8.84369869e-01   
 89   1.24518300e-04   8.82922104e-01   
 90   1.26156700e-04   8.81476709e-01   
 91   1.27795100e-04   8.80033680e-01   
 92   1.29433500e-04   8.78593013e-01   
 93   1.31071900e-04   8.77154705e-01   
 94   1.32710300e-04   8.75718751e-01   
 95   1.34348700e-04   8.74285148e-01   
 96   1.35987100e-04   8.72853892e-01   
 97   1.37625500e-04   8.71424979e-01   
 98   1.39263900e-04   8.69998406e-01   
 99   1.40902300e-04   8.68574167e-01   
100   1.42540700e-04   8.67152260e-01   
101   1.44179100e-04   8.65732681e-01   
102   1.45817500e-04   8.64315426e-01   
103   1.47455900e-04   8.62900491e-01   
104   1.49094300e-04   8.61487873e-01   
105   1.50732700e-04   8.60077567e-01   
106   1.52371100e-04   8.58669569e-01   
107   1.54009500e-04   8.57263877e-01   
108   1.55647900e-04   8.55860486e-01   
109   1.57286300e-04   8.54459392e-01   
110   1.58924700e-04   8.53060592e-01   
111   1.60563100e-04   8.51664082e-01   
112   1.62201500e-04   8.50269858e-01   
113   1.63839900e-04   8.48877916e-01   
114   1.65478300e-04   8.47488254e-01   
115   1.67116700e-04   8.46100866e-01   
116   1.68755100e-04   8.44715749e-01   
117   1.70393500e-04   8.43332900e-01   
118   1.72031900e-04   8.41952314e-01   
119   1.73670300e-04   8.40573989e-01   
120   1.75308700e-04   8.39197920e-01   
121   1.76947100e-04   8.37824104e-01   
122   1.78585500e-04   8.36452537e-01   
123   1.80223900e-04   8.35083215e-01   
124   1.81862300e-04   8.33716135e-01   
125   1.83500700e-04   8.32351293e-01   
126   1.85139100e-04   8.30988685e-01   
127   1.86777500e-04   8.29628308e-01   
128   1.88415900e-04   8.28270158e-01   
129   1.90054300e-04   8.26914231e-01   
130   1.91692700e-04   8.25560524e-01   
131   1.93331100e-04   8.24209033e-01   
132   1.94969500e-04   8.22859755e-01   
133   1.96607900e-04   8.21512685e-01   
134   1.98246300e-04   8.20167821e-01   
135   1.99884700e-04   8.18825158e-01   
136   2.01523100e-04   8.17484693e-01   
137   2.03161500e-04   8.16146423e-01   
138   2.04799900e-04   8.14810344e-01   
139   2.06438300e-04   8.13476451e-01   
140   2.08076700e-04   8.12144743e-01   
141   2.09715100e-04   8.10815214e-01   
142   2.11353500e-04   8.09487862e-01   
143   2.12991900e-04   8.08162683e-01   
144   2.14630300e-04   8.06839674e-01   
145   2.16268700e-04   8.05518830e-01   
146   2.17907100e-04   8.04200148e-01   
147   2.19545500e-04   8.02883626e-01   
148   2.21183900e-04   8.01569258e-01   
149   2.22822300e-04   8.00257042e-01   
150   2.24460700e-04   7.98946975e-01   
151   2.26099100e-04   7.97639052e-01   
152   2.27737500e-04   7.96333270e-01   
153   2.29375900e-04   7.95029626e-01   
154   2.31014300e-04   7.93728116e-01   
155   2.32652700e-04   7.92428736e-01   
156   2.34291100e-04   7.91131484e-01   
157   2.35929500e-04   7.89836355e-01   
158   2.37567900e-04   7.88543347e-01   
159   2.39206300e-04   7.87252455e-01   
160   2.40844700e-04   7.85963677e-01   
161   2.42483100e-04   7.84677009e-01   
162   2.44121500e-04   7.83392446e-01   
163   2.45759900e-04   7.82109987e-01   
164   2.47398300e-04   7.80829627e-01   
165   2.49036700e-04   7.79551363e-01   
166   2.50675100e-04   7.78275192e-01   
167   2.52313500e-04   7.77001110e-01   
168   2.53951900e-04   7.75729114e-01   
169   2.55590300e-04   7.74459200e-01   
170   2.57228700e-04   7.73191365e-01   
171   2.58867100e-04   7.71925605e-01   
172   2.60505500e-04   7.70661918e-01   
173   2.62143900e-04   7.69400299e-01   
174   2.63782300e-04   7.68140746e-01   
175   2.65420700e-04   7.66883254e-01   
176   2.67059100e-04   7.65627822e-01   
177   2.68697500e-04   7.64374444e-01   
178   2.70335900e-04   7.63123118e-01   
179   2.71974300e-04   7.61873841e-01   
180   2.73612700e-04   7.60626609e-01   
181   2.75251100e-04   7.59381419e-01   
182   2.76889500e-04   7.58138267e-01   
183   2.78527900e-04   7.56897150e-01   
184   2.80166300e-04   7.55658065e-01   
185   2.81804700e-04   7.54421009e-01   
186   2.83443100e-04   7.53185977e-01   
187   2.85081500e-04   7.51952968e-01   
188   2.86719900e-04   7.50721977e-01   
189   2.88358300e-04   7.49493001e-01   
190   2.89996700e-04   7.48266037e-01   
191   2.91635100e-04   7.47041082e-01   
192   2.93273500e-04   7.45818132e-01   
193   2.94911900e-04   7.44597184e-01   
194   2.96550300e-04   7.43378234e-01   
195   2.98188700e-04   7.42161281e-01   
196   2.99827100e-04   7.40946319e-01   
197   3.01465500e-04   7.39733347e-01   
198   3.03103900e-04   7.38522360e-01   
199   3.04742300e-04   7.37313356e-01   
200   3.06380700e-04   7.36106330e-01   
201   3.08019100e-04   7.34901281e-01   
202   3.09657500e-04   7.33698205e-01   
203   3.11295900e-04   7.32497098e-01   
204   3.12934300e-04   7.31297957e-01   
205   3.14572700e-04   7.30100780e-01   
206   3.16211100e-04   7.28905562e-01   
207   3.17849500e-04   7.27712301e-01   
208   3.19487900e-04   7.26520993e-01   
209   3.21126300e-04   7.25331636e-01   
210   3.22764700e-04   7.24144225e-01   
211   3.24403100e-04   7.22958759e-01   
212   3.26041500e-04   7.21775233e-01   
213   3.27679900e-04   7.20593645e-01   
214   3.29318300e-04   7.19413991e-01   
215   3.30956700e-04   7.18236268e-01   
216   3.32595100e-04   7.17060473e-01   
217   3.34233500e-04   7.15886603e-01   
218   3.35871900e-04   7.14714655e-01   
219   3.37510300e-04   7.13544625e-01   
220   3.39148700e-04   7.12376511e-01   
221   3.40787100e-04   7.11210309e-01   
222   3.42425500e-04   7.10046016e-01   
223   3.44063900e-04   7.08883629e-01   
224   3.45702300e-04   7.07723145e-01   
225   3.47340700e-04   7.06564561e-01   
226   3.48979100e-04   7.05407873e-01   
227   3.50617500e-04   7.04253079e-01   
228   3.52255900e-04   7.03100176e-01   
229   3.53894300e-04   7.01949159e-01   
230   3.55532700e-04   7.00800028e-01   
231   3.57171100e-04   6.99652777e-01   
232   3.58809500e-04   6.98507404e-01   
233   3.60447900e-04   6.97363907e-01   
234   3.62086300e-04   6.96222281e-01   
235   3.63724700e-04   6.95082525e-01   
236   3.65363100e-04   6.93944634e-01   
237   3.67001500e-04   6.92808606e-01   
238   3.68639900e-04   6.91674438e-01   
239   3.70278300e-04   6.90542126e-01   
240   3.71916700e-04   6.89411668e-01   
241   3.73555100e-04   6.88283061e-01   
242   3.75193500e-04   6.87156301e-01   
243   3.76831900e-04   6.86031386e-01   
244   3.78470300e-04   6.84908313e-01   
245   3.80108700e-04   6.83787078e-01   
246   3.81747100e-04   6.82667678e-01   
247   3.83385500e-04   6.81550111e-01   
248   3.85023900e-04   6.80434374e-01   
249   3.86662300e-04   6.79320463e-01   
250   3.88300700e-04   6.78208375e-01   
251   3.89939100e-04   6.77098109e-01   
252   3.91577500e-04   6.75989659e-01   
253   3.93215900e-04   6.74883025e-01   
254   3.94854300e-04   6.73778202e-01   
255   3.96492700e-04   6.72675187e-01   
256   3.98131100e-04   6.71573979e-01   
257   3.99769500e-04   6.70474573e-01   
258   4.01407900e-04   6.69376966e-01   
259   4.03046300e-04   6.68281157e-01   
260   4.04684700e-04   6.67187142e-01   
261   4.06323100e-04   6.66094917e-01   
262   4.07961500e-04   6.65004481e-01   
263   4.09599900e-04   6.63915830e-01   
264   4.11238300e-04   6.62828961e-01   
265   4.12876700e-04   6.61743871e-01   
266   4.14515100e-04   6.60660557e-01   
267   4.16153500e-04   6.59579017e-01   
268   4.17791900e-04   6.58499248e-01   
269   4.19430300e-04   6.57421246e-01   
270   4.21068700e-04   6.56345009e-01   
271   4.22707100e-04   6.55270534e-01   
272   4.24345500e-04   6.54197818e-01   
273   4.25983900e-04   6.53126857e-01   
274   4.27622300e-04   6.52057650e-01   
275   4.29260700e-04   6.50990194e-01   
276   4.30899100e-04   6.49924485e-01   
277   4.32537500e-04   6.48860520e-01   
278   4.34175900e-04   6.47798298e-01   
279   4.35814300e-04   6.46737814e-01   
280   4.37452700e-04   6.45679066e-01   
281   4.39091100e-04   6.44622052e-01   
282   4.40729500e-04   6.43566768e-01   
283   4.42367900e-04   6.42513211e-01   
284   4.44006300e-04   6.41461380e-01   
285   4.45644700e-04   6.40411270e-01   
286   4.47283100e-04   6.39362879e-01   
287   4.48921500e-04   6.38316205e-01   
288   4.50559900e-04   6.37271244e-01   
289   4.52198300e-04   6.36227993e-01   
290   4.53836700e-04   6.35186451e-01   
291   4.55475100e-04   6.34146613e-01   
292   4.57113500e-04   6.33108478e-01   
293   4.58751900e-04   6.32072043e-01   
294   4.60390300e-04   6.31037304e-01   
295   4.62028700e-04   6.30004259e-01   
296   4.63667100e-04   6.28972905e-01   
297   4.65305500e-04   6.27943239e-01   
298   4.66943900e-04   6.26915259e-01   
299   4.68582300e-04   6.25888962e-01   
300   4.70220700e-04   6.24864346e-01   
301   4.71859100e-04   6.23841406e-01   
302   4.73497500e-04   6.22820141e-01   
303   4.75135900e-04   6.21800548e-01   
304   4.76774300e-04   6.20782624e-01   
305   4.78412700e-04   6.19766367e-01   
306   4.80051100e-04   6.18751773e-01   
307   4.81689500e-04   6.17738840e-01   
308   4.83327900e-04   6.16727565e-01   
309   4.84966300e-04   6.15717946e-01   
310   4.86604700e-04   6.14709980e-01   
311   4.88243100e-04   6.13703664e-01   
312   4.89881500e-04   6.12698995e-01   
313   4.91519900e-04   6.11695971e-01   
314   4.93158300e-04   6.10694588e-01   
315   4.94796700e-04   6.09694846e-01   
316   4.96435100e-04   6.08696739e-01   
317   4.98073500e-04   6.07700267e-01   
318   4.99711900e-04   6.06705426e-01   
319   5.01350300e-04   6.05712214e-01   
320   5.02988700e-04   6.04720628e-01   
321   5.04627100e-04   6.03730665e-01   
322   5.06265500e-04   6.02742322e-01   
323   5.07903900e-04   6.01755598e-01   
324   5.09542300e-04   6.00770489e-01   
325   5.11180700e-04   5.99786992e-01   
326   5.12819100e-04   5.98805106e-01   
327   5.14457500e-04   5.97824827e-01   
328   5.16095900e-04   5.96846152e-01   
329   5.17734300e-04   5.95869080e-01   
330   5.19372700e-04   5.94893608e-01   
331   5.21011100e-04   5.93919732e-01   
332   5.22649500e-04   5.92947451e-01   
333   5.24287900e-04   5.91976761e-01   
334   5.25926300e-04   5.91007660e-01   
335   5.27564700e-04   5.90040146e-01   
336   5.29203100e-04   5.89074216e-01   
337   5.30841500e-04   5.88109867e-01   
338   5.32479900e-04   5.87147097e-01   
339   5.34118300e-04   5.86185902e-01   
340   5.35756700e-04   5.85226282e-01   
341   5.37395100e-04   5.84268232e-01   
342   5.39033500e-04   5.83311751e-01   
343   5.40671900e-04   5.82356835e-01   
344   5.42310300e-04   5.81403483e-01   
345   5.43948700e-04   5.80451692e-01   
346   5.45587100e-04   5.79501458e-01   
347   5.47225500e-04   5.78552780e-01   
348   5.48863900e-04   5.77605656e-01   
349   5.50502300e-04   5.76660081e-01   
350   5.52140700e-04   5.75716055e-01   
351   5.53779100e-04   5.74773574e-01   
352   5.55417500e-04   5.73832636e-01   
353   5.57055900e-04   5.72893238e-01   
354   5.58694300e-04   5.71955379e-01   
355   5.60332700e-04   5.71019054e-01   
356   5.61971100e-04   5.70084263e-01   
357   5.63609500e-04   5.69151001e-01   
358   5.65247900e-04   5.68219268e-01   
359   5.66886300e-04   5.67289060e-01   
360   5.68524700e-04   5.66360374e-01   
361   5.70163100e-04   5.65433209e-01   
362   5.71801500e-04   5.64507562e-01   
363   5.73439900e-04   5.63583430e-01   
364   5.75078300e-04   5.62660811e-01   
365   5.76716700e-04   5.61739702e-01   
366   5.78355100e-04   5.60820101e-01   
367   5.79993500e-04   5.59902006e-01   
368   5.81631900e-04   5.58985414e-01   
369   5.83270300e-04   5.58070322e-01   
370   5.84908700e-04   5.57156728e-01   
371   5.86547100e-04   5.56244630e-01   
372   5.88185500e-04   5.55334025e-01   
373   5.89823900e-04   5.54424910e-01   
374   5.91462300e-04   5.53517284e-01   
375   5.93100700e-04   5.52611144e-01   
376   5.94739100e-04   5.51706487e-01   
377   5.96377500e-04   5.50803311e-01   
378   5.98015900e-04   5.49901614e-01   
379   5.99654300e-04   5.49001393e-01   
380   6.01292700e-04   5.48102646e-01   
381   6.02931100e-04   5.47205370e-01   
382   6.04569500e-04   5.46309562e-01   
383   6.06207900e-04   5.45415222e-01   
384   6.07846300e-04   5.44522345e-01   
385   6.09484700e-04   5.43630930e-01   
386   6.11123100e-04   5.42740974e-01   
387   6.12761500e-04   5.41852476e-01   
388   6.14399900e-04   5.40965431e-01   
389   6.16038300e-04   5.40079839e-01   
390   6.17676700e-04   5.39195697e-01   
391   6.19315100e-04   5.38313002e-01   
392   6.20953500e-04   5.37431752e-01   
393   6.22591900e-04   5.36551945e-01   
394   6.24230300e-04   5.35673578e-01   
395   6.25868700e-04   5.34796649e-01   
396   6.27507100e-04   5.33921155e-01   
397   6.29145500e-04   5.33047095e-01   
398   6.30783900e-04   5.32174466e-01   
399   6.32422300e-04   5.31303265e-01   
400   6.34060700e-04   5.30433491e-01   
401   6.35699100e-04   5.29565140e-01   
402   6.37337500e-04   5.28698211e-01   
403   6.38975900e-04   5.27832701e-01   
404   6.40614300e-04   5.26968608e-01   
405   6.42252700e-04   5.26105929e-01   
406   6.43891100e-04   5.25244663e-01   
407   6.45529500e-04   5.24384807e-01   
408   6.47167900e-04   5.23526358e-01   
409   6.48806300e-04   5.22669315e-01   
410   6.50444700e-04   5.21813675e-01   
411   6.52083100e-04   5.20959435e-01   
412   6.53721500e-04   5.20106594e-01   
413   6.55359900e-04   5.19255149e-01   
414   6.56998300e-04   5.18405098e-01   
415   6.58636700e-04   5.17556438e-01   
416   6.60275100e-04   5.16709168e-01   
417   6.61913500e-04   5.15863285e-01   
418   6.63551900e-04   5.15018787e-01   
419   6.65190300e-04   5.14175671e-01   
420   6.66828700e-04   5.13333935e-01   
421   6.68467100e-04   5.12493577e-01   
422   6.70105500e-04   5.11654595e-01   
423   6.71743900e-04   5.10816987e-01   
424   6.73382300e-04   5.09980750e-01   
425   6.75020700e-04   5.09145881e-01   
426   6.76659100e-04   5.08312380e-01   
427   6.78297500e-04   5.07480242e-01   
428   6.79935900e-04   5.06649468e-01   
429   6.81574300e-04   5.05820053e-01   
430   6.83212700e-04   5.04991996e-01   
431   6.84851100e-04   5.04165294e-01   
432   6.86489500e-04   5.03339946e-01   
433   6.88127900e-04   5.02515949e-01   
434   6.89766300e-04   5.01693301e-01   
435   6.91404700e-04   5.00872000e-01   
436   6.93043100e-04   5.00052043e-01   
437   6.94681500e-04   4.99233429e-01   
438   6.96319900e-04   4.98416154e-01   
439   6.97958300e-04   4.97600218e-01   
440   6.99596700e-04   4.96785617e-01   
441   7.01235100e-04   4.95972350e-01   
442   7.02873500e-04   4.95160414e-01   
443   7.04511900e-04   4.94349808e-01   
444   7.06150300e-04   4.93540528e-01   
445   7.07788700e-04   4.92732573e-01   
446   7.09427100e-04   4.91925941e-01   
447   7.11065500e-04   4.91120630e-01   
448   7.12703900e-04   4.90316636e-01   
449   7.14342300e-04   4.89513959e-01   
450   7.15980700e-04   4.88712596e-01   
451   7.17619100e-04   4.87912545e-01   
452   7.19257500e-04   4.87113804e-01   
453   7.20895900e-04   4.86316370e-01   
454   7.22534300e-04   4.85520242e-01   
455   7.24172700e-04   4.84725416e-01   
456   7.25811100e-04   4.83931893e-01   
457   7.27449500e-04   4.83139668e-01   
458   7.29087900e-04   4.82348740e-01   
459   7.30726300e-04   4.81559107e-01   
460   7.32364700e-04   4.80770766e-01   
461   7.34003100e-04   4.79983716e-01   
462   7.35641500e-04   4.79197955e-01   
463   7.37279900e-04   4.78413480e-01   
464   7.38918300e-04   4.77630289e-01   
465   7.40556700e-04   4.76848380e-01   
466   7.42195100e-04   4.76067751e-01   
467   7.43833500e-04   4.75288401e-01   
468   7.45471900e-04   4.74510326e-01   
469   7.47110300e-04   4.73733524e-01   
470   7.48748700e-04   4.72957995e-01   
471   7.50387100e-04   4.72183735e-01   
472   7.52025500e-04   4.71410743e-01   
473   7.53663900e-04   4.70639016e-01   
474   7.55302300e-04   4.69868552e-01   
475   7.56940700e-04   4.69099350e-01   
476   7.58579100e-04   4.68331407e-01   
477   7.60217500e-04   4.67564721e-01   
478   7.61855900e-04   4.66799290e-01   
479   7.63494300e-04   4.66035112e-01   
480   7.65132700e-04   4.65272185e-01   
481   7.66771100e-04   4.64510507e-01   
482   7.68409500e-04   4.63750077e-01   
483   7.70047900e-04   4.62990891e-01   
484   7.71686300e-04   4.62232947e-01   
485   7.73324700e-04   4.61476245e-01   
486   7.74963100e-04   4.60720781e-01   
487   7.76601500e-04   4.59966554e-01   
488   7.78239900e-04   4.59213562e-01   
489   7.79878300e-04   4.58461803e-01   
490   7.81516700e-04   4.57711274e-01   
491   7.83155100e-04   4.56961974e-01   
492   7.84793500e-04   4.56213900e-01   
493   7.86431900e-04   4.55467051e-01   
494   7.88070300e-04   4.54721425e-01   
495   7.89708700e-04   4.53977020e-01   
496   7.91347100e-04   4.53233833e-01   
497   7.92985500e-04   4.52491862e-01   
498   7.94623900e-04   4.51751107e-01   
499   7.96262300e-04   4.51011564e-01   
500   7.97900700e-04   4.50273231e-01   
501   7.99539100e-04   4.49536108e-01   
502   8.01177500e-04   4.48800191e-01   
503   8.02815900e-04   4.48065478e-01   
504   8.04454300e-04   4.47331969e-01   
505   8.06092700e-04   4.46599660e-01   
506   8.07731100e-04   4.45868551e-01   
507   8.09369500e-04   4.45138638e-01   
508   8.11007900e-04   4.44409920e-01   
509   8.12646300e-04   4.43682395e-01   
510   8.14284700e-04   4.42956061e-01   
511   8.15923100e-04   4.42230916e-01   
512   8.17561500e-04   4.41506958e-01   
513   8.19199900e-04   4.40784185e-01   
514   8.20838300e-04   4.40062595e-01   
515   8.22476700e-04   4.39342187e-01   
516   8.24115100e-04   4.38622958e-01   
517   8.25753500e-04   4.37904907e-01   
518   8.27391900e-04   4.37188031e-01   
519   8.29030300e-04   4.36472328e-01   
520   8.30668700e-04   4.35757798e-01   
521   8.32307100e-04   4.35044437e-01   
522   8.33945500e-04   4.34332243e-01   
523   8.35583900e-04   4.33621216e-01   
524   8.37222300e-04   4.32911353e-01   
525   8.38860700e-04   4.32202652e-01   
526   8.40499100e-04   4.31495110e-01   
527   8.42137500e-04   4.30788728e-01   
528   8.43775900e-04   4.30083501e-01   
529   8.45414300e-04   4.29379429e-01   
530   8.47052700e-04   4.28676510e-01   
531   8.48691100e-04   4.27974742e-01   
532   8.50329500e-04   4.27274122e-01   
533   8.51967900e-04   4.26574649e-01   
534   8.53606300e-04   4.25876321e-01   
535   8.55244700e-04   4.25179137e-01   
536   8.56883100e-04   4.24483094e-01   
537   8.58521500e-04   4.23788190e-01   
538   8.60159900e-04   4.23094424e-01   
539   8.61798300e-04   4.22401794e-01   
540   8.63436700e-04   4.21710297e-01   
541   8.65075100e-04   4.21019933e-01   
542   8.66713500e-04   4.20330699e-01   
543   8.68351900e-04   4.19642593e-01   
544   8.69990300e-04   4.18955613e-01   
545   8.71628700e-04   4.18269758e-01   
546   8.73267100e-04   4.17585026e-01   
547   8.74905500e-04   4.16901415e-01   
548   8.78182300e-04   4.15537548e-01   
549   8.81025131e-04   4.14357923e-01   
550   8.83867962e-04   4.13181646e-01   
551   8.86710792e-04   4.12008709e-01   
552   8.89553623e-04   4.10839101e-01   
553   8.92396454e-04   4.09672813e-01   
554   8.95239285e-04   4.08509837e-01   
555   8.98082116e-04   4.07350161e-01   
556   9.00924947e-04   4.06193778e-01   
557   9.03767777e-04   4.05040678e-01   
558   9.06610608e-04   4.03890851e-01   
559   9.09453439e-04   4.02744288e-01   
560   9.12296270e-04   4.01600980e-01   
561   9.15139101e-04   4.00460918e-01   
562   9.17981931e-04   3.99324092e-01   
563   9.20824762e-04   3.98190493e-01   
564   9.23667593e-04   3.97060112e-01   
565   9.26510424e-04   3.95932941e-01   
566   9.29353255e-04   3.94808969e-01   
567   9.32196085e-04   3.93688188e-01   
568   9.35038916e-04   3.92570588e-01   
569   9.37881747e-04   3.91456161e-01   
570   9.40724578e-04   3.90344898e-01   
571   9.43567409e-04   3.89236789e-01   
572   9.46410240e-04   3.88131826e-01   
573   9.49253070e-04   3.87030000e-01   
574   9.52095901e-04   3.85931301e-01   
575   9.54938732e-04   3.84835722e-01   
576   9.57781563e-04   3.83743253e-01   
577   9.60624394e-04   3.82653885e-01   
578   9.63467224e-04   3.81567609e-01   
579   9.66310055e-04   3.80484418e-01   
580   9.69152886e-04   3.79404301e-01   
581   9.71995717e-04   3.78327250e-01   
582   9.74838548e-04   3.77253257e-01   
583   9.77681378e-04   3.76182313e-01   
584   9.80524209e-04   3.75114409e-01   
585   9.83367040e-04   3.74049536e-01   
586   9.86209871e-04   3.72987687e-01   
587   9.89052702e-04   3.71928852e-01   
588   9.91895533e-04   3.70873022e-01   
589   9.94738363e-04   3.69820191e-01   
590   9.97581194e-04   3.68770347e-01   
591   1.00000000e-03   3.67879441e-01   
End of Xyce(TM) Simulation
