Index   TIME           V(IN)           V(OUT)           
0       0.00000000e+00   0.00000000e+00   5.29137625e-01   
1       5.00000000e-12   -7.81851284e-25  5.29137625e-01   
2       1.50000000e-11   -4.59920554e-26  5.29137625e-01   
3       3.50000000e-11   -2.42957759e-26  5.29137625e-01   
4       7.50000000e-11   -7.89018215e-28  5.29137624e-01   
5       1.55000000e-10   -4.51014977e-25  5.29137624e-01   
6       2.55000000e-10   3.74320575e-25   5.29137624e-01   
7       3.55000000e-10   -5.16184484e-26  5.29137624e-01   
8       4.55000000e-10   1.62838860e-25   5.29137624e-01   
9       5.55000000e-10   1.96111841e-25   5.29137624e-01   
10      6.55000000e-10   7.27681303e-26   5.29137624e-01   
11      7.55000000e-10   -2.16316197e-27  5.29137624e-01   
12      8.55000000e-10   -5.86595861e-28  5.29137624e-01   
13      9.55000000e-10   -5.73636238e-27  5.29137624e-01   
14      1.00000000e-09   -1.02482233e-26  5.29137624e-01   
15      1.00050000e-09   2.50000000e-02   5.29795088e-01   
16      1.00051898e-09   2.59488634e-02   5.29820060e-01   
17      1.00053795e-09   2.68977267e-02   5.29845033e-01   
18      1.00055693e-09   2.78465901e-02   5.29870006e-01   
19      1.00057591e-09   2.87954535e-02   5.29894979e-01   
20      1.00061386e-09   3.06931802e-02   5.29944927e-01   
21      1.00067814e-09   3.39069409e-02   5.30029514e-01   
22      1.00078057e-09   3.90284619e-02   5.30164315e-01   
23      1.00098543e-09   4.92715040e-02   5.30433904e-01   
24      1.00139515e-09   6.97575882e-02   5.30972880e-01   
25      1.00221460e-09   1.10729757e-01   5.32048969e-01   
26      1.00324258e-09   1.62129184e-01   5.33393108e-01   
27      1.00427057e-09   2.13528611e-01   5.34727907e-01   
28      1.00574974e-09   2.87486823e-01   5.36625359e-01   
29      1.00722890e-09   3.61445036e-01   5.38489561e-01   
30      1.00908267e-09   4.54133493e-01   5.40768526e-01   
31      1.01093644e-09   5.46821951e-01   5.42975133e-01   
32      1.01279021e-09   6.39510408e-01   5.45101239e-01   
33      1.01456268e-09   7.28134023e-01   5.47051959e-01   
34      1.01577491e-09   7.88745454e-01   5.48335567e-01   
35      1.01668408e-09   8.34204027e-01   5.49267462e-01   
36      1.01759325e-09   8.79662599e-01   5.50167892e-01   
37      1.01829044e-09   9.14521940e-01   5.50834568e-01   
38      1.01881333e-09   9.40666445e-01   5.51319957e-01   
39      1.01933622e-09   9.66810951e-01   5.51792342e-01   
40      1.02006939e-09   1.00346941e+00   5.52432941e-01   
41      1.02086224e-09   1.04311193e+00   5.53097996e-01   
42      1.02165509e-09   1.08275445e+00   5.53735619e-01   
43      1.02244794e-09   1.12239697e+00   5.54347365e-01   
44      1.02348351e-09   1.17417565e+00   5.55110331e-01   
45      1.02478342e-09   1.23917122e+00   5.56014852e-01   
46      1.02691429e-09   1.34571453e+00   5.57384783e-01   
47      1.03025987e-09   1.51299344e+00   5.59294494e-01   
48      1.03459789e-09   1.72989447e+00   5.61406465e-01   
49      1.03764634e-09   1.88231688e+00   5.62695120e-01   
50      1.03895944e-09   1.94797210e+00   5.63275597e-01   
51      1.03988820e-09   1.99441010e+00   5.63808746e-01   
52      1.04056626e-09   2.02831284e+00   5.64350714e-01   
53      1.04124431e-09   2.06221557e+00   5.65083598e-01   
54      1.04192237e-09   2.09611831e+00   5.66024183e-01   
55      1.04276008e-09   2.13800385e+00   5.67431499e-01   
56      1.04338836e-09   2.16941801e+00   5.68616671e-01   
57      1.04401138e-09   2.20056908e+00   5.69863824e-01   
58      1.04481942e-09   2.24097089e+00   5.71545911e-01   
59      1.04562745e-09   2.28137270e+00   5.73265353e-01   
60      1.04675851e-09   2.33792553e+00   5.75685961e-01   
61      1.04788957e-09   2.39447836e+00   5.78085823e-01   
62      1.04974785e-09   2.48739255e+00   5.81911292e-01   
63      1.05254559e-09   2.62727944e+00   5.87261748e-01   
64      1.05585067e-09   2.79253359e+00   5.92760559e-01   
65      1.05915575e-09   2.95778774e+00   5.97171636e-01   
66      1.06246084e-09   3.12304190e+00   6.00305284e-01   
67      1.06576592e-09   3.28829605e+00   6.02005532e-01   
68      1.06907100e-09   3.45355020e+00   6.02156542e-01   
69      1.07374990e-09   3.68749489e+00   5.99584482e-01   
70      1.07612121e-09   3.80606035e+00   5.97021466e-01   
71      1.07789969e-09   3.89498445e+00   5.94543552e-01   
72      1.07879326e-09   3.93966307e+00   5.93116975e-01   
73      1.07946344e-09   3.97317204e+00   5.91966280e-01   
74      1.08013362e-09   4.00668101e+00   5.90745266e-01   
75      1.08098283e-09   4.04914172e+00   5.89096111e-01   
76      1.08195817e-09   4.09790826e+00   5.87064352e-01   
77      1.08293350e-09   4.14667481e+00   5.84891913e-01   
78      1.08356724e-09   4.17836185e+00   5.83407378e-01   
79      1.08420098e-09   4.21004890e+00   5.81866917e-01   
80      1.08483472e-09   4.24173594e+00   5.80271592e-01   
81      1.08546846e-09   4.27342299e+00   5.78622360e-01   
82      1.08673594e-09   4.33679708e+00   5.75166364e-01   
83      1.08845828e-09   4.42291418e+00   5.70143321e-01   
84      1.09078912e-09   4.53945589e+00   5.62774384e-01   
85      1.09378702e-09   4.68935083e+00   5.52396717e-01   
86      1.09678492e-09   4.83924577e+00   5.41097972e-01   
87      1.10000000e-09   5.00000000e+00   5.28086903e-01   
88      1.10299790e-09   5.00000000e+00   5.07582759e-01   
89      1.10317267e-09   5.00000000e+00   5.06413433e-01   
90      1.10320823e-09   5.00000000e+00   5.06175946e-01   
91      1.10324379e-09   5.00000000e+00   5.05938676e-01   
92      1.10327934e-09   5.00000000e+00   5.05701583e-01   
93      1.10331490e-09   5.00000000e+00   5.05464694e-01   
94      1.10336972e-09   5.00000000e+00   5.05099856e-01   
95      1.10344223e-09   5.00000000e+00   5.04618126e-01   
96      1.10358725e-09   5.00000000e+00   5.03657377e-01   
97      1.10387729e-09   5.00000000e+00   5.01746734e-01   
98      1.10445736e-09   5.00000000e+00   4.97968892e-01   
99      1.10561750e-09   5.00000000e+00   4.90586888e-01   
100     1.10627074e-09   5.00000000e+00   4.86531940e-01   
101     1.10659355e-09   5.00000000e+00   4.84555106e-01   
102     1.10677771e-09   5.00000000e+00   4.83435298e-01   
103     1.10691583e-09   5.00000000e+00   4.82599243e-01   
104     1.10705395e-09   5.00000000e+00   4.81766443e-01   
105     1.10733020e-09   5.00000000e+00   4.80110599e-01   
106     1.10769940e-09   5.00000000e+00   4.77917818e-01   
107     1.10843781e-09   5.00000000e+00   4.73601574e-01   
108     1.10991462e-09   5.00000000e+00   4.65244042e-01   
109     1.11201898e-09   5.00000000e+00   4.54269346e-01   
110     1.11320267e-09   5.00000000e+00   4.49909185e-01   
111     1.11399113e-09   5.00000000e+00   4.47049309e-01   
112     1.11457293e-09   5.00000000e+00   4.44960162e-01   
113     1.11515472e-09   5.00000000e+00   4.42888961e-01   
114     1.11573652e-09   5.00000000e+00   4.40835989e-01   
115     1.11690012e-09   5.00000000e+00   4.36786196e-01   
116     1.11922732e-09   5.00000000e+00   4.28917818e-01   
117     1.12388171e-09   5.00000000e+00   4.14132431e-01   
118     1.12853610e-09   5.00000000e+00   4.00619727e-01   
119     1.13088502e-09   5.00000000e+00   3.94281235e-01   
120     1.13257060e-09   5.00000000e+00   3.89930022e-01   
121     1.13425617e-09   5.00000000e+00   3.85740870e-01   
122     1.13594175e-09   5.00000000e+00   3.81710990e-01   
123     1.13931290e-09   5.00000000e+00   3.74112660e-01   
124     1.14411465e-09   5.00000000e+00   3.64304633e-01   
125     1.15039766e-09   5.00000000e+00   3.53142921e-01   
126     1.15668066e-09   5.00000000e+00   3.43720755e-01   
127     1.16544876e-09   5.00000000e+00   3.33100753e-01   
128     1.17202483e-09   5.00000000e+00   3.26880726e-01   
129     1.17686160e-09   5.00000000e+00   3.23164929e-01   
130     1.18048918e-09   5.00000000e+00   3.20820990e-01   
131     1.18411676e-09   5.00000000e+00   3.18834622e-01   
132     1.18774434e-09   5.00000000e+00   3.17183239e-01   
133     1.19137191e-09   5.00000000e+00   3.15837746e-01   
134     1.19499949e-09   5.00000000e+00   3.14765355e-01   
135     1.19862707e-09   5.00000000e+00   3.13932440e-01   
136     1.20337743e-09   5.00000000e+00   3.13145527e-01   
137     1.20812779e-09   5.00000000e+00   3.12643266e-01   
138     1.21287815e-09   5.00000000e+00   3.12359380e-01   
139     1.21762851e-09   5.00000000e+00   3.12227894e-01   
140     1.22209771e-09   5.00000000e+00   3.12182777e-01   
141     1.22655977e-09   5.00000000e+00   3.12151899e-01   
142     1.23087616e-09   5.00000000e+00   3.12072320e-01   
143     1.23512085e-09   5.00000000e+00   3.11877979e-01   
144     1.23923949e-09   5.00000000e+00   3.11504494e-01   
145     1.24327507e-09   5.00000000e+00   3.10877545e-01   
146     1.24720775e-09   5.00000000e+00   3.09922077e-01   
147     1.25106221e-09   5.00000000e+00   3.08545605e-01   
148     1.25482702e-09   5.00000000e+00   3.06656205e-01   
149     1.25851229e-09   5.00000000e+00   3.04149384e-01   
150     1.26211481e-09   5.00000000e+00   3.00933526e-01   
151     1.26565772e-09   5.00000000e+00   2.96915430e-01   
152     1.26919025e-09   5.00000000e+00   2.91999554e-01   
153     1.27280678e-09   5.00000000e+00   2.86063589e-01   
154     1.27645135e-09   5.00000000e+00   2.79346366e-01   
155     1.27918477e-09   5.00000000e+00   2.74019714e-01   
156     1.28201407e-09   5.00000000e+00   2.68456623e-01   
157     1.28484337e-09   5.00000000e+00   2.63036930e-01   
158     1.28767267e-09   5.00000000e+00   2.57936134e-01   
159     1.28979465e-09   5.00000000e+00   2.54409308e-01   
160     1.29190549e-09   5.00000000e+00   2.51210962e-01   
161     1.29251785e-09   5.00000000e+00   2.50347585e-01   
162     1.29279355e-09   5.00000000e+00   2.49966830e-01   
163     1.29280301e-09   5.00000000e+00   2.49953501e-01   
164     1.29281248e-09   5.00000000e+00   2.49940178e-01   
165     1.29282194e-09   5.00000000e+00   2.49926860e-01   
166     1.29283141e-09   5.00000000e+00   2.49913548e-01   
167     1.29284087e-09   5.00000000e+00   2.49900241e-01   
168     1.29285034e-09   5.00000000e+00   2.49886941e-01   
169     1.29285980e-09   5.00000000e+00   2.49873646e-01   
170     1.29286927e-09   5.00000000e+00   2.49860356e-01   
171     1.29287873e-09   5.00000000e+00   2.49847073e-01   
172     1.29289767e-09   5.00000000e+00   2.49820523e-01   
173     1.29293553e-09   5.00000000e+00   2.49767492e-01   
174     1.29301125e-09   5.00000000e+00   2.49661707e-01   
175     1.29316270e-09   5.00000000e+00   2.49451256e-01   
176     1.29346559e-09   5.00000000e+00   2.49034915e-01   
177     1.29407138e-09   5.00000000e+00   2.48221121e-01   
178     1.29528295e-09   5.00000000e+00   2.46673985e-01   
179     1.29697816e-09   5.00000000e+00   2.44705389e-01   
180     1.29923642e-09   5.00000000e+00   2.42477444e-01   
181     1.30149467e-09   5.00000000e+00   2.40749143e-01   
182     1.30399180e-09   5.00000000e+00   2.39483094e-01   
183     1.30736973e-09   5.00000000e+00   2.38978289e-01   
184     1.31074766e-09   5.00000000e+00   2.40067203e-01   
185     1.31406728e-09   5.00000000e+00   2.42987022e-01   
186     1.31735723e-09   5.00000000e+00   2.48125049e-01   
187     1.32056597e-09   5.00000000e+00   2.55943529e-01   
188     1.32377470e-09   5.00000000e+00   2.67588679e-01   
189     1.32618125e-09   5.00000000e+00   2.79815717e-01   
190     1.32861535e-09   5.00000000e+00   2.96343483e-01   
191     1.33104945e-09   5.00000000e+00   3.18172699e-01   
192     1.33348354e-09   5.00000000e+00   3.46018313e-01   
193     1.33652697e-09   5.00000000e+00   3.89030019e-01   
194     1.33880954e-09   5.00000000e+00   4.26303663e-01   
195     1.34193318e-09   5.00000000e+00   4.82898797e-01   
196     1.34505682e-09   5.00000000e+00   5.44815607e-01   
197     1.34899327e-09   5.00000000e+00   6.29187137e-01   
198     1.35292972e-09   5.00000000e+00   7.19725726e-01   
199     1.35686618e-09   5.00000000e+00   8.15681985e-01   
200     1.36080263e-09   5.00000000e+00   9.16425100e-01   
201     1.36473909e-09   5.00000000e+00   1.02138313e+00   
202     1.36867554e-09   5.00000000e+00   1.13001467e+00   
203     1.37239278e-09   5.00000000e+00   1.23552206e+00   
204     1.37613103e-09   5.00000000e+00   1.34412512e+00   
205     1.37963970e-09   5.00000000e+00   1.44835440e+00   
206     1.38227120e-09   5.00000000e+00   1.52852502e+00   
207     1.38424483e-09   5.00000000e+00   1.59052831e+00   
208     1.38572505e-09   5.00000000e+00   1.63873908e+00   
209     1.38715955e-09   5.00000000e+00   1.68749421e+00   
210     1.38859406e-09   5.00000000e+00   1.73876284e+00   
211     1.38997687e-09   5.00000000e+00   1.79062115e+00   
212     1.39117304e-09   5.00000000e+00   1.83702163e+00   
213     1.39207016e-09   5.00000000e+00   1.87245180e+00   
214     1.39326077e-09   5.00000000e+00   1.91997419e+00   
215     1.39445138e-09   5.00000000e+00   1.96782329e+00   
216     1.39564199e-09   5.00000000e+00   2.01584937e+00   
217     1.39771674e-09   5.00000000e+00   2.09977083e+00   
218     1.39979150e-09   5.00000000e+00   2.18387283e+00   
219     1.40134756e-09   5.00000000e+00   2.24703754e+00   
220     1.40301769e-09   5.00000000e+00   2.31490347e+00   
221     1.40468781e-09   5.00000000e+00   2.38282488e+00   
222     1.40679977e-09   5.00000000e+00   2.46875299e+00   
223     1.40891173e-09   5.00000000e+00   2.55464869e+00   
224     1.41102369e-09   5.00000000e+00   2.64040107e+00   
225     1.41313565e-09   5.00000000e+00   2.72585598e+00   
226     1.41582832e-09   5.00000000e+00   2.83402761e+00   
227     1.41852100e-09   5.00000000e+00   2.94069750e+00   
228     1.42121367e-09   5.00000000e+00   3.04483561e+00   
229     1.42469876e-09   5.00000000e+00   3.17322031e+00   
230     1.42818386e-09   5.00000000e+00   3.28979017e+00   
231     1.43171992e-09   5.00000000e+00   3.39081341e+00   
232     1.43508330e-09   5.00000000e+00   3.46900885e+00   
233     1.43844668e-09   5.00000000e+00   3.53189326e+00   
234     1.44181006e-09   5.00000000e+00   3.58313153e+00   
235     1.44517344e-09   5.00000000e+00   3.62598897e+00   
236     1.44853682e-09   5.00000000e+00   3.66282778e+00   
237     1.45393473e-09   5.00000000e+00   3.71319600e+00   
238     1.46112956e-09   5.00000000e+00   3.76923166e+00   
239     1.46832439e-09   5.00000000e+00   3.81706917e+00   
240     1.47551922e-09   5.00000000e+00   3.85937451e+00   
241     1.48271405e-09   5.00000000e+00   3.89767183e+00   
242     1.49240186e-09   5.00000000e+00   3.94452321e+00   
243     1.50208968e-09   5.00000000e+00   3.98724540e+00   
244     1.51199508e-09   5.00000000e+00   4.02760227e+00   
245     1.52145853e-09   5.00000000e+00   4.06360794e+00   
246     1.53123538e-09   5.00000000e+00   4.09861340e+00   
247     1.54045960e-09   5.00000000e+00   4.12988047e+00   
248     1.54737777e-09   5.00000000e+00   4.15233622e+00   
249     1.55428037e-09   5.00000000e+00   4.17396866e+00   
250     1.56118296e-09   5.00000000e+00   4.19488676e+00   
251     1.56817671e-09   5.00000000e+00   4.21540289e+00   
252     1.57561647e-09   5.00000000e+00   4.23652716e+00   
253     1.58305624e-09   5.00000000e+00   4.25697458e+00   
254     1.59049600e-09   5.00000000e+00   4.27678521e+00   
255     1.60006995e-09   5.00000000e+00   4.30139802e+00   
256     1.61223202e-09   5.00000000e+00   4.33132892e+00   
257     1.62439408e-09   5.00000000e+00   4.35986928e+00   
258     1.63694588e-09   5.00000000e+00   4.38796751e+00   
259     1.64879668e-09   5.00000000e+00   4.41331197e+00   
260     1.66064749e-09   5.00000000e+00   4.43757383e+00   
261     1.67249829e-09   5.00000000e+00   4.46081205e+00   
262     1.68434910e-09   5.00000000e+00   4.48307951e+00   
263     1.69323720e-09   5.00000000e+00   4.49917099e+00   
264     1.70212530e-09   5.00000000e+00   4.51476192e+00   
265     1.70879138e-09   5.00000000e+00   4.52613683e+00   
266     1.71545746e-09   5.00000000e+00   4.53724711e+00   
267     1.72716790e-09   5.00000000e+00   4.55614650e+00   
268     1.73887835e-09   5.00000000e+00   4.57428534e+00   
269     1.76014071e-09   5.00000000e+00   4.60539096e+00   
270     1.78140307e-09   5.00000000e+00   4.63427482e+00   
271     1.80266544e-09   5.00000000e+00   4.66109476e+00   
272     1.81861221e-09   5.00000000e+00   4.67993630e+00   
273     1.83050291e-09   5.00000000e+00   4.69331393e+00   
274     1.83942094e-09   5.00000000e+00   4.70298677e+00   
275     1.84833897e-09   5.00000000e+00   4.71236234e+00   
276     1.85725699e-09   5.00000000e+00   4.72144966e+00   
277     1.86394551e-09   5.00000000e+00   4.72808058e+00   
278     1.87063404e-09   5.00000000e+00   4.73455751e+00   
279     1.87984697e-09   5.00000000e+00   4.74323391e+00   
280     1.89254136e-09   5.00000000e+00   4.75473919e+00   
281     1.90000000e-09   5.00000000e+00   4.76126172e+00   
282     1.90050000e-09   4.97500000e+00   4.76150695e+00   
283     1.90051905e-09   4.97404755e+00   4.76151628e+00   
284     1.90053810e-09   4.97309510e+00   4.76152561e+00   
285     1.90055715e-09   4.97214265e+00   4.76153494e+00   
286     1.90057620e-09   4.97119021e+00   4.76154427e+00   
287     1.90061429e-09   4.96928531e+00   4.76156293e+00   
288     1.90069049e-09   4.96547551e+00   4.76160023e+00   
289     1.90081758e-09   4.95912099e+00   4.76166240e+00   
290     1.90107176e-09   4.94641194e+00   4.76178663e+00   
291     1.90158012e-09   4.92099384e+00   4.76203467e+00   
292     1.90244968e-09   4.87751582e+00   4.76245799e+00   
293     1.90331924e-09   4.83403780e+00   4.76288052e+00   
294     1.90424434e-09   4.78778305e+00   4.76332959e+00   
295     1.90493816e-09   4.75309200e+00   4.76366654e+00   
296     1.90563198e-09   4.71840094e+00   4.76400388e+00   
297     1.90632580e-09   4.68370988e+00   4.76434177e+00   
298     1.90674340e-09   4.66282985e+00   4.76454545e+00   
299     1.90696945e-09   4.65152766e+00   4.76465581e+00   
300     1.90709508e-09   4.64524600e+00   4.76471718e+00   
301     1.90716455e-09   4.64177272e+00   4.76475112e+00   
302     1.90720313e-09   4.63984372e+00   4.76476998e+00   
303     1.90722460e-09   4.63877005e+00   4.76478048e+00   
304     1.90723673e-09   4.63816327e+00   4.76478645e+00   
305     1.90724456e-09   4.63777198e+00   4.76479031e+00   
306     1.90725239e-09   4.63738068e+00   4.76479416e+00   
307     1.90726021e-09   4.63698938e+00   4.76479801e+00   
308     1.90727101e-09   4.63644926e+00   4.76480333e+00   
309     1.90729262e-09   4.63536903e+00   4.76481396e+00   
310     1.90733583e-09   4.63320858e+00   4.76483521e+00   
311     1.90742225e-09   4.62888766e+00   4.76487771e+00   
312     1.90759508e-09   4.62024583e+00   4.76496261e+00   
313     1.90794076e-09   4.60296217e+00   4.76513210e+00   
314     1.90863210e-09   4.56839486e+00   4.76546998e+00   
315     1.90968574e-09   4.51571298e+00   4.76598276e+00   
316     1.91107947e-09   4.44602629e+00   4.76665850e+00   
317     1.91247321e-09   4.37633960e+00   4.76733295e+00   
318     1.91391406e-09   4.30429685e+00   4.76803048e+00   
319     1.91529595e-09   4.23520250e+00   4.76870094e+00   
320     1.91633237e-09   4.18338174e+00   4.76920527e+00   
321     1.91772013e-09   4.11399367e+00   4.76988324e+00   
322     1.91955987e-09   4.02200661e+00   4.77078749e+00   
323     1.92193605e-09   3.90319731e+00   4.77196572e+00   
324     1.92431224e-09   3.78438801e+00   4.77315632e+00   
325     1.92658211e-09   3.67089445e+00   4.77430546e+00   
326     1.92976058e-09   3.51197097e+00   4.77593334e+00   
327     1.93214443e-09   3.39277836e+00   4.77716821e+00   
328     1.93457937e-09   3.27103131e+00   4.77844098e+00   
329     1.93620000e-09   3.19000007e+00   4.77929412e+00   
330     1.93719412e-09   3.14029386e+00   4.77981958e+00   
331     1.93818825e-09   3.09058764e+00   4.78034252e+00   
332     1.93883607e-09   3.05819661e+00   4.78066736e+00   
333     1.93932193e-09   3.03390334e+00   4.78091089e+00   
334     1.93980780e-09   3.00961007e+00   4.78115429e+00   
335     1.94029366e-09   2.98531680e+00   4.78139757e+00   
336     1.94109457e-09   2.94527141e+00   4.78179833e+00   
337     1.94189548e-09   2.90522602e+00   4.78219877e+00   
338     1.94278770e-09   2.86061519e+00   4.78264449e+00   
339     1.94367991e-09   2.81600436e+00   4.78308986e+00   
340     1.94502124e-09   2.74893783e+00   4.78375878e+00   
341     1.94636257e-09   2.68187129e+00   4.78442706e+00   
342     1.94904524e-09   2.54773821e+00   4.78576238e+00   
343     1.95172790e-09   2.41360514e+00   4.78709882e+00   
344     1.95444697e-09   2.27765138e+00   4.78846501e+00   
345     1.95648628e-09   2.17568607e+00   4.78951185e+00   
346     1.95801576e-09   2.09921208e+00   4.79032349e+00   
347     1.95943562e-09   2.02821903e+00   4.79111184e+00   
348     1.96027586e-09   1.98620681e+00   4.79159832e+00   
349     1.96111611e-09   1.94419459e+00   4.79210302e+00   
350     1.96195635e-09   1.90218236e+00   4.79262699e+00   
351     1.96285215e-09   1.85739262e+00   4.79320638e+00   
352     1.96374794e-09   1.81260288e+00   4.79380532e+00   
353     1.96467304e-09   1.76634818e+00   4.79444123e+00   
354     1.96559813e-09   1.72009349e+00   4.79509126e+00   
355     1.96681117e-09   1.65944152e+00   4.79595875e+00   
356     1.96802421e-09   1.59878954e+00   4.79683888e+00   
357     1.96923725e-09   1.53813757e+00   4.79772774e+00   
358     1.97045029e-09   1.47748560e+00   4.79862194e+00   
359     1.97160696e-09   1.41965186e+00   4.79947536e+00   
360     1.97247447e-09   1.37627656e+00   4.80011339e+00   
361     1.97333056e-09   1.33347208e+00   4.80074028e+00   
362     1.97447470e-09   1.27626523e+00   4.80157469e+00   
363     1.97533280e-09   1.23336008e+00   4.80220030e+00   
364     1.97597638e-09   1.20118123e+00   4.80267246e+00   
365     1.97645906e-09   1.17704708e+00   4.80303073e+00   
366     1.97691604e-09   1.15419808e+00   4.80337553e+00   
367     1.97725877e-09   1.13706133e+00   4.80363932e+00   
368     1.97771462e-09   1.11426888e+00   4.80399881e+00   
369     1.97817047e-09   1.09147643e+00   4.80436978e+00   
370     1.97862632e-09   1.06868398e+00   4.80475193e+00   
371     1.97881136e-09   1.05943217e+00   4.80490975e+00   
372     1.97892353e-09   1.05382331e+00   4.80500597e+00   
373     1.97899033e-09   1.05048346e+00   4.80506339e+00   
374     1.97904043e-09   1.04797858e+00   4.80510653e+00   
375     1.97909053e-09   1.04547369e+00   4.80514971e+00   
376     1.97919072e-09   1.04046392e+00   4.80523623e+00   
377     1.97939111e-09   1.03044438e+00   4.80540964e+00   
378     1.97969590e-09   1.01520497e+00   4.80567378e+00   
379     1.98000069e-09   9.99965570e-01   4.80593745e+00   
380     1.98030548e-09   9.84726165e-01   4.80619993e+00   
381     1.98072324e-09   9.63837911e-01   4.80655704e+00   
382     1.98126923e-09   9.36538519e-01   4.80701830e+00   
383     1.98203866e-09   8.98067063e-01   4.80765775e+00   
384     1.98282552e-09   8.58724196e-01   4.80829950e+00   
385     1.98361237e-09   8.19381329e-01   4.80893056e+00   
386     1.98439923e-09   7.80038462e-01   4.80955258e+00   
387     1.98518609e-09   7.40695595e-01   4.81016689e+00   
388     1.98597295e-09   7.01352728e-01   4.81077457e+00   
389     1.98702005e-09   6.48997597e-01   4.81157452e+00   
390     1.98806715e-09   5.96642466e-01   4.81236561e+00   
391     1.98911425e-09   5.44287335e-01   4.81314893e+00   
392     1.99045331e-09   4.77334385e-01   4.81414076e+00   
393     1.99179237e-09   4.10381436e-01   4.81512254e+00   
394     1.99313143e-09   3.43428486e-01   4.81609525e+00   
395     1.99447049e-09   2.76475537e-01   4.81705964e+00   
396     1.99624803e-09   1.87598401e-01   4.81832817e+00   
397     1.99802557e-09   9.87212652e-02   4.81958425e+00   
398     1.99980312e-09   9.84412936e-03   4.82082871e+00   
399     2.00000000e-09   -9.70794550e-20  4.82096584e+00   
400     2.00177754e-09   -1.00508255e-18  4.82235283e+00   
401     2.00182809e-09   6.37130176e-18   4.82239227e+00   
402     2.00187864e-09   2.05102948e-18   4.82243169e+00   
403     2.00192919e-09   3.57525653e-22   4.82247110e+00   
404     2.00197974e-09   -3.74428138e-19  4.82251050e+00   
405     2.00208084e-09   3.68217822e-19   4.82258927e+00   
406     2.00228304e-09   -2.29085753e-20  4.82274668e+00   
407     2.00263298e-09   -2.21572757e-21  4.82301868e+00   
408     2.00333287e-09   1.00986279e-19   4.82356114e+00   
409     2.00440592e-09   5.50931777e-19   4.82438904e+00   
410     2.00547896e-09   1.20861931e-19   4.82521262e+00   
411     2.00655201e-09   1.90087557e-19   4.82603214e+00   
412     2.00762506e-09   3.22587694e-20   4.82684784e+00   
413     2.00869811e-09   4.05984423e-19   4.82765989e+00   
414     2.00977115e-09   4.41674895e-19   4.82846844e+00   
415     2.01084420e-09   4.48232487e-19   4.82927360e+00   
416     2.01123131e-09   -2.81301784e-20  4.82956325e+00   
417     2.01161843e-09   -3.19148449e-20  4.82985248e+00   
418     2.01214468e-09   8.27266269e-21   4.83024501e+00   
419     2.01299832e-09   -2.09700191e-20  4.83088012e+00   
420     2.01427944e-09   2.80917820e-19   4.83182959e+00   
421     2.01556056e-09   6.66751943e-19   4.83277471e+00   
422     2.01652140e-09   -5.35769187e-19  4.83348074e+00   
423     2.01743354e-09   -4.18892764e-19  4.83414878e+00   
424     2.01811765e-09   2.36131829e-20   4.83464841e+00   
425     2.01880176e-09   -4.63638453e-20  4.83514686e+00   
426     2.01982114e-09   -1.87855696e-20  4.83588740e+00   
427     2.02129553e-09   1.29167316e-19   4.83695389e+00   
428     2.02276992e-09   -1.95882774e-21  4.83801500e+00   
429     2.02424430e-09   -2.53435952e-20  4.83907078e+00   
430     2.02571869e-09   -2.55589669e-20  4.84012126e+00   
431     2.02719308e-09   -2.92607973e-20  4.84116650e+00   
432     2.02866746e-09   -3.13389016e-20  4.84220651e+00   
433     2.03057361e-09   -1.52746114e-19  4.84354342e+00   
434     2.03247976e-09   -1.18790844e-19  4.84487173e+00   
435     2.03390937e-09   6.11400341e-19   4.84586253e+00   
436     2.03533898e-09   1.37250595e-18   4.84684892e+00   
437     2.03641119e-09   -5.79761036e-19  4.84758557e+00   
438     2.03748340e-09   -2.13325875e-20  4.84831953e+00   
439     2.03920791e-09   -3.57054981e-20  4.84949441e+00   
440     2.04146656e-09   5.34382335e-22   4.85102284e+00   
441     2.04440810e-09   -9.23540181e-21  4.85299592e+00   
442     2.04734964e-09   7.50139999e-21   4.85494945e+00   
443     2.05029119e-09   2.52831580e-20   4.85688365e+00   
444     2.05400351e-09   1.31375563e-19   4.85929742e+00   
445     2.05771583e-09   -1.72388304e-20  4.86168116e+00   
446     2.06256431e-09   -2.05216673e-19  4.86474992e+00   
447     2.06741280e-09   -2.71546817e-20  4.86776895e+00   
448     2.07387958e-09   -9.36701381e-19  4.87171987e+00   
449     2.08034637e-09   -1.53840474e-19  4.87558569e+00   
450     2.08942109e-09   2.85987105e-20   4.88087096e+00   
451     2.09622714e-09   -1.01465954e-18  4.88472977e+00   
452     2.10074847e-09   -1.32811735e-18  4.88724404e+00   
453     2.10404382e-09   -2.77158472e-19  4.88905190e+00   
454     2.10733918e-09   -1.00610066e-18  4.89083911e+00   
455     2.10981070e-09   8.85220390e-21   4.89216622e+00   
456     2.11221276e-09   3.99049508e-20   4.89344536e+00   
457     2.11461481e-09   2.41475297e-17   4.89471417e+00   
458     2.11701687e-09   1.87300267e-17   4.89597281e+00   
459     2.12050649e-09   -3.32010743e-19  4.89778344e+00   
460     2.12489075e-09   -8.10271290e-19  4.90002867e+00   
461     2.13072481e-09   -1.29023743e-18  4.90296601e+00   
462     2.13655887e-09   -4.61290289e-19  4.90584673e+00   
463     2.14239293e-09   -9.92849367e-19  4.90867181e+00   
464     2.14822698e-09   -4.60914930e-19  4.91144219e+00   
465     2.15406104e-09   -3.48000595e-19  4.91415885e+00   
466     2.15989510e-09   -2.42885709e-19  4.91682277e+00   
467     2.16740762e-09   -9.98793133e-19  4.92017717e+00   
468     2.17492014e-09   -6.24679046e-19  4.92344785e+00   
469     2.18242729e-09   -1.04751219e-17  4.92663457e+00   
470     2.19221179e-09   -1.75072174e-19  4.93066925e+00   
471     2.20199630e-09   -9.26883552e-20  4.93457312e+00   
472     2.20923365e-09   -8.88072948e-19  4.93737865e+00   
473     2.21466167e-09   2.23163592e-19   4.93943812e+00   
474     2.22008969e-09   1.37595579e-19   4.94146021e+00   
475     2.22822641e-09   1.79272263e-20   4.94442316e+00   
476     2.23636314e-09   2.36245564e-20   4.94730599e+00   
477     2.24449986e-09   -3.07613296e-20  4.95011082e+00   
478     2.25263659e-09   -7.41872218e-19  4.95283975e+00   
479     2.26077332e-09   -1.32257494e-18  4.95549483e+00   
480     2.27187986e-09   5.95017009e-20   4.95900395e+00   
481     2.28298640e-09   1.28823595e-21   4.96238428e+00   
482     2.30237828e-09   -7.24140156e-19  4.96799501e+00   
483     2.32177015e-09   -4.79374740e-21  4.97325206e+00   
484     2.34360161e-09   3.00228374e-19   4.97878134e+00   
485     2.35027491e-09   8.66944449e-21   4.98040354e+00   
486     2.35527989e-09   2.32980744e-19   4.98161725e+00   
487     2.35901501e-09   1.73699766e-22   4.98253656e+00   
488     2.36181634e-09   -9.69881019e-21  4.98324476e+00   
489     2.36461768e-09   2.25772497e-21   4.98397918e+00   
490     2.36741902e-09   -2.94586878e-21  4.98474944e+00   
491     2.37022036e-09   -5.86346187e-21  4.98556322e+00   
492     2.37419045e-09   -6.57633081e-21  4.98679705e+00   
493     2.37716802e-09   7.12245594e-21   4.98778164e+00   
494     2.38016503e-09   2.08142817e-20   4.98881586e+00   
495     2.38316204e-09   2.39262597e-20   4.98988362e+00   
496     2.38615905e-09   2.73277152e-20   4.99097448e+00   
497     2.38915606e-09   2.78991627e-20   4.99207826e+00   
498     2.39334075e-09   2.84690779e-20   4.99362223e+00   
499     2.39752544e-09   4.89214833e-20   4.99514977e+00   
500     2.40404963e-09   -3.74147503e-20  4.99744844e+00   
501     2.41116142e-09   -5.60838883e-20  4.99978312e+00   
502     2.41800243e-09   -4.28853043e-20  5.00263843e+00   
503     2.42484343e-09   -2.40169548e-18  5.00520440e+00   
504     2.43168444e-09   6.22395788e-19   5.00733229e+00   
505     2.43852545e-09   1.37144029e-20   5.00898816e+00   
506     2.44829901e-09   -9.56927594e-20  5.01048329e+00   
507     2.45432948e-09   1.19510743e-19   5.01088352e+00   
508     2.45716348e-09   -1.14258800e-19  5.01093141e+00   
509     2.45898374e-09   -1.59690576e-18  5.01091421e+00   
510     2.46080401e-09   -2.52275606e-20  5.01085923e+00   
511     2.46353440e-09   -4.92085470e-22  5.01070573e+00   
512     2.46715367e-09   -2.78872605e-21  5.01037053e+00   
513     2.47077294e-09   -3.63073389e-21  5.00988495e+00   
514     2.47434109e-09   -3.93030459e-21  5.00925892e+00   
515     2.47792462e-09   -6.13946850e-21  5.00848305e+00   
516     2.48276202e-09   -6.16467661e-20  5.00720220e+00   
517     2.48759942e-09   -5.11128172e-20  5.00565413e+00   
518     2.49243681e-09   -4.18360426e-20  5.00384037e+00   
519     2.49848614e-09   -9.99310169e-20  5.00120140e+00   
520     2.50719001e-09   8.02012188e-20   4.99771415e+00   
521     2.51589389e-09   -7.28367613e-18  4.99397446e+00   
522     2.52242180e-09   -9.68861866e-20  4.99074716e+00   
523     2.52934844e-09   -6.63848485e-21  4.98692234e+00   
524     2.53627508e-09   5.11981183e-21   4.98268289e+00   
525     2.54695817e-09   1.55487775e-20   4.97532695e+00   
526     2.55764125e-09   7.63106943e-21   4.96697522e+00   
527     2.57878229e-09   -3.28596572e-19  4.94750489e+00   
528     2.60152799e-09   -7.13146085e-19  4.92217770e+00   
529     2.62448403e-09   6.35651308e-20   4.89201235e+00   
530     2.64170105e-09   1.73443018e-20   4.86634432e+00   
531     2.65871788e-09   4.52802023e-21   4.83848501e+00   
532     2.67573470e-09   7.12068366e-21   4.80831265e+00   
533     2.70039781e-09   -1.36207191e-19  4.76115894e+00   
534     2.72433061e-09   -4.72073257e-19  4.71221600e+00   
535     2.74826341e-09   -4.70435507e-19  4.66087483e+00   
536     2.76053550e-09   1.25173486e-19   4.63374282e+00   
537     2.76973957e-09   7.13226412e-21   4.61309773e+00   
538     2.77894364e-09   2.59238207e-21   4.59222776e+00   
539     2.79309367e-09   9.76538356e-20   4.55973998e+00   
540     2.80724371e-09   1.54599025e-19   4.52677876e+00   
541     2.82834667e-09   -2.85678748e-21  4.47677812e+00   
542     2.84944963e-09   -2.16049996e-20  4.42573522e+00   
543     2.89165555e-09   -3.97351881e-20  4.32024194e+00   
544     2.93386147e-09   1.52962465e-18   4.20879885e+00   
545     2.97501604e-09   -7.93058623e-21  4.09145997e+00   
546     3.00588197e-09   9.02255346e-20   3.99424826e+00   
547     3.04014998e-09   2.88168056e-19   3.86923402e+00   
548     3.06585099e-09   -3.85713093e-22  3.75053400e+00   
549     3.08507217e-09   7.90370956e-20   3.62601187e+00   
550     3.09846396e-09   2.19675210e-20   3.49008862e+00   
551     3.10850781e-09   4.00204941e-21   3.32921258e+00   
552     3.11855166e-09   -2.67429417e-19  3.10859553e+00   
553     3.12608454e-09   -8.39056594e-20  2.92084158e+00   
554     3.13361743e-09   1.24202655e-17   2.72594862e+00   
555     3.14115031e-09   -1.46698785e-18  2.52885027e+00   
556     3.15210145e-09   -1.21087441e-18  2.24295249e+00   
557     3.16589437e-09   1.13351098e-19   1.88986705e+00   
558     3.17623906e-09   4.28121556e-18   1.63648724e+00   
559     3.18422322e-09   2.88589328e-18   1.45776657e+00   
560     3.19021134e-09   8.49066834e-19   1.34396311e+00   
561     3.19619946e-09   6.55293432e-19   1.25314737e+00   
562     3.20218758e-09   -3.26914873e-19  1.18172703e+00   
563     3.20817571e-09   2.78330745e-17   1.12400145e+00   
564     3.21416383e-09   4.20858119e-17   1.07584006e+00   
565     3.22015195e-09   3.50861326e-17   1.03462713e+00   
566     3.22798211e-09   -1.16315876e-18  9.88431123e-01   
567     3.23581228e-09   -5.04400131e-19  9.48940307e-01   
568     3.24612368e-09   3.00197014e-19   9.04613027e-01   
569     3.25643507e-09   2.09708629e-19   8.67202117e-01   
570     3.27012898e-09   -6.26096529e-19  8.25690981e-01   
571     3.28382289e-09   -7.32506712e-19  7.91664208e-01   
572     3.30189482e-09   5.20461450e-20   7.55425584e-01   
573     3.31996675e-09   4.23037061e-21   7.26950920e-01   
574     3.33803868e-09   1.47389744e-20   7.04398799e-01   
575     3.35514595e-09   -4.59916209e-19  6.87227439e-01   
576     3.37833371e-09   5.87044794e-20   6.68590533e-01   
577     3.40152147e-09   3.12952035e-20   6.54040068e-01   
578     3.42347222e-09   4.19216932e-20   6.43018489e-01   
579     3.45399273e-09   1.14706240e-20   6.30666828e-01   
580     3.48451324e-09   -2.48596580e-20  6.20861201e-01   
581     3.51503375e-09   -2.03363364e-20  6.12800169e-01   
582     3.54555426e-09   -1.92127844e-20  6.05955784e-01   
583     3.57607477e-09   -2.28249918e-20  5.99988846e-01   
584     3.60659528e-09   -1.70589446e-20  5.94682522e-01   
585     3.63521785e-09   -9.98198789e-21  5.90183760e-01   
586     3.66445023e-09   -8.92454138e-21  5.85979284e-01   
587     3.69297413e-09   -7.66261295e-21  5.82203177e-01   
588     3.72234300e-09   -7.27305052e-21  5.78609709e-01   
589     3.75141071e-09   -6.33355923e-21  5.75316378e-01   
590     3.78121061e-09   -2.43340685e-21  5.72185169e-01   
591     3.81089638e-09   -4.98201221e-22  5.69290758e-01   
592     3.84122913e-09   -9.05922384e-22  5.66544978e-01   
593     3.87162487e-09   7.99210431e-22   5.63990629e-01   
594     3.90266254e-09   3.11676526e-21   5.61569425e-01   
595     3.93394661e-09   4.00663132e-21   5.59305210e-01   
596     3.96592571e-09   5.97869838e-21   5.57159030e-01   
597     3.99834142e-09   7.95236327e-21   5.55143622e-01   
598     4.03155531e-09   -6.91869689e-22  5.53232483e-01   
599     4.06541296e-09   -8.89461768e-22  5.51431909e-01   
600     4.10022316e-09   -9.04352954e-22  5.49723509e-01   
601     4.13592428e-09   9.55560053e-23   5.48109552e-01   
602     4.17279633e-09   -4.74528141e-22  5.46577295e-01   
603     4.21085575e-09   -9.24031321e-22  5.45127019e-01   
604     4.26356020e-09   -9.47096441e-21  5.43315155e-01   
605     4.31626465e-09   -8.59691868e-21  5.41710075e-01   
606     4.36896910e-09   -8.24485879e-21  5.40288171e-01   
607     4.42167355e-09   -7.28802482e-21  5.39028280e-01   
608     4.47437800e-09   -7.45636228e-21  5.37911673e-01   
609     4.54425157e-09   -4.11935197e-18  5.36621017e-01   
610     4.61412513e-09   -3.76237683e-18  5.35520234e-01   
611     4.68399870e-09   -4.10277073e-18  5.34581705e-01   
612     4.77504555e-09   -2.81386390e-19  5.33559005e-01   
613     4.86609240e-09   -1.42241033e-19  5.32727663e-01   
614     4.96609240e-09   -1.77614356e-19  5.31991808e-01   
615     5.06609240e-09   -9.46366413e-20  5.31406382e-01   
616     5.16609240e-09   -6.88001590e-20  5.30940933e-01   
617     5.26609240e-09   -5.58281126e-20  5.30570963e-01   
618     5.36609240e-09   -4.95260063e-20  5.30276911e-01   
619     5.46609240e-09   -4.51731175e-20  5.30043200e-01   
620     5.56609240e-09   -3.98369017e-20  5.29857447e-01   
621     5.66609240e-09   -3.10858975e-20  5.29709807e-01   
622     5.76609240e-09   -2.19416043e-20  5.29592457e-01   
623     5.86609240e-09   -1.37552454e-20  5.29499180e-01   
624     5.96609240e-09   -7.10676908e-21  5.29425037e-01   
625     6.00000000e-09   -2.84138025e-21  5.29403850e-01   
626     6.00050000e-09   2.50000000e-02   5.29899580e-01   
627     6.00051896e-09   2.59480699e-02   5.29918383e-01   
628     6.00053792e-09   2.68961398e-02   5.29937189e-01   
629     6.00055688e-09   2.78442097e-02   5.29955999e-01   
630     6.00057585e-09   2.87922796e-02   5.29974811e-01   
631     6.00061377e-09   3.06884194e-02   5.30012653e-01   
632     6.00067922e-09   3.39609707e-02   5.30099007e-01   
633     6.00072831e-09   3.64153841e-02   5.30163776e-01   
634     6.00077740e-09   3.88697976e-02   5.30228547e-01   
635     6.00083992e-09   4.19961129e-02   5.30311048e-01   
636     6.00092768e-09   4.63839585e-02   5.30426836e-01   
637     6.00110319e-09   5.51596496e-02   5.30658387e-01   
638     6.00145422e-09   7.27110317e-02   5.31121296e-01   
639     6.00215628e-09   1.07813796e-01   5.32045684e-01   
640     6.00319465e-09   1.59732260e-01   5.33407199e-01   
641     6.00423301e-09   2.11650723e-01   5.34759206e-01   
642     6.00535287e-09   2.67643671e-01   5.36203044e-01   
643     6.00690667e-09   3.45333712e-01   5.38175001e-01   
644     6.00846048e-09   4.23023753e-01   5.40104426e-01   
645     6.00995838e-09   4.97918767e-01   5.41918319e-01   
646     6.01206534e-09   6.03267054e-01   5.44382947e-01   
647     6.01417231e-09   7.08615341e-01   5.46737486e-01   
648     6.01556810e-09   7.78404873e-01   5.48231059e-01   
649     6.01656593e-09   8.28296551e-01   5.49261770e-01   
650     6.01756376e-09   8.78188229e-01   5.50255217e-01   
651     6.01831214e-09   9.15606987e-01   5.50972780e-01   
652     6.01887342e-09   9.43671056e-01   5.51494156e-01   
653     6.01943470e-09   9.71735125e-01   5.52000575e-01   
654     6.02018059e-09   1.00902949e+00   5.52650611e-01   
655     6.02095834e-09   1.04791706e+00   5.53301423e-01   
656     6.02173609e-09   1.08680463e+00   5.53925986e-01   
657     6.02251384e-09   1.12569220e+00   5.54525771e-01   
658     6.02356941e-09   1.17847036e+00   5.55303170e-01   
659     6.02490524e-09   1.24526202e+00   5.56231350e-01   
660     6.02716290e-09   1.35814515e+00   5.57676297e-01   
661     6.03061893e-09   1.53094644e+00   5.59631576e-01   
662     6.03501429e-09   1.75071447e+00   5.61747096e-01   
663     6.03769716e-09   1.88485797e+00   5.62877749e-01   
664     6.03896744e-09   1.94837198e+00   5.63443220e-01   
665     6.03985704e-09   1.99285184e+00   5.63952725e-01   
666     6.04053159e-09   2.02657945e+00   5.64484709e-01   
667     6.04120614e-09   2.06030706e+00   5.65203371e-01   
668     6.04188069e-09   2.09403467e+00   5.66127734e-01   
669     6.04271205e-09   2.13560234e+00   5.67512063e-01   
670     6.04333556e-09   2.16677810e+00   5.68681134e-01   
671     6.04395861e-09   2.19793031e+00   5.69923338e-01   
672     6.04476029e-09   2.23801473e+00   5.71588277e-01   
673     6.04556198e-09   2.27809916e+00   5.73292274e-01   
674     6.04667691e-09   2.33384564e+00   5.75678316e-01   
675     6.04779184e-09   2.38959212e+00   5.78046562e-01   
676     6.04960821e-09   2.48041058e+00   5.81796359e-01   
677     6.05230527e-09   2.61526342e+00   5.86991656e-01   
678     6.05573884e-09   2.78694183e+00   5.92755265e-01   
679     6.05917240e-09   2.95862024e+00   5.97353455e-01   
680     6.06260597e-09   3.13029864e+00   6.00574453e-01   
681     6.06603954e-09   3.30197705e+00   6.02244914e-01   
682     6.06947311e-09   3.47365545e+00   6.02237923e-01   
683     6.07300289e-09   3.65014455e+00   6.00400838e-01   
684     6.07478867e-09   3.73943360e+00   5.98754389e-01   
685     6.07657445e-09   3.82872266e+00   5.96626588e-01   
686     6.07775775e-09   3.88788754e+00   5.94951430e-01   
687     6.07894105e-09   3.94705241e+00   5.93063570e-01   
688     6.07982852e-09   3.99142607e+00   5.91505841e-01   
689     6.08071599e-09   4.03579972e+00   5.89824124e-01   
690     6.08160862e-09   4.08043117e+00   5.88008344e-01   
691     6.08250125e-09   4.12506261e+00   5.86072771e-01   
692     6.08326374e-09   4.16318714e+00   5.84328054e-01   
693     6.08402623e-09   4.20131166e+00   5.82501600e-01   
694     6.08478872e-09   4.23943619e+00   5.80595304e-01   
695     6.08555121e-09   4.27756071e+00   5.78610863e-01   
696     6.08693212e-09   4.34660592e+00   5.74823859e-01   
697     6.08831302e-09   4.41565113e+00   5.70794569e-01   
698     6.09062507e-09   4.53125360e+00   5.63532567e-01   
699     6.09293712e-09   4.64685608e+00   5.55658654e-01   
700     6.09590742e-09   4.79537116e+00   5.44722830e-01   
701     6.09887772e-09   4.94388623e+00   5.32960294e-01   
702     6.10000000e-09   5.00000000e+00   5.28319538e-01   
703     6.10297030e-09   5.00000000e+00   5.08007200e-01   
704     6.10313382e-09   5.00000000e+00   5.06912898e-01   
705     6.10316725e-09   5.00000000e+00   5.06689553e-01   
706     6.10320067e-09   5.00000000e+00   5.06466400e-01   
707     6.10323410e-09   5.00000000e+00   5.06243402e-01   
708     6.10326753e-09   5.00000000e+00   5.06020585e-01   
709     6.10332032e-09   5.00000000e+00   5.05669077e-01   
710     6.10339042e-09   5.00000000e+00   5.05203059e-01   
711     6.10353062e-09   5.00000000e+00   5.04273554e-01   
712     6.10381101e-09   5.00000000e+00   5.02424673e-01   
713     6.10437181e-09   5.00000000e+00   4.98767462e-01   
714     6.10549340e-09   5.00000000e+00   4.91615187e-01   
715     6.10619590e-09   5.00000000e+00   4.87245231e-01   
716     6.10659389e-09   5.00000000e+00   4.84806988e-01   
717     6.10682341e-09   5.00000000e+00   4.83413182e-01   
718     6.10714985e-09   5.00000000e+00   4.81446230e-01   
719     6.10747629e-09   5.00000000e+00   4.79497414e-01   
720     6.10780273e-09   5.00000000e+00   4.77566693e-01   
721     6.10843672e-09   5.00000000e+00   4.73868491e-01   
722     6.10970470e-09   5.00000000e+00   4.66674686e-01   
723     6.11160667e-09   5.00000000e+00   4.56383506e-01   
724     6.11261751e-09   5.00000000e+00   4.52455295e-01   
725     6.11328881e-09   5.00000000e+00   4.49993716e-01   
726     6.11379229e-09   5.00000000e+00   4.48163086e-01   
727     6.11429576e-09   5.00000000e+00   4.46345630e-01   
728     6.11479924e-09   5.00000000e+00   4.44541531e-01   
729     6.11580620e-09   5.00000000e+00   4.40974478e-01   
730     6.11782010e-09   5.00000000e+00   4.34010307e-01   
731     6.12184792e-09   5.00000000e+00   4.20787331e-01   
732     6.12587574e-09   5.00000000e+00   4.08517488e-01   
733     6.12990356e-09   5.00000000e+00   3.97202803e-01   
734     6.13152605e-09   5.00000000e+00   3.92913195e-01   
735     6.13314854e-09   5.00000000e+00   3.88775326e-01   
736     6.13477104e-09   5.00000000e+00   3.84786931e-01   
737     6.13801602e-09   5.00000000e+00   3.77244697e-01   
738     6.14244492e-09   5.00000000e+00   3.67848614e-01   
739     6.14840349e-09   5.00000000e+00   3.56733438e-01   
740     6.15436205e-09   5.00000000e+00   3.47237496e-01   
741     6.16278960e-09   5.00000000e+00   3.36232125e-01   
742     6.17121715e-09   5.00000000e+00   3.27738198e-01   
743     6.17671864e-09   5.00000000e+00   3.23415218e-01   
744     6.18066522e-09   5.00000000e+00   3.20857779e-01   
745     6.18461179e-09   5.00000000e+00   3.18723222e-01   
746     6.18855837e-09   5.00000000e+00   3.16981125e-01   
747     6.19250494e-09   5.00000000e+00   3.15592926e-01   
748     6.19645152e-09   5.00000000e+00   3.14516008e-01   
749     6.20039809e-09   5.00000000e+00   3.13707369e-01   
750     6.20434467e-09   5.00000000e+00   3.13125439e-01   
751     6.20980094e-09   5.00000000e+00   3.12616134e-01   
752     6.21525722e-09   5.00000000e+00   3.12364086e-01   
753     6.22071349e-09   5.00000000e+00   3.12269144e-01   
754     6.22616976e-09   5.00000000e+00   3.12224368e-01   
755     6.23162604e-09   5.00000000e+00   3.12109487e-01   
756     6.23708231e-09   5.00000000e+00   3.11781595e-01   
757     6.24117452e-09   5.00000000e+00   3.11285526e-01   
758     6.24548237e-09   5.00000000e+00   3.10421677e-01   
759     6.24979023e-09   5.00000000e+00   3.09073262e-01   
760     6.25409809e-09   5.00000000e+00   3.07071811e-01   
761     6.25840595e-09   5.00000000e+00   3.04214513e-01   
762     6.26271380e-09   5.00000000e+00   3.00277715e-01   
763     6.26702166e-09   5.00000000e+00   2.95065140e-01   
764     6.27132952e-09   5.00000000e+00   2.88509215e-01   
765     6.27563738e-09   5.00000000e+00   2.80799026e-01   
766     6.27886827e-09   5.00000000e+00   2.74538178e-01   
767     6.28129144e-09   5.00000000e+00   2.69764121e-01   
768     6.28385200e-09   5.00000000e+00   2.64803346e-01   
769     6.28641256e-09   5.00000000e+00   2.60061793e-01   
770     6.28897312e-09   5.00000000e+00   2.55655709e-01   
771     6.29153368e-09   5.00000000e+00   2.51680572e-01   
772     6.29230325e-09   5.00000000e+00   2.50582941e-01   
773     6.29264626e-09   5.00000000e+00   2.50109120e-01   
774     6.29267096e-09   5.00000000e+00   2.50075178e-01   
775     6.29269565e-09   5.00000000e+00   2.50040364e-01   
776     6.29271417e-09   5.00000000e+00   2.50014280e-01   
777     6.29273269e-09   5.00000000e+00   2.49988217e-01   
778     6.29275122e-09   5.00000000e+00   2.49962177e-01   
779     6.29276974e-09   5.00000000e+00   2.49936158e-01   
780     6.29278826e-09   5.00000000e+00   2.49910161e-01   
781     6.29282530e-09   5.00000000e+00   2.49858233e-01   
782     6.29289938e-09   5.00000000e+00   2.49754642e-01   
783     6.29304755e-09   5.00000000e+00   2.49548530e-01   
784     6.29334389e-09   5.00000000e+00   2.49140663e-01   
785     6.29393656e-09   5.00000000e+00   2.48342969e-01   
786     6.29512190e-09   5.00000000e+00   2.46824341e-01   
787     6.29679857e-09   5.00000000e+00   2.44866503e-01   
788     6.29902655e-09   5.00000000e+00   2.42647612e-01   
789     6.30125453e-09   5.00000000e+00   2.40912696e-01   
790     6.30373232e-09   5.00000000e+00   2.39613220e-01   
791     6.30708258e-09   5.00000000e+00   2.39036832e-01   
792     6.31043284e-09   5.00000000e+00   2.40014969e-01   
793     6.31374544e-09   5.00000000e+00   2.42797382e-01   
794     6.31703237e-09   5.00000000e+00   2.47763022e-01   
795     6.32025769e-09   5.00000000e+00   2.55410465e-01   
796     6.32348302e-09   5.00000000e+00   2.66841841e-01   
797     6.32590201e-09   5.00000000e+00   2.78868507e-01   
798     6.32835588e-09   5.00000000e+00   2.95211807e-01   
799     6.33080974e-09   5.00000000e+00   3.16876580e-01   
800     6.33326361e-09   5.00000000e+00   3.44635409e-01   
801     6.33571748e-09   5.00000000e+00   3.78378730e-01   
802     6.33807615e-09   5.00000000e+00   4.15692188e-01   
803     6.34103763e-09   5.00000000e+00   4.68056345e-01   
804     6.34399910e-09   5.00000000e+00   5.25445794e-01   
805     6.34776247e-09   5.00000000e+00   6.04412408e-01   
806     6.35152584e-09   5.00000000e+00   6.89249744e-01   
807     6.35528922e-09   5.00000000e+00   7.79249182e-01   
808     6.35905259e-09   5.00000000e+00   8.73830586e-01   
809     6.36266117e-09   5.00000000e+00   9.68355361e-01   
810     6.36640697e-09   5.00000000e+00   1.06996659e+00   
811     6.37012978e-09   5.00000000e+00   1.17403963e+00   
812     6.37395599e-09   5.00000000e+00   1.28377124e+00   
813     6.37768400e-09   5.00000000e+00   1.39314801e+00   
814     6.38048001e-09   5.00000000e+00   1.47699514e+00   
815     6.38302616e-09   5.00000000e+00   1.55537024e+00   
816     6.38493577e-09   5.00000000e+00   1.61630576e+00   
817     6.38636798e-09   5.00000000e+00   1.66394440e+00   
818     6.38771670e-09   5.00000000e+00   1.71089282e+00   
819     6.38906541e-09   5.00000000e+00   1.76016298e+00   
820     6.39039186e-09   5.00000000e+00   1.81070090e+00   
821     6.39138670e-09   5.00000000e+00   1.84960867e+00   
822     6.39238154e-09   5.00000000e+00   1.88906955e+00   
823     6.39337638e-09   5.00000000e+00   1.92886985e+00   
824     6.39465807e-09   5.00000000e+00   1.98043109e+00   
825     6.39627290e-09   5.00000000e+00   2.04563747e+00   
826     6.39828282e-09   5.00000000e+00   2.12700344e+00   
827     6.40029274e-09   5.00000000e+00   2.20851968e+00   
828     6.40230266e-09   5.00000000e+00   2.29015452e+00   
829     6.40431257e-09   5.00000000e+00   2.37187968e+00   
830     6.40632249e-09   5.00000000e+00   2.45365290e+00   
831     6.40833241e-09   5.00000000e+00   2.53541117e+00   
832     6.41034233e-09   5.00000000e+00   2.61706550e+00   
833     6.41235225e-09   5.00000000e+00   2.69849364e+00   
834     6.41498903e-09   5.00000000e+00   2.80468707e+00   
835     6.41762582e-09   5.00000000e+00   2.90964312e+00   
836     6.42026260e-09   5.00000000e+00   3.01250884e+00   
837     6.42365923e-09   5.00000000e+00   3.13976117e+00   
838     6.42705586e-09   5.00000000e+00   3.25715759e+00   
839     6.43051032e-09   5.00000000e+00   3.36136242e+00   
840     6.43390092e-09   5.00000000e+00   3.44580953e+00   
841     6.43729153e-09   5.00000000e+00   3.51370215e+00   
842     6.44068213e-09   5.00000000e+00   3.56858197e+00   
843     6.44407273e-09   5.00000000e+00   3.61402975e+00   
844     6.44746333e-09   5.00000000e+00   3.65274146e+00   
845     6.45238937e-09   5.00000000e+00   3.70061717e+00   
846     6.45931212e-09   5.00000000e+00   3.75678142e+00   
847     6.46623487e-09   5.00000000e+00   3.80451772e+00   
848     6.47315762e-09   5.00000000e+00   3.84659885e+00   
849     6.48008037e-09   5.00000000e+00   3.88460495e+00   
850     6.48925104e-09   5.00000000e+00   3.93029646e+00   
851     6.49842171e-09   5.00000000e+00   3.97195049e+00   
852     6.50819580e-09   5.00000000e+00   4.01290129e+00   
853     6.51750691e-09   5.00000000e+00   4.04924679e+00   
854     6.52736132e-09   5.00000000e+00   4.08536273e+00   
855     6.53668692e-09   5.00000000e+00   4.11764016e+00   
856     6.54552324e-09   5.00000000e+00   4.14673485e+00   
857     6.55215048e-09   5.00000000e+00   4.16770085e+00   
858     6.56051308e-09   5.00000000e+00   4.19320207e+00   
859     6.56887568e-09   5.00000000e+00   4.21772112e+00   
860     6.57645105e-09   5.00000000e+00   4.23914744e+00   
861     6.58402642e-09   5.00000000e+00   4.25987757e+00   
862     6.59160178e-09   5.00000000e+00   4.27995301e+00   
863     6.60138484e-09   5.00000000e+00   4.30496902e+00   
864     6.61380473e-09   5.00000000e+00   4.33534782e+00   
865     6.62622463e-09   5.00000000e+00   4.36429119e+00   
866     6.63889094e-09   5.00000000e+00   4.39243363e+00   
867     6.65155724e-09   5.00000000e+00   4.41927737e+00   
868     6.66422355e-09   5.00000000e+00   4.44490141e+00   
869     6.67688985e-09   5.00000000e+00   4.46937549e+00   
870     6.68955616e-09   5.00000000e+00   4.49276199e+00   
871     6.69654117e-09   5.00000000e+00   4.50521266e+00   
872     6.70177993e-09   5.00000000e+00   4.51434973e+00   
873     6.70701868e-09   5.00000000e+00   4.52331886e+00   
874     6.71749620e-09   5.00000000e+00   4.54076863e+00   
875     6.72797372e-09   5.00000000e+00   4.55758714e+00   
876     6.74385545e-09   5.00000000e+00   4.58193498e+00   
877     6.75973718e-09   5.00000000e+00   4.60496819e+00   
878     6.77859156e-09   5.00000000e+00   4.63070924e+00   
879     6.79744593e-09   5.00000000e+00   4.65481244e+00   
880     6.81630030e-09   5.00000000e+00   4.67738095e+00   
881     6.82968295e-09   5.00000000e+00   4.69251655e+00   
882     6.83942339e-09   5.00000000e+00   4.70309348e+00   
883     6.84672872e-09   5.00000000e+00   4.71079204e+00   
884     6.85423828e-09   5.00000000e+00   4.71850323e+00   
885     6.86150484e-09   5.00000000e+00   4.72577409e+00   
886     6.86877139e-09   5.00000000e+00   4.73286187e+00   
887     6.87603794e-09   5.00000000e+00   4.73977094e+00   
888     6.88694558e-09   5.00000000e+00   4.74981728e+00   
889     6.90000000e-09   5.00000000e+00   4.76134583e+00   
890     6.90050000e-09   4.97500000e+00   4.76159092e+00   
891     6.90051883e-09   4.97405830e+00   4.76160014e+00   
892     6.90053767e-09   4.97311660e+00   4.76160936e+00   
893     6.90055650e-09   4.97217490e+00   4.76161858e+00   
894     6.90057534e-09   4.97123320e+00   4.76162780e+00   
895     6.90061300e-09   4.96934979e+00   4.76164623e+00   
896     6.90068834e-09   4.96558299e+00   4.76168309e+00   
897     6.90081447e-09   4.95927636e+00   4.76174476e+00   
898     6.90106674e-09   4.94666311e+00   4.76186798e+00   
899     6.90157127e-09   4.92143661e+00   4.76211402e+00   
900     6.90243959e-09   4.87802035e+00   4.76253649e+00   
901     6.90330792e-09   4.83460408e+00   4.76295817e+00   
902     6.90423261e-09   4.78836973e+00   4.76340679e+00   
903     6.90492612e-09   4.75369398e+00   4.76374338e+00   
904     6.90561964e-09   4.71901822e+00   4.76408037e+00   
905     6.90631315e-09   4.68434246e+00   4.76441790e+00   
906     6.90673671e-09   4.66316447e+00   4.76462436e+00   
907     6.90696558e-09   4.65172093e+00   4.76473603e+00   
908     6.90709299e-09   4.64535073e+00   4.76479823e+00   
909     6.90716344e-09   4.64182803e+00   4.76483264e+00   
910     6.90720258e-09   4.63987114e+00   4.76485176e+00   
911     6.90722436e-09   4.63878182e+00   4.76486240e+00   
912     6.90723651e-09   4.63817439e+00   4.76486838e+00   
913     6.90724440e-09   4.63777988e+00   4.76487226e+00   
914     6.90725229e-09   4.63738537e+00   4.76487614e+00   
915     6.90726018e-09   4.63699087e+00   4.76488002e+00   
916     6.90727124e-09   4.63643788e+00   4.76488546e+00   
917     6.90729336e-09   4.63533190e+00   4.76489634e+00   
918     6.90733760e-09   4.63311995e+00   4.76491809e+00   
919     6.90742608e-09   4.62869605e+00   4.76496157e+00   
920     6.90760304e-09   4.61984824e+00   4.76504845e+00   
921     6.90795695e-09   4.60215263e+00   4.76522186e+00   
922     6.90866477e-09   4.56676140e+00   4.76556755e+00   
923     6.90972585e-09   4.51370751e+00   4.76608357e+00   
924     6.91113612e-09   4.44319392e+00   4.76676687e+00   
925     6.91254639e-09   4.37268032e+00   4.76744891e+00   
926     6.91399066e-09   4.30046723e+00   4.76814775e+00   
927     6.91537374e-09   4.23131276e+00   4.76881852e+00   
928     6.91641106e-09   4.17944692e+00   4.76932312e+00   
929     6.91788745e-09   4.10562732e+00   4.77004430e+00   
930     6.91974456e-09   4.01277212e+00   4.77095721e+00   
931     6.92219211e-09   3.89039467e+00   4.77217132e+00   
932     6.92463966e-09   3.76801722e+00   4.77339860e+00   
933     6.92693782e-09   3.65310912e+00   4.77456318e+00   
934     6.93017102e-09   3.49144917e+00   4.77622085e+00   
935     6.93259592e-09   3.37020421e+00   4.77747842e+00   
936     6.93501023e-09   3.24948852e+00   4.77874176e+00   
937     6.93642875e-09   3.17856233e+00   4.77948894e+00   
938     6.93738997e-09   3.13050129e+00   4.77999707e+00   
939     6.93811089e-09   3.09445552e+00   4.78037742e+00   
940     6.93853231e-09   3.07338433e+00   4.78058870e+00   
941     6.93884838e-09   3.05758094e+00   4.78074711e+00   
942     6.93916445e-09   3.04177756e+00   4.78090546e+00   
943     6.93948052e-09   3.02597417e+00   4.78106376e+00   
944     6.93995866e-09   3.00206721e+00   4.78130312e+00   
945     6.94075413e-09   2.96229335e+00   4.78170109e+00   
946     6.94168602e-09   2.91569910e+00   4.78216689e+00   
947     6.94261790e-09   2.86910485e+00   4.78263227e+00   
948     6.94354979e-09   2.82251060e+00   4.78309725e+00   
949     6.94472515e-09   2.76374275e+00   4.78368319e+00   
950     6.94623280e-09   2.68835992e+00   4.78443404e+00   
951     6.94861620e-09   2.56919013e+00   4.78561985e+00   
952     6.95212552e-09   2.39372403e+00   4.78736818e+00   
953     6.95475751e-09   2.26212446e+00   4.78869272e+00   
954     6.95673150e-09   2.16342477e+00   4.78970957e+00   
955     6.95821200e-09   2.08940001e+00   4.79049918e+00   
956     6.95957627e-09   2.02118641e+00   4.79126070e+00   
957     6.96042544e-09   1.97872796e+00   4.79175518e+00   
958     6.96127461e-09   1.93626952e+00   4.79226854e+00   
959     6.96212378e-09   1.89381108e+00   4.79280160e+00   
960     6.96297557e-09   1.85122159e+00   4.79335547e+00   
961     6.96382736e-09   1.80863211e+00   4.79392675e+00   
962     6.96470833e-09   1.76458344e+00   4.79453309e+00   
963     6.96558930e-09   1.72053478e+00   4.79515211e+00   
964     6.96650396e-09   1.67480210e+00   4.79580501e+00   
965     6.96775302e-09   1.61234921e+00   4.79670813e+00   
966     6.96900207e-09   1.54989632e+00   4.79762124e+00   
967     6.97025113e-09   1.48744343e+00   4.79854082e+00   
968     6.97150019e-09   1.42499053e+00   4.79946212e+00   
969     6.97243698e-09   1.37815087e+00   4.80015109e+00   
970     6.97337378e-09   1.33131120e+00   4.80083687e+00   
971     6.97431057e-09   1.28447153e+00   4.80151990e+00   
972     6.97521358e-09   1.23932083e+00   4.80217779e+00   
973     6.97589084e-09   1.20545781e+00   4.80267384e+00   
974     6.97639879e-09   1.18006054e+00   4.80305002e+00   
975     6.97677975e-09   1.16101259e+00   4.80333625e+00   
976     6.97716766e-09   1.14161722e+00   4.80363287e+00   
977     6.97755556e-09   1.12222184e+00   4.80393627e+00   
978     6.97794347e-09   1.10282647e+00   4.80424772e+00   
979     6.97833138e-09   1.08343109e+00   4.80456763e+00   
980     6.97859090e-09   1.07045498e+00   4.80478608e+00   
981     6.97876131e-09   1.06193432e+00   4.80493111e+00   
982     6.97887354e-09   1.05632302e+00   4.80502719e+00   
983     6.97892796e-09   1.05360190e+00   4.80507389e+00   
984     6.97898238e-09   1.05088077e+00   4.80512065e+00   
985     6.97902320e-09   1.04883993e+00   4.80515577e+00   
986     6.97907781e-09   1.04610932e+00   4.80520282e+00   
987     6.97918704e-09   1.04064811e+00   4.80529708e+00   
988     6.97940549e-09   1.02972568e+00   4.80548607e+00   
989     6.97971022e-09   1.01448900e+00   4.80575006e+00   
990     6.98001495e-09   9.99252321e-01   4.80601356e+00   
991     6.98031969e-09   9.84015642e-01   4.80627583e+00   
992     6.98074109e-09   9.62945640e-01   4.80663580e+00   
993     6.98129528e-09   9.35235839e-01   4.80710359e+00   
994     6.98208264e-09   8.95868126e-01   4.80775719e+00   
995     6.98285182e-09   8.57408947e-01   4.80838380e+00   
996     6.98358886e-09   8.20556811e-01   4.80897463e+00   
997     6.98432591e-09   7.83704675e-01   4.80955750e+00   
998     6.98506295e-09   7.46852539e-01   4.81013354e+00   
999     6.98601963e-09   6.99018383e-01   4.81087266e+00   
1000    6.98697632e-09   6.51184227e-01   4.81160326e+00   
1001    6.98793300e-09   6.03350071e-01   4.81232642e+00   
1002    6.98916952e-09   5.41523751e-01   4.81325160e+00   
1003    6.99040605e-09   4.79697432e-01   4.81416715e+00   
1004    6.99164258e-09   4.17871112e-01   4.81507408e+00   
1005    6.99287910e-09   3.56044793e-01   4.81597320e+00   
1006    6.99452601e-09   2.73699450e-01   4.81715979e+00   
1007    6.99617292e-09   1.91354107e-01   4.81833477e+00   
1008    6.99781982e-09   1.09008765e-01   4.81949903e+00   
1009    6.99988270e-09   5.86482361e-03   4.82094335e+00   
1010    7.00000000e-09   8.16634398e-19   4.82102501e+00   
1011    7.00206288e-09   -2.39994837e-18  4.82263153e+00   
1012    7.00212159e-09   7.34406202e-18   4.82267724e+00   
1013    7.00218029e-09   2.32582562e-18   4.82272293e+00   
1014    7.00223900e-09   5.31618353e-22   4.82276860e+00   
1015    7.00229771e-09   -9.77659870e-20  4.82281427e+00   
1016    7.00241512e-09   1.19516565e-19   4.82290556e+00   
1017    7.00264690e-09   -7.88962100e-20  4.82308560e+00   
1018    7.00302962e-09   -2.96580729e-21  4.82338237e+00   
1019    7.00379505e-09   1.10150554e-19   4.82397414e+00   
1020    7.00489120e-09   2.08491368e-19   4.82481766e+00   
1021    7.00598735e-09   2.05417372e-19   4.82565681e+00   
1022    7.00708350e-09   3.35118689e-19   4.82649186e+00   
1023    7.00817965e-09   3.94311452e-19   4.82732300e+00   
1024    7.00927580e-09   4.94902816e-19   4.82815042e+00   
1025    7.01037195e-09   5.11924049e-19   4.82897425e+00   
1026    7.01119407e-09   -1.94553511e-19  4.82958984e+00   
1027    7.01178309e-09   -2.09278641e-19  4.83002971e+00   
1028    7.01237211e-09   3.11482060e-21   4.83046862e+00   
1029    7.01331242e-09   -2.57360147e-20  4.83116734e+00   
1030    7.01456552e-09   3.87788669e-19   4.83209481e+00   
1031    7.01581863e-09   5.16856127e-19   4.83301813e+00   
1032    7.01675846e-09   -4.88375180e-19  4.83370793e+00   
1033    7.01769828e-09   2.10199002e-19   4.83439546e+00   
1034    7.01840653e-09   -4.18454085e-21  4.83491209e+00   
1035    7.01911478e-09   -5.26485569e-20  4.83542745e+00   
1036    7.02025597e-09   3.27915615e-20   4.83625519e+00   
1037    7.02173169e-09   1.62059890e-20   4.83732077e+00   
1038    7.02320740e-09   -1.02106058e-20  4.83838097e+00   
1039    7.02468312e-09   -2.58287318e-20  4.83943584e+00   
1040    7.02615883e-09   -2.70334968e-20  4.84048543e+00   
1041    7.02763455e-09   -3.01642108e-20  4.84152976e+00   
1042    7.02948355e-09   -1.22041793e-19  4.84283091e+00   
1043    7.03133254e-09   -4.92054726e-20  4.84412394e+00   
1044    7.03318154e-09   -1.66755865e-19  4.84540891e+00   
1045    7.03446758e-09   1.06958754e-18   4.84629830e+00   
1046    7.03543211e-09   -1.45010009e-19  4.84696288e+00   
1047    7.03678740e-09   3.83497468e-19   4.84789303e+00   
1048    7.03814269e-09   -8.64921315e-21  4.84881889e+00   
1049    7.04017563e-09   1.13778926e-21   4.85019972e+00   
1050    7.04279102e-09   6.11733258e-21   4.85196223e+00   
1051    7.04540641e-09   4.69961018e-21   4.85370918e+00   
1052    7.04873749e-09   6.74939103e-20   4.85591194e+00   
1053    7.05206857e-09   8.49130549e-21   4.85809003e+00   
1054    7.05539966e-09   6.01036507e-20   4.86024377e+00   
1055    7.05971236e-09   1.25107478e-19   4.86299653e+00   
1056    7.06402506e-09   -1.53268020e-20  4.86570957e+00   
1057    7.06992219e-09   -6.21759831e-19  4.86935625e+00   
1058    7.07581932e-09   -3.47513765e-20  4.87293124e+00   
1059    7.08399509e-09   1.97587437e-20   4.87777196e+00   
1060    7.09217086e-09   -1.30474019e-20  4.88248119e+00   
1061    7.09788542e-09   -1.91105599e-18  4.88569603e+00   
1062    7.10180023e-09   -4.06621652e-19  4.88786229e+00   
1063    7.10473634e-09   -7.59100520e-20  4.88946773e+00   
1064    7.10767245e-09   -2.94147057e-19  4.89105684e+00   
1065    7.10987453e-09   -2.60047478e-20  4.89223815e+00   
1066    7.11216153e-09   2.14161168e-17   4.89345568e+00   
1067    7.11444853e-09   1.85901597e-17   4.89466384e+00   
1068    7.11744397e-09   -1.17909689e-19  4.89623232e+00   
1069    7.12043940e-09   4.41962857e-20   4.89778519e+00   
1070    7.12481859e-09   2.85343225e-18   4.90002775e+00   
1071    7.12919778e-09   -6.10170868e-19  4.90223783e+00   
1072    7.13448087e-09   -9.71962399e-19  4.90486151e+00   
1073    7.13976397e-09   -9.51723970e-20  4.90743928e+00   
1074    7.14504706e-09   -3.52307452e-19  4.90997186e+00   
1075    7.15033015e-09   -2.17209377e-19  4.91245997e+00   
1076    7.15561325e-09   -1.33642928e-19  4.91490432e+00   
1077    7.16274414e-09   -8.92599703e-19  4.91813568e+00   
1078    7.16987503e-09   -4.69240770e-19  4.92129049e+00   
1079    7.17708256e-09   -7.81917778e-19  4.92440318e+00   
1080    7.18672413e-09   1.79744598e-19   4.92845105e+00   
1081    7.19636569e-09   -1.94664332e-19  4.93236962e+00   
1082    7.20600726e-09   -7.21785865e-20  4.93616291e+00   
1083    7.21281258e-09   8.55534875e-19   4.93876669e+00   
1084    7.21961790e-09   3.56129221e-19   4.94131135e+00   
1085    7.22642322e-09   3.24509126e-19   4.94379826e+00   
1086    7.23446194e-09   7.32220688e-21   4.94666345e+00   
1087    7.24250067e-09   -1.07516466e-20  4.94945204e+00   
1088    7.25053940e-09   6.84942282e-19   4.95216608e+00   
1089    7.25857813e-09   -1.28053760e-18  4.95480754e+00   
1090    7.26921526e-09   1.54039650e-20   4.95819503e+00   
1091    7.27985239e-09   4.14483914e-20   4.96146331e+00   
1092    7.29792924e-09   -1.23836285e-18  4.96675865e+00   
1093    7.31600608e-09   -2.84972320e-19  4.97174197e+00   
1094    7.34387201e-09   1.39287365e-18   4.97886796e+00   
1095    7.35192395e-09   3.53079090e-20   4.98082301e+00   
1096    7.35729913e-09   -1.31131191e-18  4.98213156e+00   
1097    7.36083176e-09   -1.10045837e-20  4.98301288e+00   
1098    7.36348123e-09   -1.67718053e-21  4.98369669e+00   
1099    7.36613070e-09   -7.81862944e-22  4.98440915e+00   
1100    7.36878017e-09   -4.09228606e-21  4.98515774e+00   
1101    7.37226155e-09   -1.22170943e-20  4.98620401e+00   
1102    7.37584383e-09   1.23338502e-20   4.98735575e+00   
1103    7.37853055e-09   9.25119800e-21   4.98826451e+00   
1104    7.38121934e-09   1.18094992e-20   4.98920548e+00   
1105    7.38390813e-09   1.26661054e-20   4.99017056e+00   
1106    7.38734162e-09   5.74991893e-20   4.99142565e+00   
1107    7.39077511e-09   1.23896465e-21   4.99269262e+00   
1108    7.39522618e-09   5.14184191e-20   4.99432959e+00   
1109    7.40097995e-09   1.88599149e-19   4.99639726e+00   
1110    7.40807992e-09   -7.26265959e-20  4.99881139e+00   
1111    7.41509169e-09   -3.57952904e-20  5.00144259e+00   
1112    7.42210347e-09   7.29069562e-20   5.00424344e+00   
1113    7.42911525e-09   3.53772035e-20   5.00660265e+00   
1114    7.43612702e-09   -9.66104440e-20  5.00847836e+00   
1115    7.44531100e-09   6.06638198e-20   5.01015133e+00   
1116    7.45449497e-09   -1.16248232e-19  5.01090143e+00   
1117    7.45919206e-09   -4.03577584e-19  5.01092165e+00   
1118    7.46166688e-09   3.31054650e-20   5.01083188e+00   
1119    7.46537911e-09   1.84692424e-21   5.01056573e+00   
1120    7.46891305e-09   -3.49421109e-21  5.01016556e+00   
1121    7.47241670e-09   -2.87953062e-21  5.00962723e+00   
1122    7.47585341e-09   -7.46949299e-21  5.00896217e+00   
1123    7.47942828e-09   -1.54677387e-20  5.00812652e+00   
1124    7.48425033e-09   -5.23559695e-20  5.00676747e+00   
1125    7.48907238e-09   -4.45449809e-20  5.00514329e+00   
1126    7.49389443e-09   -3.18206862e-20  5.00325564e+00   
1127    7.50035597e-09   -3.90513741e-20  5.00031687e+00   
1128    7.50923042e-09   7.60439927e-20   4.99690729e+00   
1129    7.51810487e-09   -3.91904672e-18  4.99293478e+00   
1130    7.52476071e-09   7.00023617e-19   4.98951466e+00   
1131    7.53169419e-09   2.48113662e-21   4.98554625e+00   
1132    7.53862767e-09   1.88989147e-21   4.98116171e+00   
1133    7.54984488e-09   1.11189264e-20   4.97318258e+00   
1134    7.56391031e-09   -1.42512189e-19  4.96162429e+00   
1135    7.58888293e-09   -7.82880008e-19  4.93683815e+00   
1136    7.61276039e-09   -1.32685513e-18  4.90801934e+00   
1137    7.63066847e-09   4.17479394e-20   4.88310331e+00   
1138    7.64913447e-09   1.31533938e-19   4.85449402e+00   
1139    7.66760046e-09   1.78146587e-20   4.82304658e+00   
1140    7.68606645e-09   1.40356678e-20   4.78903301e+00   
1141    7.70871751e-09   1.85881679e-20   4.74443722e+00   
1142    7.73021956e-09   -3.59836350e-19  4.69972351e+00   
1143    7.75172161e-09   -1.37668552e-19  4.65320295e+00   
1144    7.76288571e-09   4.83234832e-20   4.62842123e+00   
1145    7.77125879e-09   -8.78460945e-23  4.60959642e+00   
1146    7.77963187e-09   2.45638252e-23   4.59058757e+00   
1147    7.79403278e-09   9.87177483e-20   4.55749768e+00   
1148    7.80843370e-09   1.71686695e-19   4.52391894e+00   
1149    7.83094760e-09   -1.29330238e-20  4.47048310e+00   
1150    7.85346150e-09   -2.57833751e-20  4.41585309e+00   
1151    7.89848931e-09   1.08228190e-19   4.30261007e+00   
1152    7.94351711e-09   -4.84144518e-20  4.18216131e+00   
1153    7.97728796e-09   1.30003871e-19   4.08458421e+00   
1154    8.01274062e-09   1.30040304e-19   3.97100255e+00   
1155    8.04819327e-09   7.98231510e-20   3.83540131e+00   
1156    8.07478277e-09   -4.71108626e-21  3.69878104e+00   
1157    8.09215203e-09   1.90850050e-19   3.56234612e+00   
1158    8.10369798e-09   1.14587623e-20   3.41435626e+00   
1159    8.11235744e-09   -8.36069283e-20  3.25062367e+00   
1160    8.12101690e-09   -3.96265139e-20  3.04852359e+00   
1161    8.12915984e-09   -1.41198914e-19  2.84186484e+00   
1162    8.13730277e-09   1.96594618e-17   2.62971477e+00   
1163    8.14544570e-09   -4.82834327e-19  2.41650714e+00   
1164    8.15755652e-09   1.09724574e-18   2.10202991e+00   
1165    8.16966735e-09   2.84305802e-18   1.79572323e+00   
1166    8.17996259e-09   6.24312904e-18   1.55047528e+00   
1167    8.18731027e-09   -1.28909457e-17  1.39653194e+00   
1168    8.19282104e-09   5.03157221e-19   1.30174530e+00   
1169    8.19833180e-09   2.62847631e-20   1.22584619e+00   
1170    8.20315684e-09   -1.75292037e-19  1.17159533e+00   
1171    8.20798187e-09   4.41532210e-20   1.12572030e+00   
1172    8.21433154e-09   -4.86785375e-19  1.07459692e+00   
1173    8.22068121e-09   -4.61384335e-19  1.03123574e+00   
1174    8.22863578e-09   -1.26441198e-18  9.84881149e-01   
1175    8.23659036e-09   -4.55491349e-19  9.45297803e-01   
1176    8.24694828e-09   3.01366839e-19   9.01378156e-01   
1177    8.25730620e-09   1.88800075e-19   8.64299268e-01   
1178    8.27113906e-09   -6.91315623e-19  8.22943329e-01   
1179    8.28497191e-09   -8.00147833e-19  7.89087125e-01   
1180    8.30321881e-09   4.58175067e-20   7.53098078e-01   
1181    8.32146572e-09   4.81650350e-21   7.24867815e-01   
1182    8.33971262e-09   1.98459686e-20   7.02540323e-01   
1183    8.35684746e-09   -5.60706061e-19  6.85684046e-01   
1184    8.38032866e-09   6.49068791e-20   6.67188199e-01   
1185    8.40380987e-09   2.62923077e-20   6.52766461e-01   
1186    8.42595350e-09   3.42258063e-20   6.41889117e-01   
1187    8.45672180e-09   3.43491296e-21   6.29696738e-01   
1188    8.48749010e-09   -1.28101298e-20  6.20003126e-01   
1189    8.51825839e-09   -3.09105593e-20  6.12020388e-01   
1190    8.54902669e-09   -2.92098616e-20  6.05231245e-01   
1191    8.57979498e-09   -2.58400387e-20  5.99304353e-01   
1192    8.61056328e-09   -2.33641471e-20  5.94028396e-01   
1193    8.64133158e-09   -1.56959594e-20  5.89266967e-01   
1194    8.67209987e-09   -1.23184902e-20  5.84929589e-01   
1195    8.70107376e-09   -6.90140552e-21  5.81177794e-01   
1196    8.73065050e-09   -6.89987371e-21  5.77638305e-01   
1197    8.75961235e-09   -4.74657627e-21  5.74427352e-01   
1198    8.78945445e-09   -3.38270526e-21  5.71357046e-01   
1199    8.81910306e-09   -1.57869029e-21  5.68525388e-01   
1200    8.84955292e-09   1.10901987e-21   5.65824769e-01   
1201    8.88000688e-09   1.15747676e-21   5.63317242e-01   
1202    8.91120462e-09   4.14928133e-21   5.60932867e-01   
1203    8.94259976e-09   5.78933522e-21   5.58707032e-01   
1204    8.97476512e-09   6.27544675e-21   5.56592892e-01   
1205    9.00733760e-09   9.37760617e-21   5.54610096e-01   
1206    9.04077372e-09   2.56557917e-22   5.52727040e-01   
1207    9.07484149e-09   -2.77109217e-23  5.50954509e-01   
1208    9.10992681e-09   -8.23582875e-22  5.49270673e-01   
1209    9.14590725e-09   -5.74997583e-22  5.47680944e-01   
1210    9.18312352e-09   -6.98306931e-22  5.46170395e-01   
1211    9.23435793e-09   -6.57560132e-21  5.44289893e-01   
1212    9.28559233e-09   -5.69746468e-21  5.42618739e-01   
1213    9.33682673e-09   -9.05398987e-21  5.41133559e-01   
1214    9.38806114e-09   -7.45324776e-21  5.39813353e-01   
1215    9.43929554e-09   -5.96991404e-21  5.38639494e-01   
1216    9.50623308e-09   -4.19595331e-18  5.37296253e-01   
1217    9.57317062e-09   -3.89195911e-18  5.36143103e-01   
1218    9.64010816e-09   -4.24384910e-18  5.35153386e-01   
1219    9.72614393e-09   -2.66792459e-18  5.34080622e-01   
1220    9.81217971e-09   -1.87568777e-18  5.33198607e-01   
1221    9.91217971e-09   -2.51989001e-19  5.32366536e-01   
1222    1.00000000e-08   -8.35155176e-20  5.31778818e-01   
End of Xyce(TM) Simulation
