Index        TIME             V(1)             V(2)             V(3)
0       1.00000000e-06   -2.49656419e+00  -6.43755897e-11  0.00000000e+00   
1       1.00007500e-06   -2.49656419e+00  -6.43755897e-11  0.00000000e+00   
2       1.00017500e-06   -2.49656419e+00  -6.43755897e-11  0.00000000e+00   
3       1.00027500e-06   -2.49656419e+00  -6.43755897e-11  0.00000000e+00   
4       1.00037500e-06   -2.49656419e+00  -6.43755897e-11  0.00000000e+00   
5       1.00047500e-06   -2.49656419e+00  -6.43755897e-11  0.00000000e+00   
6       1.00057500e-06   -2.49656419e+00  -6.43755897e-11  0.00000000e+00   
7       1.00067500e-06   -2.49656419e+00  -6.43755897e-11  0.00000000e+00   
8       1.00077500e-06   -2.49656419e+00  -6.43755897e-11  0.00000000e+00   
9       1.00087500e-06   -2.49656419e+00  -6.43755897e-11  0.00000000e+00   
10      1.00097500e-06   -2.49656419e+00  -6.43755897e-11  0.00000000e+00   
11      1.00107500e-06   -2.49656419e+00  -6.43755897e-11  0.00000000e+00   
12      1.00117500e-06   -2.49656419e+00  -6.43755897e-11  0.00000000e+00   
13      1.00127500e-06   -2.49656419e+00  -6.43755897e-11  0.00000000e+00   
14      1.00137500e-06   -2.49656419e+00  -6.43755897e-11  0.00000000e+00   
15      1.00147500e-06   -2.49656419e+00  -6.43755897e-11  0.00000000e+00   
16      1.00157500e-06   -2.49656419e+00  -6.43755897e-11  0.00000000e+00   
17      1.00167500e-06   -2.49656419e+00  -6.43755897e-11  0.00000000e+00   
18      1.00177500e-06   -2.49656419e+00  -6.43755897e-11  0.00000000e+00   
19      1.00187500e-06   -2.49656419e+00  -6.43755897e-11  0.00000000e+00   
20      1.00197500e-06   -2.49656419e+00  -6.43755897e-11  0.00000000e+00   
21      1.00207500e-06   -2.49656419e+00  -6.43755897e-11  0.00000000e+00   
22      1.00217500e-06   -2.49656419e+00  -6.43755897e-11  0.00000000e+00   
23      1.00227500e-06   -2.49656419e+00  -6.43755897e-11  0.00000000e+00   
24      1.00237500e-06   -2.49656419e+00  -6.43755897e-11  0.00000000e+00   
25      1.00247500e-06   -2.49656419e+00  -6.43755897e-11  0.00000000e+00   
26      1.00257500e-06   -2.49656419e+00  -6.43755897e-11  0.00000000e+00   
27      1.00267500e-06   -2.49656419e+00  -6.43755897e-11  0.00000000e+00   
28      1.00277500e-06   -2.49656419e+00  -6.43755897e-11  0.00000000e+00   
29      1.00287500e-06   -2.49656419e+00  -6.43755897e-11  0.00000000e+00   
30      1.00297500e-06   -2.49656419e+00  -6.43755897e-11  0.00000000e+00   
31      1.00307500e-06   -2.49656419e+00  -6.43755897e-11  0.00000000e+00   
32      1.00317500e-06   -2.49656419e+00  -6.43755897e-11  0.00000000e+00   
33      1.00327500e-06   -2.49656419e+00  -6.43755897e-11  0.00000000e+00   
34      1.00337500e-06   -2.49656419e+00  -6.43755897e-11  0.00000000e+00   
35      1.00347500e-06   -2.49656419e+00  -6.43755897e-11  0.00000000e+00   
36      1.00357500e-06   -2.49656419e+00  -6.43755897e-11  0.00000000e+00   
37      1.00367500e-06   -2.49656419e+00  -6.43755897e-11  0.00000000e+00   
38      1.00377500e-06   -2.49656419e+00  -6.43755897e-11  0.00000000e+00   
39      1.00387500e-06   -2.49656419e+00  -6.43755897e-11  0.00000000e+00   
40      1.00397500e-06   -2.49656419e+00  -6.43755897e-11  0.00000000e+00   
41      1.00407500e-06   -2.49656419e+00  -6.43755897e-11  0.00000000e+00   
42      1.00417500e-06   -2.49656419e+00  -6.43755897e-11  0.00000000e+00   
43      1.00427500e-06   -2.49656419e+00  -6.43755897e-11  0.00000000e+00   
44      1.00437500e-06   -2.49656419e+00  -6.43755897e-11  0.00000000e+00   
45      1.00447500e-06   -2.49656419e+00  -6.43755897e-11  0.00000000e+00   
46      1.00457500e-06   -2.49656419e+00  -6.43755897e-11  0.00000000e+00   
47      1.00467500e-06   -2.49656419e+00  -6.43755897e-11  0.00000000e+00   
48      1.00477500e-06   -2.49656419e+00  -6.43755897e-11  0.00000000e+00   
49      1.00487500e-06   -2.49656419e+00  -6.43755897e-11  0.00000000e+00   
50      1.00497500e-06   -2.49656419e+00  -6.43755897e-11  0.00000000e+00   
51      1.00507500e-06   -2.49656419e+00  -6.43755897e-11  0.00000000e+00   
52      1.00517500e-06   -2.49656419e+00  -6.43755897e-11  0.00000000e+00   
53      1.00527500e-06   -2.49656419e+00  -6.43755897e-11  0.00000000e+00   
54      1.00537500e-06   -2.49656419e+00  -6.43755897e-11  0.00000000e+00   
55      1.00547500e-06   -2.49656419e+00  -6.43755897e-11  0.00000000e+00   
56      1.00557500e-06   -2.49656419e+00  -6.43755897e-11  0.00000000e+00   
57      1.00567500e-06   -2.49656419e+00  -6.43755897e-11  0.00000000e+00   
58      1.00577500e-06   -2.49656419e+00  -6.43755897e-11  0.00000000e+00   
59      1.00587500e-06   -2.49656419e+00  -6.43755897e-11  0.00000000e+00   
60      1.00597500e-06   -2.49656419e+00  -6.43755897e-11  0.00000000e+00   
61      1.00607500e-06   -2.49656419e+00  -6.43755897e-11  0.00000000e+00   
62      1.00617500e-06   -2.49656419e+00  -6.43755897e-11  0.00000000e+00   
63      1.00627500e-06   -2.49656419e+00  -6.43755897e-11  0.00000000e+00   
64      1.00637500e-06   -2.49656419e+00  -6.43755897e-11  0.00000000e+00   
65      1.00647500e-06   -2.49656419e+00  -6.43755897e-11  0.00000000e+00   
66      1.00657500e-06   -2.49656419e+00  -6.43755897e-11  0.00000000e+00   
67      1.00667500e-06   -2.49656419e+00  -6.43755897e-11  0.00000000e+00   
68      1.00677500e-06   -2.49656419e+00  -6.43755897e-11  0.00000000e+00   
69      1.00687500e-06   -2.49656419e+00  -6.43755897e-11  0.00000000e+00   
70      1.00697500e-06   -2.49656419e+00  -6.43755897e-11  0.00000000e+00   
71      1.00707500e-06   -2.49656419e+00  -6.43755897e-11  0.00000000e+00   
72      1.00717500e-06   -2.49656419e+00  -6.43755897e-11  0.00000000e+00   
73      1.00727500e-06   -2.49656419e+00  -6.43755897e-11  0.00000000e+00   
74      1.00737500e-06   -2.49656419e+00  -6.43755897e-11  0.00000000e+00   
75      1.00747500e-06   -2.49656419e+00  -6.43755897e-11  0.00000000e+00   
76      1.00757500e-06   -2.49656419e+00  -6.43755897e-11  0.00000000e+00   
77      1.00767500e-06   -2.49656419e+00  -6.43755897e-11  0.00000000e+00   
78      1.00777500e-06   -2.49656419e+00  -6.43755897e-11  0.00000000e+00   
79      1.00787500e-06   -2.49656419e+00  -6.43755897e-11  0.00000000e+00   
80      1.00797500e-06   -2.49656419e+00  -6.43755897e-11  0.00000000e+00   
81      1.00807500e-06   -2.49656419e+00  -6.43755897e-11  0.00000000e+00   
82      1.00817500e-06   -2.49656419e+00  -6.43755897e-11  0.00000000e+00   
83      1.00827500e-06   -2.49656419e+00  -6.43755897e-11  0.00000000e+00   
84      1.00837500e-06   -2.49656419e+00  -6.43755897e-11  0.00000000e+00   
85      1.00847500e-06   -2.49656419e+00  -6.43755897e-11  0.00000000e+00   
86      1.00857500e-06   -2.49656419e+00  -6.43755897e-11  0.00000000e+00   
87      1.00867500e-06   -2.49656419e+00  -6.43755897e-11  0.00000000e+00   
88      1.00877500e-06   -2.49656419e+00  -6.43755897e-11  0.00000000e+00   
89      1.00887500e-06   -2.49656419e+00  -6.43755897e-11  0.00000000e+00   
90      1.00897500e-06   -2.49656419e+00  -6.43755897e-11  0.00000000e+00   
91      1.00907500e-06   -2.49656419e+00  -6.43755897e-11  0.00000000e+00   
92      1.00917500e-06   -2.49656419e+00  -6.43755897e-11  0.00000000e+00   
93      1.00927500e-06   -2.49656419e+00  -6.43755897e-11  0.00000000e+00   
94      1.00937500e-06   -2.49656419e+00  -6.43755897e-11  0.00000000e+00   
95      1.00947500e-06   -2.49656419e+00  -6.43755897e-11  0.00000000e+00   
96      1.00957500e-06   -2.49656419e+00  -6.43755897e-11  0.00000000e+00   
97      1.00967500e-06   -2.49656419e+00  -6.43755897e-11  0.00000000e+00   
98      1.00977500e-06   -2.49656419e+00  -6.43755897e-11  0.00000000e+00   
99      1.00987500e-06   -2.49656419e+00  -6.43755897e-11  0.00000000e+00   
100     1.00997500e-06   -2.49656419e+00  -6.43755897e-11  0.00000000e+00   
101     1.01007500e-06   -2.49656419e+00  -6.43755897e-11  0.00000000e+00   
102     1.01017500e-06   -2.49656419e+00  -6.43755897e-11  0.00000000e+00   
103     1.01027500e-06   -2.49656419e+00  -6.43755897e-11  0.00000000e+00   
104     1.01037500e-06   -2.49656419e+00  -6.43755897e-11  0.00000000e+00   
105     1.01047500e-06   -2.49656419e+00  -6.43755897e-11  0.00000000e+00   
106     1.01057500e-06   -2.49656419e+00  -6.43755897e-11  0.00000000e+00   
107     1.01067500e-06   -2.49656419e+00  -6.43755897e-11  0.00000000e+00   
108     1.01077500e-06   -2.49656419e+00  -6.43755897e-11  0.00000000e+00   
109     1.01087500e-06   -2.49656419e+00  -6.43755897e-11  0.00000000e+00   
110     1.01097500e-06   -2.49656419e+00  -6.43755897e-11  0.00000000e+00   
111     1.01107500e-06   -2.49656419e+00  -6.43755897e-11  0.00000000e+00   
112     1.01117500e-06   -2.49656419e+00  -6.43755897e-11  0.00000000e+00   
113     1.01127500e-06   -2.49656419e+00  -6.43755897e-11  0.00000000e+00   
114     1.01137500e-06   -2.49656419e+00  -6.43755897e-11  0.00000000e+00   
115     1.01147500e-06   -2.49656419e+00  -6.43755897e-11  0.00000000e+00   
116     1.01157500e-06   -2.49656419e+00  -6.43755897e-11  0.00000000e+00   
117     1.01167500e-06   -2.49656419e+00  -6.43755897e-11  0.00000000e+00   
118     1.01177500e-06   -2.49656419e+00  -6.43755897e-11  0.00000000e+00   
119     1.01187500e-06   -2.49656419e+00  -6.43755897e-11  0.00000000e+00   
120     1.01197500e-06   -2.49656419e+00  -6.43755897e-11  0.00000000e+00   
121     1.01207500e-06   -2.49656419e+00  -6.43755897e-11  0.00000000e+00   
122     1.01217500e-06   -2.49656419e+00  -6.43755897e-11  0.00000000e+00   
123     1.01227500e-06   -2.49656419e+00  -6.43755897e-11  0.00000000e+00   
124     1.01237500e-06   -2.49656419e+00  -6.43755897e-11  0.00000000e+00   
125     1.01247500e-06   -2.49656419e+00  -6.43755897e-11  0.00000000e+00   
126     1.01257500e-06   -2.49656419e+00  -6.43755897e-11  0.00000000e+00   
127     1.01267500e-06   -2.49656419e+00  -6.43755897e-11  0.00000000e+00   
128     1.01277500e-06   -2.49656419e+00  -6.43755897e-11  0.00000000e+00   
129     1.01287500e-06   -2.49656419e+00  -6.43755897e-11  0.00000000e+00   
130     1.01297500e-06   -2.49656419e+00  -6.43755897e-11  0.00000000e+00   
131     1.01307500e-06   -2.49656419e+00  -6.43755897e-11  0.00000000e+00   
132     1.01317500e-06   -2.49656419e+00  -6.43755897e-11  0.00000000e+00   
133     1.01327500e-06   -2.49656419e+00  -6.43755897e-11  0.00000000e+00   
134     1.01337500e-06   -2.49656419e+00  -6.43755897e-11  0.00000000e+00   
135     1.01347500e-06   -2.49656419e+00  -6.43755897e-11  0.00000000e+00   
136     1.01357500e-06   -2.49656419e+00  -6.43755897e-11  0.00000000e+00   
137     1.01367500e-06   -2.49656419e+00  -6.43755897e-11  0.00000000e+00   
138     1.01377500e-06   -2.49656419e+00  -6.43755897e-11  0.00000000e+00   
139     1.01387500e-06   -2.49656419e+00  -6.43755897e-11  0.00000000e+00   
140     1.01397500e-06   -2.49656419e+00  -6.43755897e-11  0.00000000e+00   
141     1.01407500e-06   -2.49656419e+00  -6.43755897e-11  0.00000000e+00   
142     1.01417500e-06   -2.49656419e+00  -6.43755897e-11  0.00000000e+00   
143     1.01427500e-06   -2.49656419e+00  -6.43755897e-11  0.00000000e+00   
144     1.01437500e-06   -2.49656419e+00  -6.43755897e-11  0.00000000e+00   
145     1.01447500e-06   -2.49656419e+00  -6.43755897e-11  0.00000000e+00   
146     1.01457500e-06   -2.49656419e+00  -6.43755897e-11  0.00000000e+00   
147     1.01467500e-06   -2.49656419e+00  -6.43755897e-11  0.00000000e+00   
148     1.01477500e-06   -2.49656419e+00  -6.43755897e-11  0.00000000e+00   
149     1.01487500e-06   -2.49656419e+00  -6.43755897e-11  0.00000000e+00   
150     1.01497500e-06   -2.49656419e+00  -6.43755897e-11  0.00000000e+00   
151     1.01500000e-06   -2.49656419e+00  -6.43755897e-11  0.00000000e+00   
152     1.01502500e-06   -2.48294257e+00  1.43534645e-02   6.00000000e-02   
153     1.01504372e-06   -2.47252812e+00  2.54226691e-02   1.04930646e-01   
154     1.01506244e-06   -2.46193669e+00  3.67953569e-02   1.49861291e-01   
155     1.01508116e-06   -2.45120197e+00  4.84556992e-02   1.94791937e-01   
156     1.01509988e-06   -2.44035470e+00  6.03891129e-02   2.39722583e-01   
157     1.01513733e-06   -2.41841800e+00  8.52452824e-02   3.29583874e-01   
158     1.01517477e-06   -2.39640945e+00  1.11006085e-01   4.19445166e-01   
159     1.01521221e-06   -2.37447178e+00  1.37597489e-01   5.09306457e-01   
160     1.01524965e-06   -2.35272353e+00  1.64955544e-01   5.99167749e-01   
161     1.01532454e-06   -2.31067150e+00  2.22310781e-01   7.78890332e-01   
162     1.01539942e-06   -2.27050366e+00  2.82022121e-01   9.58612915e-01   
163     1.01547431e-06   -2.23252978e+00  3.43849712e-01   1.13833550e+00   
164     1.01554919e-06   -2.19695390e+00  4.07601421e-01   1.31805808e+00   
165     1.01562408e-06   -2.16390464e+00  4.73120556e-01   1.49778066e+00   
166     1.01572408e-06   -2.12442800e+00  5.63410894e-01   1.73778066e+00   
167     1.01582408e-06   -2.08963730e+00  6.56313675e-01   1.97778066e+00   
168     1.01592408e-06   -2.05952742e+00  7.51625655e-01   2.21778066e+00   
169     1.01602408e-06   -2.03406096e+00  8.49169144e-01   2.45778066e+00   
170     1.01612408e-06   -2.01318542e+00  9.48784187e-01   2.69778066e+00   
171     1.01622408e-06   -1.99684488e+00  1.05032316e+00   2.93778066e+00   
172     1.01632408e-06   -1.98498824e+00  1.15364704e+00   3.17778066e+00   
173     1.01642408e-06   -1.97757529e+00  1.25862276e+00   3.41778066e+00   
174     1.01652408e-06   -1.97458159e+00  1.36512145e+00   3.65778066e+00   
175     1.01662408e-06   -1.97600269e+00  1.47301705e+00   3.89778066e+00   
176     1.01672408e-06   -1.98185834e+00  1.58218534e+00   4.13778066e+00   
177     1.01682408e-06   -1.99219687e+00  1.69250313e+00   4.37778066e+00   
178     1.01692408e-06   -2.00710022e+00  1.80384754e+00   4.61778066e+00   
179     1.01702408e-06   -2.02668990e+00  1.91609518e+00   4.85778066e+00   
180     1.01712408e-06   -2.05113414e+00  2.02912132e+00   5.09778066e+00   
181     1.01722408e-06   -2.08065684e+00  2.14279877e+00   5.33778066e+00   
182     1.01732408e-06   -2.11554883e+00  2.25699646e+00   5.57778066e+00   
183     1.01742408e-06   -2.15618212e+00  2.37157756e+00   5.81778066e+00   
184     1.01752408e-06   -2.20302848e+00  2.48639703e+00   6.05778066e+00   
185     1.01762408e-06   -2.25668358e+00  2.60129824e+00   6.29778066e+00   
186     1.01772408e-06   -2.31789929e+00  2.71610833e+00   6.53778066e+00   
187     1.01782408e-06   -2.38762712e+00  2.83063192e+00   6.77778066e+00   
188     1.01792408e-06   -2.46707808e+00  2.94464222e+00   7.01778066e+00   
189     1.01802408e-06   -2.55780669e+00  3.05786835e+00   7.25778066e+00   
190     1.01812408e-06   -2.66183149e+00  3.16997691e+00   7.49778066e+00   
191     1.01821285e-06   -2.76534490e+00  3.26868694e+00   7.71082916e+00   
192     1.01830162e-06   -2.87898533e+00  3.36697153e+00   7.92387765e+00   
193     1.01837862e-06   -2.98484402e+00  3.45214471e+00   8.10867634e+00   
194     1.01841038e-06   -3.02996450e+00  3.48732485e+00   8.18492034e+00   
195     1.01844215e-06   -3.07623296e+00  3.52251355e+00   8.26116434e+00   
196     1.01847392e-06   -3.12362045e+00  3.55772156e+00   8.33740833e+00   
197     1.01853746e-06   -3.22227790e+00  3.62822021e+00   8.48989632e+00   
198     1.01860099e-06   -3.32502516e+00  3.69891836e+00   8.64238431e+00   
199     1.01870099e-06   -3.49547128e+00  3.81072618e+00   8.88238431e+00   
200     1.01880099e-06   -3.67476685e+00  3.92330415e+00   9.12238431e+00   
201     1.01890099e-06   -3.86224356e+00  4.03674811e+00   9.36238431e+00   
202     1.01900099e-06   -4.05721103e+00  4.15113226e+00   9.60238431e+00   
203     1.01910099e-06   -4.25893997e+00  4.26651526e+00   9.84238431e+00   
204     1.01920099e-06   -4.46665112e+00  4.38294478e+00   1.00823843e+01   
205     1.01930099e-06   -4.67950649e+00  4.50046080e+00   1.03223843e+01   
206     1.01940099e-06   -4.89660224e+00  4.61909818e+00   1.05623843e+01   
207     1.01950099e-06   -5.11696275e+00  4.73888848e+00   1.08023843e+01   
208     1.01960099e-06   -5.33953546e+00  4.85986150e+00   1.10423843e+01   
209     1.01970099e-06   -5.56318631e+00  4.98204635e+00   1.12823843e+01   
210     1.01980099e-06   -5.78669550e+00  5.10547257e+00   1.15223843e+01   
211     1.01990099e-06   -6.00875337e+00  5.23017085e+00   1.17623843e+01   
212     1.02000000e-06   -6.22583251e+00  5.35491369e+00   1.20000000e+01   
213     1.02010000e-06   -6.50486214e+00  5.41261728e+00   1.20000000e+01   
214     1.02016671e-06   -6.69318834e+00  5.44624237e+00   1.20000000e+01   
215     1.02023342e-06   -6.88231489e+00  5.47574948e+00   1.20000000e+01   
216     1.02030013e-06   -7.07146842e+00  5.50180988e+00   1.20000000e+01   
217     1.02036683e-06   -7.26000086e+00  5.52498566e+00   1.20000000e+01   
218     1.02043354e-06   -7.44737182e+00  5.54574574e+00   1.20000000e+01   
219     1.02050025e-06   -7.63313291e+00  5.56448009e+00   1.20000000e+01   
220     1.02056696e-06   -7.81691396e+00  5.58151232e+00   1.20000000e+01   
221     1.02063367e-06   -7.99841112e+00  5.59711036e+00   1.20000000e+01   
222     1.02070038e-06   -8.17737659e+00  5.61149578e+00   1.20000000e+01   
223     1.02076708e-06   -8.35360992e+00  5.62485157e+00   1.20000000e+01   
224     1.02083379e-06   -8.52695061e+00  5.63732873e+00   1.20000000e+01   
225     1.02090050e-06   -8.69727183e+00  5.64905179e+00   1.20000000e+01   
226     1.02096721e-06   -8.86447516e+00  5.66012344e+00   1.20000000e+01   
227     1.02103392e-06   -9.02848616e+00  5.67062838e+00   1.20000000e+01   
228     1.02110063e-06   -9.18925062e+00  5.68063646e+00   1.20000000e+01   
229     1.02116733e-06   -9.34673144e+00  5.69020537e+00   1.20000000e+01   
230     1.02123404e-06   -9.50090597e+00  5.69938278e+00   1.20000000e+01   
231     1.02130075e-06   -9.65176383e+00  5.70820817e+00   1.20000000e+01   
232     1.02136746e-06   -9.79930503e+00  5.71671428e+00   1.20000000e+01   
233     1.02146746e-06   -1.00128433e+01  5.72882540e+00   1.20000000e+01   
234     1.02156746e-06   -1.02190907e+01  5.74037026e+00   1.20000000e+01   
235     1.02166746e-06   -1.04181409e+01  5.75140053e+00   1.20000000e+01   
236     1.02176746e-06   -1.06101087e+01  5.76195708e+00   1.20000000e+01   
237     1.02186746e-06   -1.07951253e+01  5.77207276e+00   1.20000000e+01   
238     1.02196746e-06   -1.09733352e+01  5.78177443e+00   1.20000000e+01   
239     1.02206746e-06   -1.11448930e+01  5.79108447e+00   1.20000000e+01   
240     1.02216746e-06   -1.13099604e+01  5.80002192e+00   1.20000000e+01   
241     1.02226746e-06   -1.14687061e+01  5.80860338e+00   1.20000000e+01   
242     1.02236746e-06   -1.16213023e+01  5.81684357e+00   1.20000000e+01   
243     1.02246746e-06   -1.17679242e+01  5.82475582e+00   1.20000000e+01   
244     1.02256746e-06   -1.19087482e+01  5.83235240e+00   1.20000000e+01   
245     1.02266746e-06   -1.20439517e+01  5.83964478e+00   1.20000000e+01   
246     1.02276746e-06   -1.21737117e+01  5.84664379e+00   1.20000000e+01   
247     1.02286746e-06   -1.22982044e+01  5.85335977e+00   1.20000000e+01   
248     1.02296746e-06   -1.24176044e+01  5.85980265e+00   1.20000000e+01   
249     1.02306746e-06   -1.25320845e+01  5.86598203e+00   1.20000000e+01   
250     1.02316746e-06   -1.26418149e+01  5.87190720e+00   1.20000000e+01   
251     1.02326746e-06   -1.27469632e+01  5.87758718e+00   1.20000000e+01   
252     1.02336746e-06   -1.28476935e+01  5.88303078e+00   1.20000000e+01   
253     1.02346746e-06   -1.29441670e+01  5.88824654e+00   1.20000000e+01   
254     1.02356746e-06   -1.30365412e+01  5.89324280e+00   1.20000000e+01   
255     1.02366746e-06   -1.31249698e+01  5.89802769e+00   1.20000000e+01   
256     1.02376746e-06   -1.32096026e+01  5.90260910e+00   1.20000000e+01   
257     1.02386746e-06   -1.32905857e+01  5.90699473e+00   1.20000000e+01   
258     1.02396746e-06   -1.33680609e+01  5.91119206e+00   1.20000000e+01   
259     1.02406746e-06   -1.34421661e+01  5.91520837e+00   1.20000000e+01   
260     1.02416746e-06   -1.35130350e+01  5.91905070e+00   1.20000000e+01   
261     1.02426746e-06   -1.35807972e+01  5.92272592e+00   1.20000000e+01   
262     1.02436746e-06   -1.36455782e+01  5.92624067e+00   1.20000000e+01   
263     1.02446746e-06   -1.37074994e+01  5.92960137e+00   1.20000000e+01   
264     1.02456746e-06   -1.37666783e+01  5.93281425e+00   1.20000000e+01   
265     1.02466746e-06   -1.38232281e+01  5.93588533e+00   1.20000000e+01   
266     1.02476746e-06   -1.38772584e+01  5.93882044e+00   1.20000000e+01   
267     1.02486746e-06   -1.39288747e+01  5.94162520e+00   1.20000000e+01   
268     1.02496746e-06   -1.39781788e+01  5.94430502e+00   1.20000000e+01   
269     1.02506746e-06   -1.40252687e+01  5.94686514e+00   1.20000000e+01   
270     1.02516746e-06   -1.40702387e+01  5.94931062e+00   1.20000000e+01   
271     1.02526746e-06   -1.41131798e+01  5.95164629e+00   1.20000000e+01   
272     1.02536746e-06   -1.41541792e+01  5.95387685e+00   1.20000000e+01   
273     1.02546746e-06   -1.41933210e+01  5.95600680e+00   1.20000000e+01   
274     1.02556746e-06   -1.42306859e+01  5.95804046e+00   1.20000000e+01   
275     1.02566746e-06   -1.42663513e+01  5.95998199e+00   1.20000000e+01   
276     1.02576746e-06   -1.43003918e+01  5.96183541e+00   1.20000000e+01   
277     1.02586746e-06   -1.43328787e+01  5.96360455e+00   1.20000000e+01   
278     1.02596746e-06   -1.43638805e+01  5.96529309e+00   1.20000000e+01   
279     1.02606746e-06   -1.43934631e+01  5.96690459e+00   1.20000000e+01   
280     1.02616746e-06   -1.44216894e+01  5.96844244e+00   1.20000000e+01   
281     1.02626746e-06   -1.44486198e+01  5.96990990e+00   1.20000000e+01   
282     1.02636746e-06   -1.44743122e+01  5.97131009e+00   1.20000000e+01   
283     1.02646746e-06   -1.44988220e+01  5.97264600e+00   1.20000000e+01   
284     1.02656746e-06   -1.45222024e+01  5.97392051e+00   1.20000000e+01   
285     1.02666746e-06   -1.45445040e+01  5.97513637e+00   1.20000000e+01   
286     1.02676746e-06   -1.45657757e+01  5.97629620e+00   1.20000000e+01   
287     1.02686746e-06   -1.45860640e+01  5.97740253e+00   1.20000000e+01   
288     1.02696746e-06   -1.46054134e+01  5.97845777e+00   1.20000000e+01   
289     1.02706746e-06   -1.46238665e+01  5.97946424e+00   1.20000000e+01   
290     1.02716746e-06   -1.46414642e+01  5.98042413e+00   1.20000000e+01   
291     1.02726746e-06   -1.46582453e+01  5.98133956e+00   1.20000000e+01   
292     1.02736746e-06   -1.46742471e+01  5.98221256e+00   1.20000000e+01   
293     1.02746746e-06   -1.46895053e+01  5.98304506e+00   1.20000000e+01   
294     1.02756746e-06   -1.47040539e+01  5.98383890e+00   1.20000000e+01   
295     1.02766746e-06   -1.47179254e+01  5.98459585e+00   1.20000000e+01   
296     1.02776746e-06   -1.47311510e+01  5.98531760e+00   1.20000000e+01   
297     1.02786746e-06   -1.47437602e+01  5.98600576e+00   1.20000000e+01   
298     1.02796746e-06   -1.47557816e+01  5.98666188e+00   1.20000000e+01   
299     1.02806746e-06   -1.47672421e+01  5.98728743e+00   1.20000000e+01   
300     1.02816746e-06   -1.47781676e+01  5.98788382e+00   1.20000000e+01   
301     1.02826746e-06   -1.47885830e+01  5.98845238e+00   1.20000000e+01   
302     1.02836746e-06   -1.47985116e+01  5.98899440e+00   1.20000000e+01   
303     1.02846746e-06   -1.48079762e+01  5.98951112e+00   1.20000000e+01   
304     1.02856746e-06   -1.48169981e+01  5.99000369e+00   1.20000000e+01   
305     1.02866746e-06   -1.48255979e+01  5.99047323e+00   1.20000000e+01   
306     1.02876746e-06   -1.48337951e+01  5.99092082e+00   1.20000000e+01   
307     1.02886746e-06   -1.48416086e+01  5.99134747e+00   1.20000000e+01   
308     1.02896746e-06   -1.48490560e+01  5.99175415e+00   1.20000000e+01   
309     1.02906746e-06   -1.48561545e+01  5.99214178e+00   1.20000000e+01   
310     1.02916746e-06   -1.48629202e+01  5.99251126e+00   1.20000000e+01   
311     1.02926746e-06   -1.48693688e+01  5.99286343e+00   1.20000000e+01   
312     1.02936746e-06   -1.48755148e+01  5.99319909e+00   1.20000000e+01   
313     1.02946746e-06   -1.48813725e+01  5.99351902e+00   1.20000000e+01   
314     1.02956746e-06   -1.48869553e+01  5.99382393e+00   1.20000000e+01   
315     1.02966746e-06   -1.48922761e+01  5.99411455e+00   1.20000000e+01   
316     1.02976746e-06   -1.48973470e+01  5.99439152e+00   1.20000000e+01   
317     1.02986746e-06   -1.49021798e+01  5.99465550e+00   1.20000000e+01   
318     1.02996746e-06   -1.49067856e+01  5.99490708e+00   1.20000000e+01   
319     1.03006746e-06   -1.49111749e+01  5.99514684e+00   1.20000000e+01   
320     1.03016746e-06   -1.49153580e+01  5.99537535e+00   1.20000000e+01   
321     1.03026746e-06   -1.49193445e+01  5.99559311e+00   1.20000000e+01   
322     1.03036746e-06   -1.49231436e+01  5.99580065e+00   1.20000000e+01   
323     1.03046746e-06   -1.49267640e+01  5.99599843e+00   1.20000000e+01   
324     1.03056746e-06   -1.49302142e+01  5.99618691e+00   1.20000000e+01   
325     1.03066746e-06   -1.49335020e+01  5.99636653e+00   1.20000000e+01   
326     1.03076746e-06   -1.49366353e+01  5.99653770e+00   1.20000000e+01   
327     1.03086746e-06   -1.49396211e+01  5.99670082e+00   1.20000000e+01   
328     1.03096746e-06   -1.49424664e+01  5.99685627e+00   1.20000000e+01   
329     1.03106746e-06   -1.49451777e+01  5.99700440e+00   1.20000000e+01   
330     1.03116746e-06   -1.49477615e+01  5.99714557e+00   1.20000000e+01   
331     1.03126746e-06   -1.49502236e+01  5.99728009e+00   1.20000000e+01   
332     1.03136746e-06   -1.49525699e+01  5.99740827e+00   1.20000000e+01   
333     1.03146746e-06   -1.49548056e+01  5.99753043e+00   1.20000000e+01   
334     1.03156746e-06   -1.49569361e+01  5.99764683e+00   1.20000000e+01   
335     1.03166746e-06   -1.49589662e+01  5.99775775e+00   1.20000000e+01   
336     1.03176746e-06   -1.49609007e+01  5.99786345e+00   1.20000000e+01   
337     1.03186746e-06   -1.49627441e+01  5.99796417e+00   1.20000000e+01   
338     1.03196746e-06   -1.49645007e+01  5.99806015e+00   1.20000000e+01   
339     1.03206746e-06   -1.49661745e+01  5.99815161e+00   1.20000000e+01   
340     1.03216746e-06   -1.49677695e+01  5.99823876e+00   1.20000000e+01   
341     1.03226746e-06   -1.49692893e+01  5.99832180e+00   1.20000000e+01   
342     1.03236746e-06   -1.49707374e+01  5.99840093e+00   1.20000000e+01   
343     1.03246746e-06   -1.49721174e+01  5.99847633e+00   1.20000000e+01   
344     1.03256746e-06   -1.49734323e+01  5.99854818e+00   1.20000000e+01   
345     1.03266746e-06   -1.49746852e+01  5.99861665e+00   1.20000000e+01   
346     1.03276746e-06   -1.49758791e+01  5.99868188e+00   1.20000000e+01   
347     1.03286746e-06   -1.49770167e+01  5.99874405e+00   1.20000000e+01   
348     1.03296746e-06   -1.49781007e+01  5.99880328e+00   1.20000000e+01   
349     1.03306746e-06   -1.49791336e+01  5.99885972e+00   1.20000000e+01   
350     1.03316746e-06   -1.49801178e+01  5.99891350e+00   1.20000000e+01   
351     1.03326746e-06   -1.49810555e+01  5.99896474e+00   1.20000000e+01   
352     1.03336746e-06   -1.49819491e+01  5.99901357e+00   1.20000000e+01   
353     1.03346746e-06   -1.49828006e+01  5.99906010e+00   1.20000000e+01   
354     1.03356746e-06   -1.49836119e+01  5.99910443e+00   1.20000000e+01   
355     1.03366746e-06   -1.49843849e+01  5.99914667e+00   1.20000000e+01   
356     1.03376746e-06   -1.49851215e+01  5.99918693e+00   1.20000000e+01   
357     1.03386746e-06   -1.49858233e+01  5.99922528e+00   1.20000000e+01   
358     1.03396746e-06   -1.49864921e+01  5.99926182e+00   1.20000000e+01   
359     1.03406746e-06   -1.49871293e+01  5.99929665e+00   1.20000000e+01   
360     1.03416746e-06   -1.49877365e+01  5.99932982e+00   1.20000000e+01   
361     1.03426746e-06   -1.49883150e+01  5.99936144e+00   1.20000000e+01   
362     1.03436746e-06   -1.49888663e+01  5.99939156e+00   1.20000000e+01   
363     1.03446746e-06   -1.49893915e+01  5.99942027e+00   1.20000000e+01   
364     1.03456746e-06   -1.49898920e+01  5.99944762e+00   1.20000000e+01   
365     1.03466746e-06   -1.49903689e+01  5.99947368e+00   1.20000000e+01   
366     1.03476746e-06   -1.49908232e+01  5.99949851e+00   1.20000000e+01   
367     1.03486746e-06   -1.49912562e+01  5.99952216e+00   1.20000000e+01   
368     1.03496746e-06   -1.49916687e+01  5.99954471e+00   1.20000000e+01   
369     1.03506746e-06   -1.49920618e+01  5.99956619e+00   1.20000000e+01   
370     1.03516746e-06   -1.49924363e+01  5.99958665e+00   1.20000000e+01   
371     1.03526746e-06   -1.49927932e+01  5.99960616e+00   1.20000000e+01   
372     1.03536746e-06   -1.49931332e+01  5.99962474e+00   1.20000000e+01   
373     1.03546746e-06   -1.49934572e+01  5.99964244e+00   1.20000000e+01   
374     1.03556746e-06   -1.49937659e+01  5.99965931e+00   1.20000000e+01   
375     1.03566746e-06   -1.49940600e+01  5.99967539e+00   1.20000000e+01   
376     1.03576746e-06   -1.49943403e+01  5.99969070e+00   1.20000000e+01   
377     1.03586746e-06   -1.49946073e+01  5.99970530e+00   1.20000000e+01   
378     1.03596746e-06   -1.49948617e+01  5.99971920e+00   1.20000000e+01   
379     1.03606746e-06   -1.49951042e+01  5.99973245e+00   1.20000000e+01   
380     1.03616746e-06   -1.49953352e+01  5.99974507e+00   1.20000000e+01   
381     1.03626746e-06   -1.49955553e+01  5.99975710e+00   1.20000000e+01   
382     1.03636746e-06   -1.49957650e+01  5.99976856e+00   1.20000000e+01   
383     1.03646746e-06   -1.49959648e+01  5.99977948e+00   1.20000000e+01   
384     1.03656746e-06   -1.49961552e+01  5.99978989e+00   1.20000000e+01   
385     1.03666746e-06   -1.49963366e+01  5.99979980e+00   1.20000000e+01   
386     1.03676746e-06   -1.49965095e+01  5.99980925e+00   1.20000000e+01   
387     1.03686746e-06   -1.49966742e+01  5.99981825e+00   1.20000000e+01   
388     1.03696746e-06   -1.49968311e+01  5.99982682e+00   1.20000000e+01   
389     1.03706746e-06   -1.49969806e+01  5.99983499e+00   1.20000000e+01   
390     1.03716746e-06   -1.49971231e+01  5.99984278e+00   1.20000000e+01   
391     1.03726746e-06   -1.49972588e+01  5.99985020e+00   1.20000000e+01   
392     1.03736746e-06   -1.49973882e+01  5.99985727e+00   1.20000000e+01   
393     1.03746746e-06   -1.49975114e+01  5.99986400e+00   1.20000000e+01   
394     1.03756746e-06   -1.49976289e+01  5.99987042e+00   1.20000000e+01   
395     1.03766746e-06   -1.49977407e+01  5.99987653e+00   1.20000000e+01   
396     1.03776746e-06   -1.49978473e+01  5.99988236e+00   1.20000000e+01   
397     1.03786746e-06   -1.49979489e+01  5.99988791e+00   1.20000000e+01   
398     1.03796746e-06   -1.49980457e+01  5.99989320e+00   1.20000000e+01   
399     1.03806746e-06   -1.49981379e+01  5.99989824e+00   1.20000000e+01   
400     1.03816746e-06   -1.49982258e+01  5.99990304e+00   1.20000000e+01   
401     1.03826746e-06   -1.49983095e+01  5.99990762e+00   1.20000000e+01   
402     1.03836746e-06   -1.49983893e+01  5.99991197e+00   1.20000000e+01   
403     1.03846746e-06   -1.49984653e+01  5.99991613e+00   1.20000000e+01   
404     1.03856746e-06   -1.49985377e+01  5.99992009e+00   1.20000000e+01   
405     1.03866746e-06   -1.49986067e+01  5.99992386e+00   1.20000000e+01   
406     1.03876746e-06   -1.49986724e+01  5.99992745e+00   1.20000000e+01   
407     1.03886746e-06   -1.49987351e+01  5.99993087e+00   1.20000000e+01   
408     1.03896746e-06   -1.49987948e+01  5.99993413e+00   1.20000000e+01   
409     1.03906746e-06   -1.49988516e+01  5.99993724e+00   1.20000000e+01   
410     1.03916746e-06   -1.49989058e+01  5.99994020e+00   1.20000000e+01   
411     1.03926746e-06   -1.49989575e+01  5.99994303e+00   1.20000000e+01   
412     1.03936746e-06   -1.49990067e+01  5.99994571e+00   1.20000000e+01   
413     1.03946746e-06   -1.49990535e+01  5.99994828e+00   1.20000000e+01   
414     1.03956746e-06   -1.49990982e+01  5.99995072e+00   1.20000000e+01   
415     1.03966746e-06   -1.49991407e+01  5.99995304e+00   1.20000000e+01   
416     1.03976746e-06   -1.49991813e+01  5.99995526e+00   1.20000000e+01   
417     1.03986746e-06   -1.49992199e+01  5.99995737e+00   1.20000000e+01   
418     1.03996746e-06   -1.49992567e+01  5.99995938e+00   1.20000000e+01   
419     1.04006746e-06   -1.49992918e+01  5.99996130e+00   1.20000000e+01   
420     1.04016746e-06   -1.49993252e+01  5.99996312e+00   1.20000000e+01   
421     1.04026746e-06   -1.49993571e+01  5.99996486e+00   1.20000000e+01   
422     1.04036746e-06   -1.49993874e+01  5.99996652e+00   1.20000000e+01   
423     1.04046746e-06   -1.49994163e+01  5.99996810e+00   1.20000000e+01   
424     1.04056746e-06   -1.49994438e+01  5.99996961e+00   1.20000000e+01   
425     1.04066746e-06   -1.49994701e+01  5.99997104e+00   1.20000000e+01   
426     1.04076746e-06   -1.49994951e+01  5.99997241e+00   1.20000000e+01   
427     1.04086746e-06   -1.49995189e+01  5.99997371e+00   1.20000000e+01   
428     1.04096746e-06   -1.49995416e+01  5.99997495e+00   1.20000000e+01   
429     1.04106746e-06   -1.49995632e+01  5.99997613e+00   1.20000000e+01   
430     1.04116746e-06   -1.49995839e+01  5.99997726e+00   1.20000000e+01   
431     1.04126746e-06   -1.49996035e+01  5.99997833e+00   1.20000000e+01   
432     1.04136746e-06   -1.49996222e+01  5.99997935e+00   1.20000000e+01   
433     1.04146746e-06   -1.49996400e+01  5.99998033e+00   1.20000000e+01   
434     1.04156746e-06   -1.49996570e+01  5.99998126e+00   1.20000000e+01   
435     1.04166746e-06   -1.49996732e+01  5.99998214e+00   1.20000000e+01   
436     1.04176746e-06   -1.49996886e+01  5.99998298e+00   1.20000000e+01   
437     1.04186746e-06   -1.49997033e+01  5.99998379e+00   1.20000000e+01   
438     1.04196746e-06   -1.49997173e+01  5.99998455e+00   1.20000000e+01   
439     1.04206746e-06   -1.49997307e+01  5.99998528e+00   1.20000000e+01   
440     1.04216746e-06   -1.49997434e+01  5.99998597e+00   1.20000000e+01   
441     1.04226746e-06   -1.49997555e+01  5.99998664e+00   1.20000000e+01   
442     1.04236746e-06   -1.49997670e+01  5.99998727e+00   1.20000000e+01   
443     1.04246746e-06   -1.49997780e+01  5.99998787e+00   1.20000000e+01   
444     1.04256746e-06   -1.49997885e+01  5.99998844e+00   1.20000000e+01   
445     1.04266746e-06   -1.49997985e+01  5.99998899e+00   1.20000000e+01   
446     1.04276746e-06   -1.49998080e+01  5.99998951e+00   1.20000000e+01   
447     1.04286746e-06   -1.49998170e+01  5.99999000e+00   1.20000000e+01   
448     1.04296746e-06   -1.49998257e+01  5.99999047e+00   1.20000000e+01   
449     1.04306746e-06   -1.49998339e+01  5.99999092e+00   1.20000000e+01   
450     1.04316746e-06   -1.49998417e+01  5.99999135e+00   1.20000000e+01   
451     1.04326746e-06   -1.49998492e+01  5.99999176e+00   1.20000000e+01   
452     1.04336746e-06   -1.49998563e+01  5.99999215e+00   1.20000000e+01   
453     1.04346746e-06   -1.49998631e+01  5.99999252e+00   1.20000000e+01   
454     1.04356746e-06   -1.49998696e+01  5.99999287e+00   1.20000000e+01   
455     1.04366746e-06   -1.49998757e+01  5.99999321e+00   1.20000000e+01   
456     1.04376746e-06   -1.49998816e+01  5.99999353e+00   1.20000000e+01   
457     1.04386746e-06   -1.49998872e+01  5.99999383e+00   1.20000000e+01   
458     1.04396746e-06   -1.49998925e+01  5.99999412e+00   1.20000000e+01   
459     1.04406746e-06   -1.49998976e+01  5.99999440e+00   1.20000000e+01   
460     1.04416746e-06   -1.49999024e+01  5.99999467e+00   1.20000000e+01   
461     1.04426746e-06   -1.49999070e+01  5.99999492e+00   1.20000000e+01   
462     1.04436746e-06   -1.49999114e+01  5.99999516e+00   1.20000000e+01   
463     1.04446746e-06   -1.49999156e+01  5.99999539e+00   1.20000000e+01   
464     1.04456746e-06   -1.49999195e+01  5.99999560e+00   1.20000000e+01   
465     1.04466746e-06   -1.49999233e+01  5.99999581e+00   1.20000000e+01   
466     1.04476746e-06   -1.49999270e+01  5.99999601e+00   1.20000000e+01   
467     1.04486746e-06   -1.49999304e+01  5.99999620e+00   1.20000000e+01   
468     1.04496746e-06   -1.49999337e+01  5.99999638e+00   1.20000000e+01   
469     1.04506746e-06   -1.49999368e+01  5.99999655e+00   1.20000000e+01   
470     1.04516746e-06   -1.49999398e+01  5.99999671e+00   1.20000000e+01   
471     1.04526746e-06   -1.49999426e+01  5.99999687e+00   1.20000000e+01   
472     1.04536746e-06   -1.49999453e+01  5.99999701e+00   1.20000000e+01   
473     1.04546746e-06   -1.49999479e+01  5.99999715e+00   1.20000000e+01   
474     1.04556746e-06   -1.49999504e+01  5.99999729e+00   1.20000000e+01   
475     1.04566746e-06   -1.49999527e+01  5.99999742e+00   1.20000000e+01   
476     1.04576746e-06   -1.49999550e+01  5.99999754e+00   1.20000000e+01   
477     1.04586746e-06   -1.49999571e+01  5.99999765e+00   1.20000000e+01   
478     1.04596746e-06   -1.49999591e+01  5.99999776e+00   1.20000000e+01   
479     1.04606746e-06   -1.49999610e+01  5.99999787e+00   1.20000000e+01   
480     1.04616746e-06   -1.49999629e+01  5.99999797e+00   1.20000000e+01   
481     1.04626746e-06   -1.49999646e+01  5.99999807e+00   1.20000000e+01   
482     1.04636746e-06   -1.49999663e+01  5.99999816e+00   1.20000000e+01   
483     1.04646746e-06   -1.49999679e+01  5.99999824e+00   1.20000000e+01   
484     1.04656746e-06   -1.49999694e+01  5.99999833e+00   1.20000000e+01   
485     1.04666746e-06   -1.49999708e+01  5.99999841e+00   1.20000000e+01   
486     1.04676746e-06   -1.49999722e+01  5.99999848e+00   1.20000000e+01   
487     1.04686746e-06   -1.49999735e+01  5.99999855e+00   1.20000000e+01   
488     1.04696746e-06   -1.49999748e+01  5.99999862e+00   1.20000000e+01   
489     1.04706746e-06   -1.49999760e+01  5.99999869e+00   1.20000000e+01   
490     1.04716746e-06   -1.49999771e+01  5.99999875e+00   1.20000000e+01   
491     1.04726746e-06   -1.49999782e+01  5.99999881e+00   1.20000000e+01   
492     1.04736746e-06   -1.49999792e+01  5.99999886e+00   1.20000000e+01   
493     1.04746746e-06   -1.49999802e+01  5.99999892e+00   1.20000000e+01   
494     1.04756746e-06   -1.49999811e+01  5.99999897e+00   1.20000000e+01   
495     1.04766746e-06   -1.49999820e+01  5.99999902e+00   1.20000000e+01   
496     1.04776746e-06   -1.49999829e+01  5.99999906e+00   1.20000000e+01   
497     1.04786746e-06   -1.49999837e+01  5.99999911e+00   1.20000000e+01   
498     1.04796746e-06   -1.49999844e+01  5.99999915e+00   1.20000000e+01   
499     1.04806746e-06   -1.49999852e+01  5.99999919e+00   1.20000000e+01   
500     1.04816746e-06   -1.49999859e+01  5.99999923e+00   1.20000000e+01   
501     1.04826746e-06   -1.49999865e+01  5.99999926e+00   1.20000000e+01   
502     1.04836746e-06   -1.49999872e+01  5.99999930e+00   1.20000000e+01   
503     1.04846746e-06   -1.49999878e+01  5.99999933e+00   1.20000000e+01   
504     1.04856746e-06   -1.49999884e+01  5.99999936e+00   1.20000000e+01   
505     1.04866746e-06   -1.49999889e+01  5.99999939e+00   1.20000000e+01   
506     1.04876746e-06   -1.49999894e+01  5.99999942e+00   1.20000000e+01   
507     1.04886746e-06   -1.49999899e+01  5.99999945e+00   1.20000000e+01   
508     1.04896746e-06   -1.49999904e+01  5.99999948e+00   1.20000000e+01   
509     1.04906746e-06   -1.49999909e+01  5.99999950e+00   1.20000000e+01   
510     1.04916746e-06   -1.49999913e+01  5.99999952e+00   1.20000000e+01   
511     1.04926746e-06   -1.49999917e+01  5.99999955e+00   1.20000000e+01   
512     1.04936746e-06   -1.49999921e+01  5.99999957e+00   1.20000000e+01   
513     1.04946746e-06   -1.49999925e+01  5.99999959e+00   1.20000000e+01   
514     1.04956746e-06   -1.49999928e+01  5.99999961e+00   1.20000000e+01   
515     1.04966746e-06   -1.49999932e+01  5.99999963e+00   1.20000000e+01   
516     1.04976746e-06   -1.49999935e+01  5.99999964e+00   1.20000000e+01   
517     1.04986746e-06   -1.49999938e+01  5.99999966e+00   1.20000000e+01   
518     1.04996746e-06   -1.49999941e+01  5.99999968e+00   1.20000000e+01   
519     1.05006746e-06   -1.49999944e+01  5.99999969e+00   1.20000000e+01   
520     1.05016746e-06   -1.49999946e+01  5.99999971e+00   1.20000000e+01   
521     1.05026746e-06   -1.49999949e+01  5.99999972e+00   1.20000000e+01   
522     1.05036746e-06   -1.49999951e+01  5.99999973e+00   1.20000000e+01   
523     1.05046746e-06   -1.49999953e+01  5.99999975e+00   1.20000000e+01   
524     1.05056746e-06   -1.49999956e+01  5.99999976e+00   1.20000000e+01   
525     1.05066746e-06   -1.49999958e+01  5.99999977e+00   1.20000000e+01   
526     1.05076746e-06   -1.49999960e+01  5.99999978e+00   1.20000000e+01   
527     1.05086746e-06   -1.49999962e+01  5.99999979e+00   1.20000000e+01   
528     1.05096746e-06   -1.49999963e+01  5.99999980e+00   1.20000000e+01   
529     1.05106746e-06   -1.49999965e+01  5.99999981e+00   1.20000000e+01   
530     1.05116746e-06   -1.49999967e+01  5.99999982e+00   1.20000000e+01   
531     1.05126746e-06   -1.49999968e+01  5.99999983e+00   1.20000000e+01   
532     1.05136746e-06   -1.49999970e+01  5.99999984e+00   1.20000000e+01   
533     1.05146746e-06   -1.49999971e+01  5.99999984e+00   1.20000000e+01   
534     1.05156746e-06   -1.49999973e+01  5.99999985e+00   1.20000000e+01   
535     1.05166746e-06   -1.49999974e+01  5.99999986e+00   1.20000000e+01   
536     1.05176746e-06   -1.49999975e+01  5.99999986e+00   1.20000000e+01   
537     1.05186746e-06   -1.49999976e+01  5.99999987e+00   1.20000000e+01   
538     1.05196746e-06   -1.49999977e+01  5.99999988e+00   1.20000000e+01   
539     1.05206746e-06   -1.49999978e+01  5.99999988e+00   1.20000000e+01   
540     1.05216746e-06   -1.49999979e+01  5.99999989e+00   1.20000000e+01   
541     1.05226746e-06   -1.49999980e+01  5.99999989e+00   1.20000000e+01   
542     1.05236746e-06   -1.49999981e+01  5.99999990e+00   1.20000000e+01   
543     1.05246746e-06   -1.49999982e+01  5.99999990e+00   1.20000000e+01   
544     1.05256746e-06   -1.49999983e+01  5.99999991e+00   1.20000000e+01   
545     1.05266746e-06   -1.49999984e+01  5.99999991e+00   1.20000000e+01   
546     1.05276746e-06   -1.49999985e+01  5.99999992e+00   1.20000000e+01   
547     1.05286746e-06   -1.49999985e+01  5.99999992e+00   1.20000000e+01   
548     1.05296746e-06   -1.49999986e+01  5.99999992e+00   1.20000000e+01   
549     1.05306746e-06   -1.49999987e+01  5.99999993e+00   1.20000000e+01   
550     1.05316746e-06   -1.49999987e+01  5.99999993e+00   1.20000000e+01   
551     1.05326746e-06   -1.49999988e+01  5.99999993e+00   1.20000000e+01   
552     1.05336746e-06   -1.49999988e+01  5.99999994e+00   1.20000000e+01   
553     1.05346746e-06   -1.49999989e+01  5.99999994e+00   1.20000000e+01   
554     1.05356746e-06   -1.49999990e+01  5.99999994e+00   1.20000000e+01   
555     1.05366746e-06   -1.49999990e+01  5.99999995e+00   1.20000000e+01   
556     1.05376746e-06   -1.49999990e+01  5.99999995e+00   1.20000000e+01   
557     1.05386746e-06   -1.49999991e+01  5.99999995e+00   1.20000000e+01   
558     1.05396746e-06   -1.49999991e+01  5.99999995e+00   1.20000000e+01   
559     1.05406746e-06   -1.49999992e+01  5.99999995e+00   1.20000000e+01   
560     1.05416746e-06   -1.49999992e+01  5.99999996e+00   1.20000000e+01   
561     1.05426746e-06   -1.49999992e+01  5.99999996e+00   1.20000000e+01   
562     1.05436746e-06   -1.49999993e+01  5.99999996e+00   1.20000000e+01   
563     1.05446746e-06   -1.49999993e+01  5.99999996e+00   1.20000000e+01   
564     1.05456746e-06   -1.49999993e+01  5.99999996e+00   1.20000000e+01   
565     1.05466746e-06   -1.49999994e+01  5.99999997e+00   1.20000000e+01   
566     1.05476746e-06   -1.49999994e+01  5.99999997e+00   1.20000000e+01   
567     1.05486746e-06   -1.49999994e+01  5.99999997e+00   1.20000000e+01   
568     1.05496746e-06   -1.49999995e+01  5.99999997e+00   1.20000000e+01   
569     1.05506746e-06   -1.49999995e+01  5.99999997e+00   1.20000000e+01   
570     1.05516746e-06   -1.49999995e+01  5.99999997e+00   1.20000000e+01   
571     1.05526746e-06   -1.49999995e+01  5.99999997e+00   1.20000000e+01   
572     1.05536746e-06   -1.49999996e+01  5.99999998e+00   1.20000000e+01   
573     1.05546746e-06   -1.49999996e+01  5.99999998e+00   1.20000000e+01   
574     1.05556746e-06   -1.49999996e+01  5.99999998e+00   1.20000000e+01   
575     1.05566746e-06   -1.49999996e+01  5.99999998e+00   1.20000000e+01   
576     1.05576746e-06   -1.49999996e+01  5.99999998e+00   1.20000000e+01   
577     1.05586746e-06   -1.49999996e+01  5.99999998e+00   1.20000000e+01   
578     1.05596746e-06   -1.49999997e+01  5.99999998e+00   1.20000000e+01   
579     1.05606746e-06   -1.49999997e+01  5.99999998e+00   1.20000000e+01   
580     1.05616746e-06   -1.49999997e+01  5.99999998e+00   1.20000000e+01   
581     1.05626746e-06   -1.49999997e+01  5.99999998e+00   1.20000000e+01   
582     1.05636746e-06   -1.49999997e+01  5.99999998e+00   1.20000000e+01   
583     1.05646746e-06   -1.49999997e+01  5.99999999e+00   1.20000000e+01   
584     1.05656746e-06   -1.49999997e+01  5.99999999e+00   1.20000000e+01   
585     1.05666746e-06   -1.49999998e+01  5.99999999e+00   1.20000000e+01   
586     1.05676746e-06   -1.49999998e+01  5.99999999e+00   1.20000000e+01   
587     1.05686746e-06   -1.49999998e+01  5.99999999e+00   1.20000000e+01   
588     1.05696746e-06   -1.49999998e+01  5.99999999e+00   1.20000000e+01   
589     1.05706746e-06   -1.49999998e+01  5.99999999e+00   1.20000000e+01   
590     1.05716746e-06   -1.49999998e+01  5.99999999e+00   1.20000000e+01   
591     1.05726746e-06   -1.49999998e+01  5.99999999e+00   1.20000000e+01   
592     1.05736746e-06   -1.49999998e+01  5.99999999e+00   1.20000000e+01   
593     1.05746746e-06   -1.49999998e+01  5.99999999e+00   1.20000000e+01   
594     1.05756746e-06   -1.49999998e+01  5.99999999e+00   1.20000000e+01   
595     1.05766746e-06   -1.49999998e+01  5.99999999e+00   1.20000000e+01   
596     1.05776746e-06   -1.49999999e+01  5.99999999e+00   1.20000000e+01   
597     1.05786746e-06   -1.49999999e+01  5.99999999e+00   1.20000000e+01   
598     1.05796746e-06   -1.49999999e+01  5.99999999e+00   1.20000000e+01   
599     1.05806746e-06   -1.49999999e+01  5.99999999e+00   1.20000000e+01   
600     1.05816746e-06   -1.49999999e+01  5.99999999e+00   1.20000000e+01   
601     1.05826746e-06   -1.49999999e+01  5.99999999e+00   1.20000000e+01   
602     1.05836746e-06   -1.49999999e+01  5.99999999e+00   1.20000000e+01   
603     1.05846746e-06   -1.49999999e+01  5.99999999e+00   1.20000000e+01   
604     1.05856746e-06   -1.49999999e+01  5.99999999e+00   1.20000000e+01   
605     1.05866746e-06   -1.49999999e+01  5.99999999e+00   1.20000000e+01   
606     1.05876746e-06   -1.49999999e+01  5.99999999e+00   1.20000000e+01   
607     1.05886746e-06   -1.49999999e+01  5.99999999e+00   1.20000000e+01   
608     1.05896746e-06   -1.49999999e+01  6.00000000e+00   1.20000000e+01   
609     1.05906746e-06   -1.49999999e+01  6.00000000e+00   1.20000000e+01   
610     1.05916746e-06   -1.49999999e+01  6.00000000e+00   1.20000000e+01   
611     1.05926746e-06   -1.49999999e+01  6.00000000e+00   1.20000000e+01   
612     1.05936746e-06   -1.49999999e+01  6.00000000e+00   1.20000000e+01   
613     1.05946746e-06   -1.49999999e+01  6.00000000e+00   1.20000000e+01   
614     1.05956746e-06   -1.49999999e+01  6.00000000e+00   1.20000000e+01   
615     1.05966746e-06   -1.49999999e+01  6.00000000e+00   1.20000000e+01   
616     1.05976746e-06   -1.49999999e+01  6.00000000e+00   1.20000000e+01   
617     1.05986746e-06   -1.49999999e+01  6.00000000e+00   1.20000000e+01   
618     1.05996746e-06   -1.49999999e+01  6.00000000e+00   1.20000000e+01   
619     1.06006746e-06   -1.49999999e+01  6.00000000e+00   1.20000000e+01   
620     1.06016746e-06   -1.49999999e+01  6.00000000e+00   1.20000000e+01   
621     1.06026746e-06   -1.49999999e+01  6.00000000e+00   1.20000000e+01   
622     1.06036746e-06   -1.50000000e+01  6.00000000e+00   1.20000000e+01   
623     1.06046746e-06   -1.50000000e+01  6.00000000e+00   1.20000000e+01   
624     1.06056746e-06   -1.50000000e+01  6.00000000e+00   1.20000000e+01   
625     1.06066746e-06   -1.50000000e+01  6.00000000e+00   1.20000000e+01   
626     1.06076746e-06   -1.50000000e+01  6.00000000e+00   1.20000000e+01   
627     1.06086746e-06   -1.50000000e+01  6.00000000e+00   1.20000000e+01   
628     1.06096746e-06   -1.50000000e+01  6.00000000e+00   1.20000000e+01   
629     1.06106746e-06   -1.50000000e+01  6.00000000e+00   1.20000000e+01   
630     1.06116746e-06   -1.50000000e+01  6.00000000e+00   1.20000000e+01   
631     1.06126746e-06   -1.50000000e+01  6.00000000e+00   1.20000000e+01   
632     1.06136746e-06   -1.50000000e+01  6.00000000e+00   1.20000000e+01   
633     1.06146746e-06   -1.50000000e+01  6.00000000e+00   1.20000000e+01   
634     1.06156746e-06   -1.50000000e+01  6.00000000e+00   1.20000000e+01   
635     1.06166746e-06   -1.50000000e+01  6.00000000e+00   1.20000000e+01   
636     1.06176746e-06   -1.50000000e+01  6.00000000e+00   1.20000000e+01   
637     1.06186746e-06   -1.50000000e+01  6.00000000e+00   1.20000000e+01   
638     1.06196746e-06   -1.50000000e+01  6.00000000e+00   1.20000000e+01   
639     1.06206746e-06   -1.50000000e+01  6.00000000e+00   1.20000000e+01   
640     1.06216746e-06   -1.50000000e+01  6.00000000e+00   1.20000000e+01   
641     1.06226746e-06   -1.50000000e+01  6.00000000e+00   1.20000000e+01   
642     1.06236746e-06   -1.50000000e+01  6.00000000e+00   1.20000000e+01   
643     1.06246746e-06   -1.50000000e+01  6.00000000e+00   1.20000000e+01   
644     1.06256746e-06   -1.50000000e+01  6.00000000e+00   1.20000000e+01   
645     1.06266746e-06   -1.50000000e+01  6.00000000e+00   1.20000000e+01   
646     1.06276746e-06   -1.50000000e+01  6.00000000e+00   1.20000000e+01   
647     1.06286746e-06   -1.50000000e+01  6.00000000e+00   1.20000000e+01   
648     1.06296746e-06   -1.50000000e+01  6.00000000e+00   1.20000000e+01   
649     1.06306746e-06   -1.50000000e+01  6.00000000e+00   1.20000000e+01   
650     1.06316746e-06   -1.50000000e+01  6.00000000e+00   1.20000000e+01   
651     1.06326746e-06   -1.50000000e+01  6.00000000e+00   1.20000000e+01   
652     1.06336746e-06   -1.50000000e+01  6.00000000e+00   1.20000000e+01   
653     1.06346746e-06   -1.50000000e+01  6.00000000e+00   1.20000000e+01   
654     1.06356746e-06   -1.50000000e+01  6.00000000e+00   1.20000000e+01   
655     1.06366746e-06   -1.50000000e+01  6.00000000e+00   1.20000000e+01   
656     1.06376746e-06   -1.50000000e+01  6.00000000e+00   1.20000000e+01   
657     1.06386746e-06   -1.50000000e+01  6.00000000e+00   1.20000000e+01   
658     1.06396746e-06   -1.50000000e+01  6.00000000e+00   1.20000000e+01   
659     1.06406746e-06   -1.50000000e+01  6.00000000e+00   1.20000000e+01   
660     1.06416746e-06   -1.50000000e+01  6.00000000e+00   1.20000000e+01   
661     1.06426746e-06   -1.50000000e+01  6.00000000e+00   1.20000000e+01   
662     1.06436746e-06   -1.50000000e+01  6.00000000e+00   1.20000000e+01   
663     1.06446746e-06   -1.50000000e+01  6.00000000e+00   1.20000000e+01   
664     1.06456746e-06   -1.50000000e+01  6.00000000e+00   1.20000000e+01   
665     1.06466746e-06   -1.50000000e+01  6.00000000e+00   1.20000000e+01   
666     1.06476746e-06   -1.50000000e+01  6.00000000e+00   1.20000000e+01   
667     1.06486746e-06   -1.50000000e+01  6.00000000e+00   1.20000000e+01   
668     1.06496746e-06   -1.50000000e+01  6.00000000e+00   1.20000000e+01   
669     1.06506746e-06   -1.50000000e+01  6.00000000e+00   1.20000000e+01   
670     1.06516746e-06   -1.50000000e+01  6.00000000e+00   1.20000000e+01   
671     1.06526746e-06   -1.50000000e+01  6.00000000e+00   1.20000000e+01   
672     1.06536746e-06   -1.50000000e+01  6.00000000e+00   1.20000000e+01   
673     1.06546746e-06   -1.50000000e+01  6.00000000e+00   1.20000000e+01   
674     1.06556746e-06   -1.50000000e+01  6.00000000e+00   1.20000000e+01   
675     1.06566746e-06   -1.50000000e+01  6.00000000e+00   1.20000000e+01   
676     1.06576746e-06   -1.50000000e+01  6.00000000e+00   1.20000000e+01   
677     1.06586746e-06   -1.50000000e+01  6.00000000e+00   1.20000000e+01   
678     1.06596746e-06   -1.50000000e+01  6.00000000e+00   1.20000000e+01   
679     1.06606746e-06   -1.50000000e+01  6.00000000e+00   1.20000000e+01   
680     1.06616746e-06   -1.50000000e+01  6.00000000e+00   1.20000000e+01   
681     1.06626746e-06   -1.50000000e+01  6.00000000e+00   1.20000000e+01   
682     1.06636746e-06   -1.50000000e+01  6.00000000e+00   1.20000000e+01   
683     1.06646746e-06   -1.50000000e+01  6.00000000e+00   1.20000000e+01   
684     1.06656746e-06   -1.50000000e+01  6.00000000e+00   1.20000000e+01   
685     1.06666746e-06   -1.50000000e+01  6.00000000e+00   1.20000000e+01   
686     1.06676746e-06   -1.50000000e+01  6.00000000e+00   1.20000000e+01   
687     1.06686746e-06   -1.50000000e+01  6.00000000e+00   1.20000000e+01   
688     1.06696746e-06   -1.50000000e+01  6.00000000e+00   1.20000000e+01   
689     1.06706746e-06   -1.50000000e+01  6.00000000e+00   1.20000000e+01   
690     1.06716746e-06   -1.50000000e+01  6.00000000e+00   1.20000000e+01   
691     1.06726746e-06   -1.50000000e+01  6.00000000e+00   1.20000000e+01   
692     1.06736746e-06   -1.50000000e+01  6.00000000e+00   1.20000000e+01   
693     1.06746746e-06   -1.50000000e+01  6.00000000e+00   1.20000000e+01   
694     1.06756746e-06   -1.50000000e+01  6.00000000e+00   1.20000000e+01   
695     1.06766746e-06   -1.50000000e+01  6.00000000e+00   1.20000000e+01   
696     1.06776746e-06   -1.50000000e+01  6.00000000e+00   1.20000000e+01   
697     1.06786746e-06   -1.50000000e+01  6.00000000e+00   1.20000000e+01   
698     1.06796746e-06   -1.50000000e+01  6.00000000e+00   1.20000000e+01   
699     1.06806746e-06   -1.50000000e+01  6.00000000e+00   1.20000000e+01   
700     1.06816746e-06   -1.50000000e+01  6.00000000e+00   1.20000000e+01   
701     1.06826746e-06   -1.50000000e+01  6.00000000e+00   1.20000000e+01   
702     1.06836746e-06   -1.50000000e+01  6.00000000e+00   1.20000000e+01   
703     1.06846746e-06   -1.50000000e+01  6.00000000e+00   1.20000000e+01   
704     1.06856746e-06   -1.50000000e+01  6.00000000e+00   1.20000000e+01   
705     1.06866746e-06   -1.50000000e+01  6.00000000e+00   1.20000000e+01   
706     1.06876746e-06   -1.50000000e+01  6.00000000e+00   1.20000000e+01   
707     1.06886746e-06   -1.50000000e+01  6.00000000e+00   1.20000000e+01   
708     1.06896746e-06   -1.50000000e+01  6.00000000e+00   1.20000000e+01   
709     1.06906746e-06   -1.50000000e+01  6.00000000e+00   1.20000000e+01   
710     1.06916746e-06   -1.50000000e+01  6.00000000e+00   1.20000000e+01   
711     1.06926746e-06   -1.50000000e+01  6.00000000e+00   1.20000000e+01   
712     1.06936746e-06   -1.50000000e+01  6.00000000e+00   1.20000000e+01   
713     1.06946746e-06   -1.50000000e+01  6.00000000e+00   1.20000000e+01   
714     1.06956746e-06   -1.50000000e+01  6.00000000e+00   1.20000000e+01   
715     1.06966746e-06   -1.50000000e+01  6.00000000e+00   1.20000000e+01   
716     1.06976746e-06   -1.50000000e+01  6.00000000e+00   1.20000000e+01   
717     1.06986746e-06   -1.50000000e+01  6.00000000e+00   1.20000000e+01   
718     1.06996746e-06   -1.50000000e+01  6.00000000e+00   1.20000000e+01   
719     1.07000000e-06   -1.50000000e+01  6.00000000e+00   1.20000000e+01   
End of Xyce(TM) Simulation
