Index       TIME           {V(1)+6.0}     {NINT(V(1)+6.0)} 
0        0.00000000e+00    6.00000000e+00    6.00000000e+00
1        1.00000000e-09    6.00003142e+00    6.00000000e+00
2        3.00000000e-09    6.00009425e+00    6.00000000e+00
3        7.00000000e-09    6.00021991e+00    6.00000000e+00
4        1.50000000e-08    6.00047124e+00    6.00000000e+00
5        3.10000000e-08    6.00097389e+00    6.00000000e+00
6        6.30000000e-08    6.00197920e+00    6.00000000e+00
7        1.27000000e-07    6.00398982e+00    6.00000000e+00
8        2.55000000e-07    6.00801106e+00    6.00000000e+00
9        5.11000000e-07    6.01605351e+00    6.00000000e+00
10       1.02300000e-06    6.03213827e+00    6.00000000e+00
11       2.04700000e-06    6.06430663e+00    6.00000000e+00
12       4.09500000e-06    6.12863403e+00    6.00000000e+00
13       8.19100000e-06    6.25721427e+00    6.00000000e+00
14       1.22870000e-05    6.38562416e+00    6.00000000e+00
15       1.63830000e-05    6.51377866e+00    7.00000000e+00
16       2.04790000e-05    6.64159288e+00    7.00000000e+00
17       2.45750000e-05    6.76898217e+00    7.00000000e+00
18       2.86710000e-05    6.89586216e+00    7.00000000e+00
19       3.27670000e-05    7.02214882e+00    7.00000000e+00
20       3.68630000e-05    7.14775851e+00    7.00000000e+00
21       4.50550000e-05    7.39661472e+00    7.00000000e+00
22       5.32470000e-05    7.64177161e+00    8.00000000e+00
23       6.14390000e-05    7.88257984e+00    8.00000000e+00
24       6.96310000e-05    8.11840156e+00    8.00000000e+00
25       7.78230000e-05    8.34861212e+00    8.00000000e+00
26       8.60150000e-05    8.57260176e+00    9.00000000e+00
27       9.42070000e-05    8.78977717e+00    9.00000000e+00
28       1.02399000e-04    8.99956312e+00    9.00000000e+00
29       1.10591000e-04    9.20140392e+00    9.00000000e+00
30       1.18783000e-04    9.39476495e+00    9.00000000e+00
31       1.26975000e-04    9.57913403e+00    1.00000000e+01
32       1.35167000e-04    9.75402283e+00    1.00000000e+01
33       1.43359000e-04    9.91896809e+00    1.00000000e+01
34       1.51551000e-04    1.00735329e+01    1.00000000e+01
35       1.59743000e-04    1.02173079e+01    1.00000000e+01
36       1.67935000e-04    1.03499122e+01    1.00000000e+01
37       1.76127000e-04    1.04709947e+01    1.00000000e+01
38       1.84319000e-04    1.05802345e+01    1.10000000e+01
39       1.92511000e-04    1.06773423e+01    1.10000000e+01
40       2.00703000e-04    1.07620609e+01    1.10000000e+01
41       2.08895000e-04    1.08341660e+01    1.10000000e+01
42       2.17087000e-04    1.08934665e+01    1.10000000e+01
43       2.25279000e-04    1.09398053e+01    1.10000000e+01
44       2.33471000e-04    1.09730597e+01    1.10000000e+01
45       2.41663000e-04    1.09931416e+01    1.10000000e+01
46       2.49855000e-04    1.09999979e+01    1.10000000e+01
47       2.58047000e-04    1.09936104e+01    1.10000000e+01
48       2.66239000e-04    1.09739959e+01    1.10000000e+01
49       2.74431000e-04    1.09412065e+01    1.10000000e+01
50       2.82623000e-04    1.08953290e+01    1.10000000e+01
51       2.90815000e-04    1.08364849e+01    1.10000000e+01
52       2.99007000e-04    1.07648301e+01    1.10000000e+01
53       3.07199000e-04    1.06805543e+01    1.10000000e+01
54       3.15391000e-04    1.05838809e+01    1.10000000e+01
55       3.23583000e-04    1.04750658e+01    1.00000000e+01
56       3.31775000e-04    1.03543973e+01    1.00000000e+01
57       3.39967000e-04    1.02221950e+01    1.00000000e+01
58       3.48159000e-04    1.00788092e+01    1.00000000e+01
59       3.56351000e-04    9.92461947e+00    1.00000000e+01
60       3.64543000e-04    9.76003438e+00    1.00000000e+01
61       3.72735000e-04    9.58548983e+00    1.00000000e+01
62       3.80927000e-04    9.40144816e+00    9.00000000e+00
63       3.89119000e-04    9.20839684e+00    9.00000000e+00
64       3.97311000e-04    9.00684722e+00    9.00000000e+00
65       4.05503000e-04    8.79733317e+00    9.00000000e+00
66       4.13695000e-04    8.58040964e+00    9.00000000e+00
67       4.21887000e-04    8.35665120e+00    8.00000000e+00
68       4.30079000e-04    8.12665054e+00    8.00000000e+00
69       4.38271000e-04    7.89101688e+00    8.00000000e+00
70       4.46463000e-04    7.65037436e+00    8.00000000e+00
71       4.54655000e-04    7.40536038e+00    7.00000000e+00
72       4.62847000e-04    7.15662393e+00    7.00000000e+00
73       4.71039000e-04    6.90482385e+00    7.00000000e+00
74       4.79231000e-04    6.65062711e+00    7.00000000e+00
75       4.87423000e-04    6.39470700e+00    6.00000000e+00
76       4.95615000e-04    6.13774141e+00    6.00000000e+00
77       5.03807000e-04    5.88041097e+00    6.00000000e+00
78       5.11999000e-04    5.62339730e+00    6.00000000e+00
79       5.19356968e-04    5.39338105e+00    5.00000000e+00
80       5.26714935e-04    5.16466114e+00    5.00000000e+00
81       5.34072903e-04    4.93772631e+00    5.00000000e+00
82       5.41430871e-04    4.71306153e+00    5.00000000e+00
83       5.48788838e-04    4.49114689e+00    4.00000000e+00
84       5.56146806e-04    4.27245663e+00    4.00000000e+00
85       5.63504774e-04    4.05745808e+00    4.00000000e+00
86       5.70862741e-04    3.84661067e+00    4.00000000e+00
87       5.78220709e-04    3.64036499e+00    4.00000000e+00
88       5.85578677e-04    3.43916178e+00    3.00000000e+00
89       5.92936644e-04    3.24343099e+00    3.00000000e+00
90       6.00294612e-04    3.05359091e+00    3.00000000e+00
91       6.07652580e-04    2.87004721e+00    3.00000000e+00
92       6.15010547e-04    2.69319213e+00    3.00000000e+00
93       6.22368515e-04    2.52340358e+00    3.00000000e+00
94       6.29726483e-04    2.36104442e+00    2.00000000e+00
95       6.37084450e-04    2.20646158e+00    2.00000000e+00
96       6.44442418e-04    2.05998542e+00    2.00000000e+00
97       6.51800386e-04    1.92192895e+00    2.00000000e+00
98       6.59158353e-04    1.79258719e+00    2.00000000e+00
99       6.66516321e-04    1.67223654e+00    2.00000000e+00
100      6.73874289e-04    1.56113418e+00    2.00000000e+00
101      6.81232256e-04    1.45951753e+00    1.00000000e+00
102      6.88590224e-04    1.36760376e+00    1.00000000e+00
103      6.95948192e-04    1.28558927e+00    1.00000000e+00
104      7.03306159e-04    1.21364933e+00    1.00000000e+00
105      7.10664127e-04    1.15193767e+00    1.00000000e+00
106      7.18022095e-04    1.10058616e+00    1.00000000e+00
107      7.25380062e-04    1.05970455e+00    1.00000000e+00
108      7.32738030e-04    1.02938019e+00    1.00000000e+00
109      7.40095998e-04    1.00967790e+00    1.00000000e+00
110      7.47453966e-04    1.00063976e+00    1.00000000e+00
111      7.54811933e-04    1.00228510e+00    1.00000000e+00
112      7.62169901e-04    1.01461040e+00    1.00000000e+00
113      7.69527869e-04    1.03758932e+00    1.00000000e+00
114      7.76885836e-04    1.07117276e+00    1.00000000e+00
115      7.84243804e-04    1.11528895e+00    1.00000000e+00
116      7.91601772e-04    1.16984361e+00    1.00000000e+00
117      7.98959739e-04    1.23472016e+00    1.00000000e+00
118      8.06317707e-04    1.30977996e+00    1.00000000e+00
119      8.13675675e-04    1.39486262e+00    1.00000000e+00
120      8.21033642e-04    1.48978631e+00    1.00000000e+00
121      8.28391610e-04    1.59434819e+00    2.00000000e+00
122      8.35749578e-04    1.70832480e+00    2.00000000e+00
123      8.43107545e-04    1.83147259e+00    2.00000000e+00
124      8.50465513e-04    1.96352840e+00    2.00000000e+00
125      8.57823481e-04    2.10421001e+00    2.00000000e+00
126      8.65181448e-04    2.25321681e+00    2.00000000e+00
127      8.72539416e-04    2.41023036e+00    2.00000000e+00
128      8.79897384e-04    2.57491514e+00    3.00000000e+00
129      8.87255351e-04    2.74691922e+00    3.00000000e+00
130      8.94613319e-04    2.92587503e+00    3.00000000e+00
131      9.01971287e-04    3.11140015e+00    3.00000000e+00
132      9.09329254e-04    3.30309811e+00    3.00000000e+00
133      9.16687222e-04    3.50055927e+00    4.00000000e+00
134      9.24045190e-04    3.70336165e+00    4.00000000e+00
135      9.31403157e-04    3.91107188e+00    4.00000000e+00
136      9.38761125e-04    4.12324609e+00    4.00000000e+00
137      9.46119093e-04    4.33943085e+00    4.00000000e+00
138      9.53477060e-04    4.55916421e+00    5.00000000e+00
139      9.60835028e-04    4.78197658e+00    5.00000000e+00
140      9.68192996e-04    5.00739183e+00    5.00000000e+00
141      9.75550963e-04    5.23492825e+00    5.00000000e+00
142      9.82908931e-04    5.46409961e+00    5.00000000e+00
143      9.90266899e-04    5.69441616e+00    6.00000000e+00
144      9.97624866e-04    5.92538575e+00    6.00000000e+00
145      1.00290473e-03    6.09124969e+00    6.00000000e+00
146      1.00762141e-03    6.23934219e+00    6.00000000e+00
147      1.01233809e-03    6.38722449e+00    6.00000000e+00
148      1.01705477e-03    6.53476673e+00    7.00000000e+00
149      1.02177146e-03    6.68183933e+00    7.00000000e+00
150      1.02648814e-03    6.82831312e+00    7.00000000e+00
151      1.03120482e-03    6.97405948e+00    7.00000000e+00
152      1.03592150e-03    7.11895040e+00    7.00000000e+00
153      1.04063818e-03    7.26285864e+00    7.00000000e+00
154      1.04535487e-03    7.40565783e+00    7.00000000e+00
155      1.05007155e-03    7.54722254e+00    8.00000000e+00
156      1.05478823e-03    7.68742845e+00    8.00000000e+00
157      1.05950491e-03    7.82615244e+00    8.00000000e+00
158      1.06422159e-03    7.96327268e+00    8.00000000e+00
159      1.06893828e-03    8.09866874e+00    8.00000000e+00
160      1.07365496e-03    8.23222171e+00    8.00000000e+00
161      1.07837164e-03    8.36381432e+00    8.00000000e+00
162      1.08308832e-03    8.49333098e+00    8.00000000e+00
163      1.08780500e-03    8.62065796e+00    9.00000000e+00
164      1.09252168e-03    8.74568344e+00    9.00000000e+00
165      1.09723837e-03    8.86829762e+00    9.00000000e+00
166      1.10195505e-03    8.98839282e+00    9.00000000e+00
167      1.10667173e-03    9.10586356e+00    9.00000000e+00
168      1.11138841e-03    9.22060668e+00    9.00000000e+00
169      1.11610509e-03    9.33252142e+00    9.00000000e+00
170      1.12082178e-03    9.44150948e+00    9.00000000e+00
171      1.12553846e-03    9.54747516e+00    1.00000000e+01
172      1.13025514e-03    9.65032539e+00    1.00000000e+01
173      1.13497182e-03    9.74996985e+00    1.00000000e+01
174      1.13968850e-03    9.84632103e+00    1.00000000e+01
175      1.14440518e-03    9.93929430e+00    1.00000000e+01
176      1.14912187e-03    1.00288080e+01    1.00000000e+01
177      1.15383855e-03    1.01147836e+01    1.00000000e+01
178      1.15855523e-03    1.01971455e+01    1.00000000e+01
179      1.16327191e-03    1.02758214e+01    1.00000000e+01
180      1.16798859e-03    1.03507422e+01    1.00000000e+01
181      1.17270528e-03    1.04218421e+01    1.00000000e+01
182      1.17742196e-03    1.04890587e+01    1.00000000e+01
183      1.18213864e-03    1.05523329e+01    1.10000000e+01
184      1.18685532e-03    1.06116092e+01    1.10000000e+01
185      1.19157200e-03    1.06668355e+01    1.10000000e+01
186      1.19628869e-03    1.07179634e+01    1.10000000e+01
187      1.20100537e-03    1.07649478e+01    1.10000000e+01
188      1.20572205e-03    1.08077476e+01    1.10000000e+01
189      1.21043873e-03    1.08463251e+01    1.10000000e+01
190      1.21515541e-03    1.08806466e+01    1.10000000e+01
191      1.21987209e-03    1.09106817e+01    1.10000000e+01
192      1.22458878e-03    1.09364042e+01    1.10000000e+01
193      1.22930546e-03    1.09577915e+01    1.10000000e+01
194      1.23402214e-03    1.09748248e+01    1.10000000e+01
195      1.23873882e-03    1.09874892e+01    1.10000000e+01
196      1.24345550e-03    1.09957734e+01    1.10000000e+01
197      1.24817219e-03    1.09996703e+01    1.10000000e+01
198      1.25288887e-03    1.09991763e+01    1.10000000e+01
199      1.25760555e-03    1.09942921e+01    1.10000000e+01
200      1.26232223e-03    1.09850217e+01    1.10000000e+01
201      1.26703891e-03    1.09713735e+01    1.10000000e+01
202      1.27175559e-03    1.09533593e+01    1.10000000e+01
203      1.27647228e-03    1.09309950e+01    1.10000000e+01
204      1.28118896e-03    1.09043002e+01    1.10000000e+01
205      1.28590564e-03    1.08732983e+01    1.10000000e+01
206      1.29062232e-03    1.08380167e+01    1.10000000e+01
207      1.29533900e-03    1.07984862e+01    1.10000000e+01
208      1.30005569e-03    1.07547417e+01    1.10000000e+01
209      1.30477237e-03    1.07068214e+01    1.10000000e+01
210      1.30948905e-03    1.06547676e+01    1.10000000e+01
211      1.31420573e-03    1.05986259e+01    1.10000000e+01
212      1.31892241e-03    1.05384455e+01    1.10000000e+01
213      1.32363910e-03    1.04742795e+01    1.00000000e+01
214      1.32835578e-03    1.04061840e+01    1.00000000e+01
215      1.33307246e-03    1.03342190e+01    1.00000000e+01
216      1.33778914e-03    1.02584476e+01    1.00000000e+01
217      1.34250582e-03    1.01789364e+01    1.00000000e+01
218      1.34722250e-03    1.00957551e+01    1.00000000e+01
219      1.35193919e-03    1.00089769e+01    1.00000000e+01
220      1.35665587e-03    9.91867800e+00    1.00000000e+01
221      1.36137255e-03    9.82493762e+00    1.00000000e+01
222      1.36608923e-03    9.72783811e+00    1.00000000e+01
223      1.37080591e-03    9.62746476e+00    1.00000000e+01
224      1.37552260e-03    9.52390571e+00    1.00000000e+01
225      1.38023928e-03    9.41725192e+00    9.00000000e+00
226      1.38495596e-03    9.30759704e+00    9.00000000e+00
227      1.38967264e-03    9.19503738e+00    9.00000000e+00
228      1.39438932e-03    9.07967179e+00    9.00000000e+00
229      1.39910600e-03    8.96160158e+00    9.00000000e+00
230      1.40382269e-03    8.84093044e+00    9.00000000e+00
231      1.40853937e-03    8.71776436e+00    9.00000000e+00
232      1.41325605e-03    8.59221150e+00    9.00000000e+00
233      1.41797273e-03    8.46438211e+00    8.00000000e+00
234      1.42268941e-03    8.33438847e+00    8.00000000e+00
235      1.42740610e-03    8.20234472e+00    8.00000000e+00
236      1.43212278e-03    8.06836685e+00    8.00000000e+00
237      1.43683946e-03    7.93257250e+00    8.00000000e+00
238      1.44155614e-03    7.79508094e+00    8.00000000e+00
239      1.44627282e-03    7.65601291e+00    8.00000000e+00
240      1.45098951e-03    7.51549055e+00    8.00000000e+00
241      1.45570619e-03    7.37363726e+00    7.00000000e+00
242      1.46042287e-03    7.23057761e+00    7.00000000e+00
243      1.46513955e-03    7.08643726e+00    7.00000000e+00
244      1.46985623e-03    6.94134278e+00    7.00000000e+00
245      1.47457291e-03    6.79542159e+00    7.00000000e+00
246      1.48400628e-03    6.50161234e+00    7.00000000e+00
247      1.49343964e-03    6.20604137e+00    6.00000000e+00
248      1.50287301e-03    5.90974677e+00    6.00000000e+00
249      1.50886352e-03    5.72168814e+00    6.00000000e+00
250      1.51485404e-03    5.53402376e+00    6.00000000e+00
251      1.52084456e-03    5.34701946e+00    5.00000000e+00
252      1.52683507e-03    5.16094015e+00    5.00000000e+00
253      1.53282559e-03    4.97604943e+00    5.00000000e+00
254      1.53881611e-03    4.79260920e+00    5.00000000e+00
255      1.54480663e-03    4.61087932e+00    5.00000000e+00
256      1.55079714e-03    4.43111722e+00    4.00000000e+00
257      1.55678766e-03    4.25357756e+00    4.00000000e+00
258      1.56277818e-03    4.07851181e+00    4.00000000e+00
259      1.56876869e-03    3.90616798e+00    4.00000000e+00
260      1.57475921e-03    3.73679021e+00    4.00000000e+00
261      1.58074973e-03    3.57061842e+00    4.00000000e+00
262      1.58674025e-03    3.40788802e+00    3.00000000e+00
263      1.59273076e-03    3.24882951e+00    3.00000000e+00
264      1.59872128e-03    3.09366822e+00    3.00000000e+00
265      1.60471180e-03    2.94262395e+00    3.00000000e+00
266      1.61070231e-03    2.79591065e+00    3.00000000e+00
267      1.61669283e-03    2.65373616e+00    3.00000000e+00
268      1.62268335e-03    2.51630188e+00    3.00000000e+00
269      1.62867387e-03    2.38380249e+00    2.00000000e+00
270      1.63466438e-03    2.25642568e+00    2.00000000e+00
271      1.64065490e-03    2.13435190e+00    2.00000000e+00
272      1.64664542e-03    2.01775407e+00    2.00000000e+00
273      1.65263593e-03    1.90679735e+00    2.00000000e+00
274      1.65862645e-03    1.80163893e+00    2.00000000e+00
275      1.66461697e-03    1.70242777e+00    2.00000000e+00
276      1.67060749e-03    1.60930441e+00    2.00000000e+00
277      1.67659800e-03    1.52240076e+00    2.00000000e+00
278      1.68258852e-03    1.44183993e+00    1.00000000e+00
279      1.68857904e-03    1.36773604e+00    1.00000000e+00
280      1.69456955e-03    1.30019406e+00    1.00000000e+00
281      1.70056007e-03    1.23930967e+00    1.00000000e+00
282      1.70655059e-03    1.18516912e+00    1.00000000e+00
283      1.71254111e-03    1.13784910e+00    1.00000000e+00
284      1.71853162e-03    1.09741664e+00    1.00000000e+00
285      1.72452214e-03    1.06392901e+00    1.00000000e+00
286      1.73051266e-03    1.03743367e+00    1.00000000e+00
287      1.73650317e-03    1.01796813e+00    1.00000000e+00
288      1.74249369e-03    1.00555997e+00    1.00000000e+00
289      1.74848421e-03    1.00022676e+00    1.00000000e+00
290      1.75447473e-03    1.00197608e+00    1.00000000e+00
291      1.76046524e-03    1.01080542e+00    1.00000000e+00
292      1.76645576e-03    1.02670230e+00    1.00000000e+00
293      1.77244628e-03    1.04964419e+00    1.00000000e+00
294      1.77843679e-03    1.07959858e+00    1.00000000e+00
295      1.78442731e-03    1.11652305e+00    1.00000000e+00
296      1.79041783e-03    1.16036530e+00    1.00000000e+00
297      1.79640835e-03    1.21106321e+00    1.00000000e+00
298      1.80239886e-03    1.26854497e+00    1.00000000e+00
299      1.80838938e-03    1.33272915e+00    1.00000000e+00
300      1.81437990e-03    1.40352484e+00    1.00000000e+00
301      1.82037041e-03    1.48083173e+00    1.00000000e+00
302      1.82636093e-03    1.56454034e+00    2.00000000e+00
303      1.83235145e-03    1.65453207e+00    2.00000000e+00
304      1.83834197e-03    1.75067944e+00    2.00000000e+00
305      1.84433248e-03    1.85284626e+00    2.00000000e+00
306      1.85032300e-03    1.96088780e+00    2.00000000e+00
307      1.85631352e-03    2.07465102e+00    2.00000000e+00
308      1.86230403e-03    2.19397475e+00    2.00000000e+00
309      1.86829455e-03    2.31868998e+00    2.00000000e+00
310      1.87428507e-03    2.44862002e+00    2.00000000e+00
311      1.88027559e-03    2.58358084e+00    3.00000000e+00
312      1.88626610e-03    2.72338124e+00    3.00000000e+00
313      1.89225662e-03    2.86782319e+00    3.00000000e+00
314      1.89824714e-03    3.01670207e+00    3.00000000e+00
315      1.90423765e-03    3.16980700e+00    3.00000000e+00
316      1.91022817e-03    3.32692109e+00    3.00000000e+00
317      1.91621869e-03    3.48782177e+00    3.00000000e+00
318      1.92220921e-03    3.65228112e+00    4.00000000e+00
319      1.92819972e-03    3.82006617e+00    4.00000000e+00
320      1.93419024e-03    3.99093924e+00    4.00000000e+00
321      1.94018076e-03    4.16465828e+00    4.00000000e+00
322      1.94617127e-03    4.34097721e+00    4.00000000e+00
323      1.95216179e-03    4.51964625e+00    5.00000000e+00
324      1.95815231e-03    4.70041232e+00    5.00000000e+00
325      1.96414283e-03    4.88301933e+00    5.00000000e+00
326      1.97013334e-03    5.06720863e+00    5.00000000e+00
327      1.97612386e-03    5.25271928e+00    5.00000000e+00
328      1.98211438e-03    5.43928851e+00    5.00000000e+00
329      1.98810489e-03    5.62665202e+00    6.00000000e+00
330      1.99409541e-03    5.81454441e+00    6.00000000e+00
331      2.00607645e-03    6.19085078e+00    6.00000000e+00
332      2.01685938e-03    6.52866291e+00    7.00000000e+00
333      2.02577448e-03    6.80619446e+00    7.00000000e+00
334      2.03468959e-03    7.08119706e+00    7.00000000e+00
335      2.04360469e-03    7.35280807e+00    7.00000000e+00
336      2.05251980e-03    7.62017547e+00    8.00000000e+00
337      2.06143490e-03    7.88246057e+00    8.00000000e+00
338      2.07035001e-03    8.13884059e+00    8.00000000e+00
339      2.07926511e-03    8.38851131e+00    8.00000000e+00
340      2.08818022e-03    8.63068953e+00    9.00000000e+00
341      2.09709532e-03    8.86461557e+00    9.00000000e+00
342      2.10601043e-03    9.08955563e+00    9.00000000e+00
343      2.11492553e-03    9.30480411e+00    9.00000000e+00
344      2.12384064e-03    9.50968577e+00    1.00000000e+01
345      2.13275574e-03    9.70355795e+00    1.00000000e+01
346      2.14167085e-03    9.88581247e+00    1.00000000e+01
347      2.15058595e-03    1.00558776e+01    1.00000000e+01
348      2.15950106e-03    1.02132200e+01    1.00000000e+01
349      2.16841616e-03    1.03573459e+01    1.00000000e+01
350      2.17733127e-03    1.04878033e+01    1.00000000e+01
351      2.18624637e-03    1.06041830e+01    1.10000000e+01
352      2.19516148e-03    1.07061198e+01    1.10000000e+01
353      2.20407658e-03    1.07932941e+01    1.10000000e+01
354      2.21299169e-03    1.08654324e+01    1.10000000e+01
355      2.22190679e-03    1.09223083e+01    1.10000000e+01
356      2.23082190e-03    1.09637435e+01    1.10000000e+01
357      2.23973700e-03    1.09896080e+01    1.10000000e+01
358      2.24865211e-03    1.09998207e+01    1.10000000e+01
359      2.25756721e-03    1.09943495e+01    1.10000000e+01
360      2.26648232e-03    1.09732115e+01    1.10000000e+01
361      2.27539742e-03    1.09364731e+01    1.10000000e+01
362      2.28431253e-03    1.08842496e+01    1.10000000e+01
363      2.29322764e-03    1.08167047e+01    1.10000000e+01
364      2.30214274e-03    1.07340504e+01    1.10000000e+01
365      2.31105785e-03    1.06365459e+01    1.10000000e+01
366      2.31997295e-03    1.05244970e+01    1.10000000e+01
367      2.32888806e-03    1.03982553e+01    1.00000000e+01
368      2.33780316e-03    1.02582168e+01    1.00000000e+01
369      2.34671827e-03    1.01048207e+01    1.00000000e+01
370      2.35563337e-03    9.93854822e+00    1.00000000e+01
371      2.36454848e-03    9.75992097e+00    1.00000000e+01
372      2.37346358e-03    9.56949927e+00    1.00000000e+01
373      2.38237869e-03    9.36788045e+00    9.00000000e+00
374      2.39129379e-03    9.15569696e+00    9.00000000e+00
375      2.40020890e-03    8.93361440e+00    9.00000000e+00
376      2.40912400e-03    8.70232942e+00    9.00000000e+00
377      2.41803911e-03    8.46256754e+00    8.00000000e+00
378      2.42695421e-03    8.21508085e+00    8.00000000e+00
379      2.43586932e-03    7.96064570e+00    8.00000000e+00
380      2.44478442e-03    7.70006022e+00    8.00000000e+00
381      2.45369953e-03    7.43414184e+00    7.00000000e+00
382      2.46261463e-03    7.16372472e+00    7.00000000e+00
383      2.47152974e-03    6.88965713e+00    7.00000000e+00
384      2.48044484e-03    6.61279878e+00    7.00000000e+00
385      2.48935995e-03    6.33401814e+00    6.00000000e+00
386      2.49827505e-03    6.05418973e+00    6.00000000e+00
387      2.50273261e-03    5.91415687e+00    6.00000000e+00
388      2.50668589e-03    5.79001842e+00    6.00000000e+00
389      2.51063917e-03    5.66600953e+00    6.00000000e+00
390      2.51459245e-03    5.54220669e+00    6.00000000e+00
391      2.51854573e-03    5.41868629e+00    5.00000000e+00
392      2.52249901e-03    5.29552453e+00    5.00000000e+00
393      2.53040558e-03    5.05058062e+00    5.00000000e+00
394      2.53831214e-03    4.80797934e+00    5.00000000e+00
395      2.54621870e-03    4.56831930e+00    5.00000000e+00
396      2.55412526e-03    4.33219183e+00    4.00000000e+00
397      2.56203183e-03    4.10017958e+00    4.00000000e+00
398      2.56993839e-03    3.87285501e+00    4.00000000e+00
399      2.57784495e-03    3.65077903e+00    4.00000000e+00
400      2.58575152e-03    3.43449961e+00    3.00000000e+00
401      2.59365808e-03    3.22455039e+00    3.00000000e+00
402      2.60156464e-03    3.02144942e+00    3.00000000e+00
403      2.60947121e-03    2.82569783e+00    3.00000000e+00
404      2.61737777e-03    2.63777863e+00    3.00000000e+00
405      2.62528433e-03    2.45815550e+00    2.00000000e+00
406      2.63319089e-03    2.28727163e+00    2.00000000e+00
407      2.64109746e-03    2.12554869e+00    2.00000000e+00
408      2.64900402e-03    1.97338571e+00    2.00000000e+00
409      2.65691058e-03    1.83115814e+00    2.00000000e+00
410      2.66481715e-03    1.69921692e+00    2.00000000e+00
411      2.67272371e-03    1.57788760e+00    2.00000000e+00
412      2.68063027e-03    1.46746957e+00    1.00000000e+00
413      2.68853683e-03    1.36823526e+00    1.00000000e+00
414      2.69644340e-03    1.28042954e+00    1.00000000e+00
415      2.70434996e-03    1.20426905e+00    1.00000000e+00
416      2.71225652e-03    1.13994173e+00    1.00000000e+00
417      2.72016309e-03    1.08760628e+00    1.00000000e+00
418      2.72806965e-03    1.04739185e+00    1.00000000e+00
419      2.73597621e-03    1.01939766e+00    1.00000000e+00
420      2.74388277e-03    1.00369280e+00    1.00000000e+00
421      2.75178934e-03    1.00031599e+00    1.00000000e+00
422      2.75969590e-03    1.00927559e+00    1.00000000e+00
423      2.76760246e-03    1.03054948e+00    1.00000000e+00
424      2.77550903e-03    1.06408518e+00    1.00000000e+00
425      2.78341559e-03    1.10979992e+00    1.00000000e+00
426      2.79132215e-03    1.16758092e+00    1.00000000e+00
427      2.79922871e-03    1.23728560e+00    1.00000000e+00
428      2.80713528e-03    1.31874198e+00    1.00000000e+00
429      2.81504184e-03    1.41174906e+00    1.00000000e+00
430      2.82294840e-03    1.51607736e+00    2.00000000e+00
431      2.83085497e-03    1.63146945e+00    2.00000000e+00
432      2.83876153e-03    1.75764060e+00    2.00000000e+00
433      2.84666809e-03    1.89427951e+00    2.00000000e+00
434      2.85457465e-03    2.04104902e+00    2.00000000e+00
435      2.86248122e-03    2.19758698e+00    2.00000000e+00
436      2.87038778e-03    2.36350716e+00    2.00000000e+00
437      2.87829434e-03    2.53840015e+00    3.00000000e+00
438      2.88620091e-03    2.72183441e+00    3.00000000e+00
439      2.89410747e-03    2.91335734e+00    3.00000000e+00
440      2.90201403e-03    3.11249636e+00    3.00000000e+00
441      2.90992060e-03    3.31876011e+00    3.00000000e+00
442      2.91782716e-03    3.53163965e+00    4.00000000e+00
443      2.92573372e-03    3.75060971e+00    4.00000000e+00
444      2.93364028e-03    3.97513000e+00    4.00000000e+00
445      2.94154685e-03    4.20464652e+00    4.00000000e+00
446      2.94945341e-03    4.43859297e+00    4.00000000e+00
447      2.95735997e-03    4.67639208e+00    5.00000000e+00
448      2.96526654e-03    4.91745711e+00    5.00000000e+00
449      2.97317310e-03    5.16119325e+00    5.00000000e+00
450      2.98107966e-03    5.40699909e+00    5.00000000e+00
451      2.98898622e-03    5.65426812e+00    6.00000000e+00
452      2.99689279e-03    5.90239022e+00    6.00000000e+00
453      3.00278785e-03    6.08757853e+00    6.00000000e+00
454      3.00777566e-03    6.24418248e+00    6.00000000e+00
455      3.01276347e-03    6.40054662e+00    6.00000000e+00
456      3.01775128e-03    6.55651740e+00    7.00000000e+00
457      3.02273909e-03    6.71194163e+00    7.00000000e+00
458      3.02772690e-03    6.86666669e+00    7.00000000e+00
459      3.03271471e-03    7.02054062e+00    7.00000000e+00
460      3.03770252e-03    7.17341230e+00    7.00000000e+00
461      3.04269032e-03    7.32513160e+00    7.00000000e+00
462      3.04767813e-03    7.47554953e+00    7.00000000e+00
463      3.05266594e-03    7.62451836e+00    8.00000000e+00
464      3.05765375e-03    7.77189180e+00    8.00000000e+00
465      3.06264156e-03    7.91752511e+00    8.00000000e+00
466      3.06762937e-03    8.06127527e+00    8.00000000e+00
467      3.07261718e-03    8.20300110e+00    8.00000000e+00
468      3.07760499e-03    8.34256343e+00    8.00000000e+00
469      3.08259279e-03    8.47982519e+00    8.00000000e+00
470      3.08758060e-03    8.61465158e+00    9.00000000e+00
471      3.09256841e-03    8.74691019e+00    9.00000000e+00
472      3.09755622e-03    8.87647114e+00    9.00000000e+00
473      3.10254403e-03    9.00320718e+00    9.00000000e+00
474      3.10753184e-03    9.12699385e+00    9.00000000e+00
475      3.11251965e-03    9.24770958e+00    9.00000000e+00
476      3.11750746e-03    9.36523583e+00    9.00000000e+00
477      3.12249527e-03    9.47945717e+00    9.00000000e+00
478      3.12748307e-03    9.59026143e+00    1.00000000e+01
479      3.13247088e-03    9.69753979e+00    1.00000000e+01
480      3.13745869e-03    9.80118689e+00    1.00000000e+01
481      3.14244650e-03    9.90110095e+00    1.00000000e+01
482      3.14743431e-03    9.99718385e+00    1.00000000e+01
483      3.15242212e-03    1.00893412e+01    1.00000000e+01
484      3.15740993e-03    1.01774826e+01    1.00000000e+01
485      3.16239774e-03    1.02615213e+01    1.00000000e+01
486      3.16738554e-03    1.03413749e+01    1.00000000e+01
487      3.17237335e-03    1.04169650e+01    1.00000000e+01
488      3.17736116e-03    1.04882173e+01    1.00000000e+01
489      3.18234897e-03    1.05550618e+01    1.10000000e+01
490      3.18733678e-03    1.06174329e+01    1.10000000e+01
491      3.19232459e-03    1.06752694e+01    1.10000000e+01
492      3.19731240e-03    1.07285144e+01    1.10000000e+01
493      3.20230021e-03    1.07771157e+01    1.10000000e+01
494      3.20728802e-03    1.08210255e+01    1.10000000e+01
495      3.21227582e-03    1.08602007e+01    1.10000000e+01
496      3.21726363e-03    1.08946028e+01    1.10000000e+01
497      3.22225144e-03    1.09241981e+01    1.10000000e+01
498      3.22723925e-03    1.09489574e+01    1.10000000e+01
499      3.23222706e-03    1.09688565e+01    1.10000000e+01
500      3.23721487e-03    1.09838759e+01    1.10000000e+01
501      3.24220268e-03    1.09940007e+01    1.10000000e+01
502      3.24719049e-03    1.09992210e+01    1.10000000e+01
503      3.25217829e-03    1.09995317e+01    1.10000000e+01
504      3.25716610e-03    1.09949325e+01    1.10000000e+01
505      3.26215391e-03    1.09854279e+01    1.10000000e+01
506      3.26714172e-03    1.09710273e+01    1.10000000e+01
507      3.27212953e-03    1.09517448e+01    1.10000000e+01
508      3.27711734e-03    1.09275993e+01    1.10000000e+01
509      3.28210515e-03    1.08986145e+01    1.10000000e+01
510      3.28709296e-03    1.08648189e+01    1.10000000e+01
511      3.29208077e-03    1.08262457e+01    1.10000000e+01
512      3.29706857e-03    1.07829328e+01    1.10000000e+01
513      3.30205638e-03    1.07349227e+01    1.10000000e+01
514      3.30704419e-03    1.06822626e+01    1.10000000e+01
515      3.31203200e-03    1.06250041e+01    1.10000000e+01
516      3.31701981e-03    1.05632036e+01    1.10000000e+01
517      3.32200762e-03    1.04969216e+01    1.00000000e+01
518      3.32699543e-03    1.04262234e+01    1.00000000e+01
519      3.33198324e-03    1.03511782e+01    1.00000000e+01
520      3.33697104e-03    1.02718599e+01    1.00000000e+01
521      3.34195885e-03    1.01883464e+01    1.00000000e+01
522      3.34694666e-03    1.01007195e+01    1.00000000e+01
523      3.35193447e-03    1.00090655e+01    1.00000000e+01
524      3.35692228e-03    9.91347421e+00    1.00000000e+01
525      3.36191009e-03    9.81403965e+00    1.00000000e+01
526      3.36689790e-03    9.71085942e+00    1.00000000e+01
527      3.37188571e-03    9.60403485e+00    1.00000000e+01
528      3.37687352e-03    9.49367086e+00    9.00000000e+00
529      3.38186132e-03    9.37987583e+00    9.00000000e+00
530      3.38684913e-03    9.26276151e+00    9.00000000e+00
531      3.39183694e-03    9.14244293e+00    9.00000000e+00
532      3.39682475e-03    9.01903823e+00    9.00000000e+00
533      3.40181256e-03    8.89266862e+00    9.00000000e+00
534      3.40680037e-03    8.76345820e+00    9.00000000e+00
535      3.41178818e-03    8.63153386e+00    9.00000000e+00
536      3.41677599e-03    8.49702516e+00    8.00000000e+00
537      3.42176379e-03    8.36006420e+00    8.00000000e+00
538      3.42675160e-03    8.22078549e+00    8.00000000e+00
539      3.43173941e-03    8.07932580e+00    8.00000000e+00
540      3.43672722e-03    7.93582406e+00    8.00000000e+00
541      3.44171503e-03    7.79042120e+00    8.00000000e+00
542      3.44670284e-03    7.64326002e+00    8.00000000e+00
543      3.45169065e-03    7.49448503e+00    7.00000000e+00
544      3.45667846e-03    7.34424235e+00    7.00000000e+00
545      3.46166627e-03    7.19267953e+00    7.00000000e+00
546      3.46665407e-03    7.03994541e+00    7.00000000e+00
547      3.47164188e-03    6.88618999e+00    7.00000000e+00
548      3.47662969e-03    6.73156426e+00    7.00000000e+00
549      3.48161750e-03    6.57622009e+00    7.00000000e+00
550      3.48660531e-03    6.42031002e+00    6.00000000e+00
551      3.49159312e-03    6.26398718e+00    6.00000000e+00
552      3.49658093e-03    6.10740508e+00    6.00000000e+00
553      3.50156874e-03    5.95071751e+00    6.00000000e+00
554      3.50655654e-03    5.79407833e+00    6.00000000e+00
555      3.51154435e-03    5.63764138e+00    6.00000000e+00
556      3.51653216e-03    5.48156030e+00    5.00000000e+00
557      3.52151997e-03    5.32598836e+00    5.00000000e+00
558      3.52650778e-03    5.17107835e+00    5.00000000e+00
559      3.53149559e-03    5.01698240e+00    5.00000000e+00
560      3.53648340e-03    4.86385185e+00    5.00000000e+00
561      3.54147121e-03    4.71183708e+00    5.00000000e+00
562      3.54645902e-03    4.56108737e+00    5.00000000e+00
563      3.55144682e-03    4.41175079e+00    4.00000000e+00
564      3.55643463e-03    4.26397398e+00    4.00000000e+00
565      3.56142244e-03    4.11790208e+00    4.00000000e+00
566      3.56641025e-03    3.97367853e+00    4.00000000e+00
567      3.57139806e-03    3.83144498e+00    4.00000000e+00
568      3.57638587e-03    3.69134111e+00    4.00000000e+00
569      3.58137368e-03    3.55350451e+00    4.00000000e+00
570      3.58636149e-03    3.41807055e+00    3.00000000e+00
571      3.59134929e-03    3.28517223e+00    3.00000000e+00
572      3.59633710e-03    3.15494007e+00    3.00000000e+00
573      3.60132491e-03    3.02750196e+00    3.00000000e+00
574      3.60631272e-03    2.90298307e+00    3.00000000e+00
575      3.61130053e-03    2.78150568e+00    3.00000000e+00
576      3.61628834e-03    2.66318908e+00    3.00000000e+00
577      3.62127615e-03    2.54814947e+00    3.00000000e+00
578      3.62626396e-03    2.43649983e+00    2.00000000e+00
579      3.63125177e-03    2.32834981e+00    2.00000000e+00
580      3.63623957e-03    2.22380562e+00    2.00000000e+00
581      3.64122738e-03    2.12296992e+00    2.00000000e+00
582      3.64621519e-03    2.02594176e+00    2.00000000e+00
583      3.65120300e-03    1.93281640e+00    2.00000000e+00
584      3.65619081e-03    1.84368532e+00    2.00000000e+00
585      3.66117862e-03    1.75863605e+00    2.00000000e+00
586      3.66616643e-03    1.67775210e+00    2.00000000e+00
587      3.67115424e-03    1.60111292e+00    2.00000000e+00
588      3.67614204e-03    1.52879377e+00    2.00000000e+00
589      3.68112985e-03    1.46086566e+00    1.00000000e+00
590      3.68611766e-03    1.39739532e+00    1.00000000e+00
591      3.69110547e-03    1.33844507e+00    1.00000000e+00
592      3.69609328e-03    1.28407281e+00    1.00000000e+00
593      3.70108109e-03    1.23433194e+00    1.00000000e+00
594      3.70606890e-03    1.18927129e+00    1.00000000e+00
595      3.71105671e-03    1.14893514e+00    1.00000000e+00
596      3.71604452e-03    1.11336308e+00    1.00000000e+00
597      3.72103232e-03    1.08259006e+00    1.00000000e+00
598      3.72602013e-03    1.05664630e+00    1.00000000e+00
599      3.73100794e-03    1.03555727e+00    1.00000000e+00
600      3.73599575e-03    1.01934368e+00    1.00000000e+00
601      3.74098356e-03    1.00802147e+00    1.00000000e+00
602      3.74597137e-03    1.00160174e+00    1.00000000e+00
603      3.75095918e-03    1.00009080e+00    1.00000000e+00
604      3.75594699e-03    1.00349014e+00    1.00000000e+00
605      3.76093479e-03    1.01179642e+00    1.00000000e+00
606      3.76592260e-03    1.02500148e+00    1.00000000e+00
607      3.77091041e-03    1.04309234e+00    1.00000000e+00
608      3.77589822e-03    1.06605126e+00    1.00000000e+00
609      3.78088603e-03    1.09385567e+00    1.00000000e+00
610      3.78587384e-03    1.12647828e+00    1.00000000e+00
611      3.79086165e-03    1.16388703e+00    1.00000000e+00
612      3.79584946e-03    1.20604521e+00    1.00000000e+00
613      3.80083727e-03    1.25291140e+00    1.00000000e+00
614      3.80582507e-03    1.30443957e+00    1.00000000e+00
615      3.81081288e-03    1.36057913e+00    1.00000000e+00
616      3.81580069e-03    1.42127494e+00    1.00000000e+00
617      3.82078850e-03    1.48646740e+00    1.00000000e+00
618      3.82577631e-03    1.55609247e+00    2.00000000e+00
619      3.83076412e-03    1.63008178e+00    2.00000000e+00
620      3.83575193e-03    1.70836267e+00    2.00000000e+00
621      3.84073974e-03    1.79085827e+00    2.00000000e+00
622      3.84572754e-03    1.87748754e+00    2.00000000e+00
623      3.85071535e-03    1.96816543e+00    2.00000000e+00
624      3.85570316e-03    2.06280287e+00    2.00000000e+00
625      3.86069097e-03    2.16130693e+00    2.00000000e+00
626      3.86567878e-03    2.26358086e+00    2.00000000e+00
627      3.87066659e-03    2.36952423e+00    2.00000000e+00
628      3.87565440e-03    2.47903300e+00    2.00000000e+00
629      3.88064221e-03    2.59199961e+00    3.00000000e+00
630      3.88563002e-03    2.70831312e+00    3.00000000e+00
631      3.89061782e-03    2.82785931e+00    3.00000000e+00
632      3.89560563e-03    2.95052078e+00    3.00000000e+00
633      3.90059344e-03    3.07617706e+00    3.00000000e+00
634      3.90558125e-03    3.20470474e+00    3.00000000e+00
635      3.91056906e-03    3.33597761e+00    3.00000000e+00
636      3.91555687e-03    3.46986674e+00    3.00000000e+00
637      3.92054468e-03    3.60624065e+00    4.00000000e+00
638      3.92553249e-03    3.74496541e+00    4.00000000e+00
639      3.93052029e-03    3.88590477e+00    4.00000000e+00
640      3.93550810e-03    4.02892033e+00    4.00000000e+00
641      3.94049591e-03    4.17387164e+00    4.00000000e+00
642      3.94548372e-03    4.32061633e+00    4.00000000e+00
643      3.95047153e-03    4.46901031e+00    4.00000000e+00
644      3.95545934e-03    4.61890782e+00    5.00000000e+00
645      3.96044715e-03    4.77016167e+00    5.00000000e+00
646      3.96543496e-03    4.92262332e+00    5.00000000e+00
647      3.97042277e-03    5.07614302e+00    5.00000000e+00
648      3.97541057e-03    5.23057002e+00    5.00000000e+00
649      3.98039838e-03    5.38575266e+00    5.00000000e+00
650      3.98538619e-03    5.54153853e+00    6.00000000e+00
651      3.99037400e-03    5.69777464e+00    6.00000000e+00
652      3.99536181e-03    5.85430756e+00    6.00000000e+00
653      4.00034962e-03    6.01098356e+00    6.00000000e+00
654      4.00533743e-03    6.16764878e+00    6.00000000e+00
655      4.01032524e-03    6.32414935e+00    6.00000000e+00
656      4.01531304e-03    6.48033159e+00    6.00000000e+00
657      4.02030085e-03    6.63604210e+00    7.00000000e+00
658      4.02528866e-03    6.79112797e+00    7.00000000e+00
659      4.03027647e-03    6.94543690e+00    7.00000000e+00
660      4.03526428e-03    7.09881734e+00    7.00000000e+00
661      4.04025209e-03    7.25111866e+00    7.00000000e+00
662      4.04523990e-03    7.40219129e+00    7.00000000e+00
663      4.05022771e-03    7.55188687e+00    8.00000000e+00
664      4.05521552e-03    7.70005838e+00    8.00000000e+00
665      4.06020332e-03    7.84656031e+00    8.00000000e+00
666      4.06519113e-03    7.99124878e+00    8.00000000e+00
667      4.07017894e-03    8.13398170e+00    8.00000000e+00
668      4.07516675e-03    8.27461889e+00    8.00000000e+00
669      4.08015456e-03    8.41302224e+00    8.00000000e+00
670      4.08514237e-03    8.54905583e+00    9.00000000e+00
671      4.09013018e-03    8.68258606e+00    9.00000000e+00
672      4.09511799e-03    8.81348180e+00    9.00000000e+00
673      4.10010579e-03    8.94161448e+00    9.00000000e+00
674      4.10509360e-03    9.06685829e+00    9.00000000e+00
675      4.11008141e-03    9.18909022e+00    9.00000000e+00
676      4.11506922e-03    9.30819023e+00    9.00000000e+00
677      4.12005703e-03    9.42404136e+00    9.00000000e+00
678      4.12504484e-03    9.53652983e+00    1.00000000e+01
679      4.13003265e-03    9.64554516e+00    1.00000000e+01
680      4.13502046e-03    9.75098031e+00    1.00000000e+01
681      4.14000826e-03    9.85273172e+00    1.00000000e+01
682      4.14499607e-03    9.95069946e+00    1.00000000e+01
683      4.14998388e-03    1.00447873e+01    1.00000000e+01
684      4.15497169e-03    1.01349029e+01    1.00000000e+01
685      4.15995950e-03    1.02209577e+01    1.00000000e+01
686      4.16494731e-03    1.03028673e+01    1.00000000e+01
687      4.16993512e-03    1.03805511e+01    1.00000000e+01
688      4.17492293e-03    1.04539328e+01    1.00000000e+01
689      4.17991074e-03    1.05229405e+01    1.10000000e+01
690      4.18489854e-03    1.05875064e+01    1.10000000e+01
691      4.18988635e-03    1.06475669e+01    1.10000000e+01
692      4.19487416e-03    1.07030632e+01    1.10000000e+01
693      4.19986197e-03    1.07539408e+01    1.10000000e+01
694      4.20484978e-03    1.08001496e+01    1.10000000e+01
695      4.20983759e-03    1.08416444e+01    1.10000000e+01
696      4.21482540e-03    1.08783843e+01    1.10000000e+01
697      4.21981321e-03    1.09103333e+01    1.10000000e+01
698      4.22480101e-03    1.09374599e+01    1.10000000e+01
699      4.22978882e-03    1.09597376e+01    1.10000000e+01
700      4.23477663e-03    1.09771445e+01    1.10000000e+01
701      4.23976444e-03    1.09896635e+01    1.10000000e+01
702      4.24475225e-03    1.09972823e+01    1.10000000e+01
703      4.24974006e-03    1.09999933e+01    1.10000000e+01
704      4.25472787e-03    1.09977940e+01    1.10000000e+01
705      4.25971568e-03    1.09906865e+01    1.10000000e+01
706      4.26470349e-03    1.09786778e+01    1.10000000e+01
707      4.26969129e-03    1.09617797e+01    1.10000000e+01
708      4.27467910e-03    1.09400087e+01    1.10000000e+01
709      4.27966691e-03    1.09133863e+01    1.10000000e+01
710      4.28465472e-03    1.08819386e+01    1.10000000e+01
711      4.28964253e-03    1.08456964e+01    1.10000000e+01
712      4.29463034e-03    1.08046955e+01    1.10000000e+01
713      4.29961815e-03    1.07589759e+01    1.10000000e+01
714      4.30460596e-03    1.07085827e+01    1.10000000e+01
715      4.30959376e-03    1.06535654e+01    1.10000000e+01
716      4.31458157e-03    1.05939779e+01    1.10000000e+01
717      4.31956938e-03    1.05298787e+01    1.10000000e+01
718      4.32455719e-03    1.04613309e+01    1.00000000e+01
719      4.32954500e-03    1.03884018e+01    1.00000000e+01
720      4.33453281e-03    1.03111629e+01    1.00000000e+01
721      4.33952062e-03    1.02296901e+01    1.00000000e+01
722      4.34450843e-03    1.01440635e+01    1.00000000e+01
723      4.34949624e-03    1.00543671e+01    1.00000000e+01
724      4.35448404e-03    9.96068903e+00    1.00000000e+01
725      4.35947185e-03    9.86312126e+00    1.00000000e+01
726      4.36445966e-03    9.76175963e+00    1.00000000e+01
727      4.36944747e-03    9.65670367e+00    1.00000000e+01
728      4.37443528e-03    9.54805656e+00    1.00000000e+01
729      4.37942309e-03    9.43592500e+00    9.00000000e+00
730      4.38441090e-03    9.32041911e+00    9.00000000e+00
731      4.38939871e-03    9.20165232e+00    9.00000000e+00
732      4.39438651e-03    9.07974128e+00    9.00000000e+00
733      4.39937432e-03    8.95480571e+00    9.00000000e+00
734      4.40436213e-03    8.82696831e+00    9.00000000e+00
735      4.40934994e-03    8.69635461e+00    9.00000000e+00
736      4.41433775e-03    8.56309290e+00    9.00000000e+00
737      4.41932556e-03    8.42731404e+00    8.00000000e+00
738      4.42431337e-03    8.28915138e+00    8.00000000e+00
739      4.42930118e-03    8.14874061e+00    8.00000000e+00
740      4.43428899e-03    8.00621962e+00    8.00000000e+00
741      4.43927679e-03    7.86172838e+00    8.00000000e+00
742      4.44426460e-03    7.71540878e+00    8.00000000e+00
743      4.44925241e-03    7.56740452e+00    8.00000000e+00
744      4.45424022e-03    7.41786096e+00    7.00000000e+00
745      4.45922803e-03    7.26692496e+00    7.00000000e+00
746      4.46421584e-03    7.11474474e+00    7.00000000e+00
747      4.46920365e-03    6.96146976e+00    7.00000000e+00
748      4.47419146e-03    6.80725055e+00    7.00000000e+00
749      4.47917926e-03    6.65223856e+00    7.00000000e+00
750      4.48416707e-03    6.49658603e+00    6.00000000e+00
751      4.48915488e-03    6.34044581e+00    6.00000000e+00
752      4.49414269e-03    6.18397125e+00    6.00000000e+00
753      4.49913050e-03    6.02731601e+00    6.00000000e+00
754      4.50411831e-03    5.87063395e+00    6.00000000e+00
755      4.50910612e-03    5.71407893e+00    6.00000000e+00
756      4.51409393e-03    5.55780471e+00    6.00000000e+00
757      4.51908174e-03    5.40196476e+00    5.00000000e+00
758      4.52406954e-03    5.24671213e+00    5.00000000e+00
759      4.52905735e-03    5.09219927e+00    5.00000000e+00
760      4.53404516e-03    4.93857795e+00    5.00000000e+00
761      4.53903297e-03    4.78599901e+00    5.00000000e+00
762      4.54402078e-03    4.63461232e+00    5.00000000e+00
763      4.54900859e-03    4.48456653e+00    4.00000000e+00
764      4.55399640e-03    4.33600901e+00    4.00000000e+00
765      4.55898421e-03    4.18908566e+00    4.00000000e+00
766      4.56397201e-03    4.04394075e+00    4.00000000e+00
767      4.56895982e-03    3.90071683e+00    4.00000000e+00
768      4.57394763e-03    3.75955457e+00    4.00000000e+00
769      4.57893544e-03    3.62059258e+00    4.00000000e+00
770      4.58392325e-03    3.48396735e+00    3.00000000e+00
771      4.58891106e-03    3.34981305e+00    3.00000000e+00
772      4.59389887e-03    3.21826142e+00    3.00000000e+00
773      4.59888668e-03    3.08944166e+00    3.00000000e+00
774      4.60387449e-03    2.96348029e+00    3.00000000e+00
775      4.60886229e-03    2.84050100e+00    3.00000000e+00
776      4.61385010e-03    2.72062456e+00    3.00000000e+00
777      4.61883791e-03    2.60396872e+00    3.00000000e+00
778      4.62382572e-03    2.49064802e+00    2.00000000e+00
779      4.62881353e-03    2.38077376e+00    2.00000000e+00
780      4.63380134e-03    2.27445385e+00    2.00000000e+00
781      4.63878915e-03    2.17179270e+00    2.00000000e+00
782      4.64377696e-03    2.07289113e+00    2.00000000e+00
783      4.64876476e-03    1.97784626e+00    2.00000000e+00
784      4.65375257e-03    1.88675144e+00    2.00000000e+00
785      4.65874038e-03    1.79969614e+00    2.00000000e+00
786      4.66372819e-03    1.71676583e+00    2.00000000e+00
787      4.66871600e-03    1.63804198e+00    2.00000000e+00
788      4.67370381e-03    1.56360189e+00    2.00000000e+00
789      4.67869162e-03    1.49351867e+00    1.00000000e+00
790      4.68367943e-03    1.42786113e+00    1.00000000e+00
791      4.68866724e-03    1.36669378e+00    1.00000000e+00
792      4.69365504e-03    1.31007667e+00    1.00000000e+00
793      4.69864285e-03    1.25806540e+00    1.00000000e+00
794      4.70363066e-03    1.21071106e+00    1.00000000e+00
795      4.70861847e-03    1.16806016e+00    1.00000000e+00
796      4.71360628e-03    1.13015457e+00    1.00000000e+00
797      4.71859409e-03    1.09703153e+00    1.00000000e+00
798      4.72358190e-03    1.06872355e+00    1.00000000e+00
799      4.72856971e-03    1.04525846e+00    1.00000000e+00
800      4.73355751e-03    1.02665928e+00    1.00000000e+00
801      4.73854532e-03    1.01294428e+00    1.00000000e+00
802      4.74353313e-03    1.00412694e+00    1.00000000e+00
803      4.74852094e-03    1.00021591e+00    1.00000000e+00
804      4.75350875e-03    1.00121503e+00    1.00000000e+00
805      4.75849656e-03    1.00712332e+00    1.00000000e+00
806      4.76348437e-03    1.01793499e+00    1.00000000e+00
807      4.76847218e-03    1.03363940e+00    1.00000000e+00
808      4.77345999e-03    1.05422115e+00    1.00000000e+00
809      4.77844779e-03    1.07966001e+00    1.00000000e+00
810      4.78343560e-03    1.10993100e+00    1.00000000e+00
811      4.78842341e-03    1.14500440e+00    1.00000000e+00
812      4.79341122e-03    1.18484576e+00    1.00000000e+00
813      4.79839903e-03    1.22941595e+00    1.00000000e+00
814      4.80338684e-03    1.27867121e+00    1.00000000e+00
815      4.80837465e-03    1.33256315e+00    1.00000000e+00
816      4.81336246e-03    1.39103886e+00    1.00000000e+00
817      4.81835026e-03    1.45404090e+00    1.00000000e+00
818      4.82333807e-03    1.52150741e+00    2.00000000e+00
819      4.82832588e-03    1.59337213e+00    2.00000000e+00
820      4.83331369e-03    1.66956447e+00    2.00000000e+00
821      4.83830150e-03    1.75000962e+00    2.00000000e+00
822      4.84328931e-03    1.83462857e+00    2.00000000e+00
823      4.84827712e-03    1.92333822e+00    2.00000000e+00
824      4.85326493e-03    2.01605145e+00    2.00000000e+00
825      4.85825274e-03    2.11267721e+00    2.00000000e+00
826      4.86324054e-03    2.21312060e+00    2.00000000e+00
827      4.86822835e-03    2.31728299e+00    2.00000000e+00
828      4.87321616e-03    2.42506207e+00    2.00000000e+00
829      4.87820397e-03    2.53635200e+00    3.00000000e+00
830      4.88319178e-03    2.65104349e+00    3.00000000e+00
831      4.88817959e-03    2.76902390e+00    3.00000000e+00
832      4.89316740e-03    2.89017736e+00    3.00000000e+00
833      4.89815521e-03    3.01438489e+00    3.00000000e+00
834      4.90314301e-03    3.14152452e+00    3.00000000e+00
835      4.90813082e-03    3.27147138e+00    3.00000000e+00
836      4.91311863e-03    3.40409785e+00    3.00000000e+00
837      4.91810644e-03    3.53927369e+00    4.00000000e+00
838      4.92309425e-03    3.67686614e+00    4.00000000e+00
839      4.92808206e-03    3.81674008e+00    4.00000000e+00
840      4.93306987e-03    3.95875814e+00    4.00000000e+00
841      4.93805768e-03    4.10278084e+00    4.00000000e+00
842      4.94304549e-03    4.24866676e+00    4.00000000e+00
843      4.94803329e-03    4.39627261e+00    4.00000000e+00
844      4.95302110e-03    4.54545344e+00    5.00000000e+00
845      4.95800891e-03    4.69606274e+00    5.00000000e+00
846      4.96299672e-03    4.84795261e+00    5.00000000e+00
847      4.96798453e-03    5.00097386e+00    5.00000000e+00
848      4.97297234e-03    5.15497624e+00    5.00000000e+00
849      4.97796015e-03    5.30980849e+00    5.00000000e+00
850      4.98294796e-03    5.46531855e+00    5.00000000e+00
851      4.98793576e-03    5.62135372e+00    6.00000000e+00
852      4.99292357e-03    5.77776074e+00    6.00000000e+00
853      4.99791138e-03    5.93438602e+00    6.00000000e+00
854      5.00000000e-03    6.00000000e+00    6.00000000e+00
End of Xyce(TM) Simulation
