Index       V(D)              V(G)              I(VD)      
0       -1.30000000e+00   -1.00000000e+00    5.45129893e-05
1       -1.29000000e+00   -1.00000000e+00    5.43581443e-05
2       -1.28000000e+00   -1.00000000e+00    5.42049995e-05
3       -1.27000000e+00   -1.00000000e+00    5.40536017e-05
4       -1.26000000e+00   -1.00000000e+00    5.39039979e-05
5       -1.25000000e+00   -1.00000000e+00    5.37562354e-05
6       -1.24000000e+00   -1.00000000e+00    5.36103618e-05
7       -1.23000000e+00   -1.00000000e+00    5.34664250e-05
8       -1.22000000e+00   -1.00000000e+00    5.33244727e-05
9       -1.21000000e+00   -1.00000000e+00    5.31845527e-05
10      -1.20000000e+00   -1.00000000e+00    5.30467124e-05
11      -1.19000000e+00   -1.00000000e+00    5.29109990e-05
12      -1.18000000e+00   -1.00000000e+00    5.27774592e-05
13      -1.17000000e+00   -1.00000000e+00    5.26461391e-05
14      -1.16000000e+00   -1.00000000e+00    5.25170838e-05
15      -1.15000000e+00   -1.00000000e+00    5.23903378e-05
16      -1.14000000e+00   -1.00000000e+00    5.22659440e-05
17      -1.13000000e+00   -1.00000000e+00    5.21439444e-05
18      -1.12000000e+00   -1.00000000e+00    5.20243791e-05
19      -1.11000000e+00   -1.00000000e+00    5.19072868e-05
20      -1.10000000e+00   -1.00000000e+00    5.17927039e-05
21      -1.09000000e+00   -1.00000000e+00    5.16806651e-05
22      -1.08000000e+00   -1.00000000e+00    5.15712022e-05
23      -1.07000000e+00   -1.00000000e+00    5.14643448e-05
24      -1.06000000e+00   -1.00000000e+00    5.13601193e-05
25      -1.05000000e+00   -1.00000000e+00    5.12585490e-05
26      -1.04000000e+00   -1.00000000e+00    5.11596537e-05
27      -1.03000000e+00   -1.00000000e+00    5.10634495e-05
28      -1.02000000e+00   -1.00000000e+00    5.09699481e-05
29      -1.01000000e+00   -1.00000000e+00    5.08791568e-05
30      -1.00000000e+00   -1.00000000e+00    5.07910775e-05
31      -9.90000000e-01   -1.00000000e+00    5.07057066e-05
32      -9.80000000e-01   -1.00000000e+00    5.06230339e-05
33      -9.70000000e-01   -1.00000000e+00    5.05430422e-05
34      -9.60000000e-01   -1.00000000e+00    5.04657054e-05
35      -9.50000000e-01   -1.00000000e+00    5.03909881e-05
36      -9.40000000e-01   -1.00000000e+00    5.03188432e-05
37      -9.30000000e-01   -1.00000000e+00    5.02492098e-05
38      -9.20000000e-01   -1.00000000e+00    5.01820111e-05
39      -9.10000000e-01   -1.00000000e+00    5.01171499e-05
40      -9.00000000e-01   -1.00000000e+00    5.00545052e-05
41      -8.90000000e-01   -1.00000000e+00    4.99939267e-05
42      -8.80000000e-01   -1.00000000e+00    4.99352282e-05
43      -8.70000000e-01   -1.00000000e+00    4.98781803e-05
44      -8.60000000e-01   -1.00000000e+00    4.98225020e-05
45      -8.50000000e-01   -1.00000000e+00    4.97678516e-05
46      -8.40000000e-01   -1.00000000e+00    4.97138169e-05
47      -8.30000000e-01   -1.00000000e+00    4.96599079e-05
48      -8.20000000e-01   -1.00000000e+00    4.96055492e-05
49      -8.10000000e-01   -1.00000000e+00    4.95500782e-05
50      -8.00000000e-01   -1.00000000e+00    4.94927459e-05
51      -7.90000000e-01   -1.00000000e+00    4.94327244e-05
52      -7.80000000e-01   -1.00000000e+00    4.93691181e-05
53      -7.70000000e-01   -1.00000000e+00    4.93009798e-05
54      -7.60000000e-01   -1.00000000e+00    4.92273291e-05
55      -7.50000000e-01   -1.00000000e+00    4.91471711e-05
56      -7.40000000e-01   -1.00000000e+00    4.90595129e-05
57      -7.30000000e-01   -1.00000000e+00    4.89633795e-05
58      -7.20000000e-01   -1.00000000e+00    4.88578252e-05
59      -7.10000000e-01   -1.00000000e+00    4.87419444e-05
60      -7.00000000e-01   -1.00000000e+00    4.86148781e-05
61      -6.90000000e-01   -1.00000000e+00    4.84758191e-05
62      -6.80000000e-01   -1.00000000e+00    4.83240141e-05
63      -6.70000000e-01   -1.00000000e+00    4.81587654e-05
64      -6.60000000e-01   -1.00000000e+00    4.79794302e-05
65      -6.50000000e-01   -1.00000000e+00    4.77854202e-05
66      -6.40000000e-01   -1.00000000e+00    4.75762001e-05
67      -6.30000000e-01   -1.00000000e+00    4.73512858e-05
68      -6.20000000e-01   -1.00000000e+00    4.71102427e-05
69      -6.10000000e-01   -1.00000000e+00    4.68526837e-05
70      -6.00000000e-01   -1.00000000e+00    4.65782667e-05
71      -5.90000000e-01   -1.00000000e+00    4.62866929e-05
72      -5.80000000e-01   -1.00000000e+00    4.59777041e-05
73      -5.70000000e-01   -1.00000000e+00    4.56510810e-05
74      -5.60000000e-01   -1.00000000e+00    4.53066407e-05
75      -5.50000000e-01   -1.00000000e+00    4.49442348e-05
76      -5.40000000e-01   -1.00000000e+00    4.45637471e-05
77      -5.30000000e-01   -1.00000000e+00    4.41650918e-05
78      -5.20000000e-01   -1.00000000e+00    4.37482113e-05
79      -5.10000000e-01   -1.00000000e+00    4.33130742e-05
80      -5.00000000e-01   -1.00000000e+00    4.28596739e-05
81      -4.90000000e-01   -1.00000000e+00    4.23880263e-05
82      -4.80000000e-01   -1.00000000e+00    4.18981684e-05
83      -4.70000000e-01   -1.00000000e+00    4.13901564e-05
84      -4.60000000e-01   -1.00000000e+00    4.08640642e-05
85      -4.50000000e-01   -1.00000000e+00    4.03199820e-05
86      -4.40000000e-01   -1.00000000e+00    3.97580148e-05
87      -4.30000000e-01   -1.00000000e+00    3.91782807e-05
88      -4.20000000e-01   -1.00000000e+00    3.85809103e-05
89      -4.10000000e-01   -1.00000000e+00    3.79660448e-05
90      -4.00000000e-01   -1.00000000e+00    3.73338351e-05
91      -3.90000000e-01   -1.00000000e+00    3.66844408e-05
92      -3.80000000e-01   -1.00000000e+00    3.60180292e-05
93      -3.70000000e-01   -1.00000000e+00    3.53347740e-05
94      -3.60000000e-01   -1.00000000e+00    3.46348549e-05
95      -3.50000000e-01   -1.00000000e+00    3.39184566e-05
96      -3.40000000e-01   -1.00000000e+00    3.31857678e-05
97      -3.30000000e-01   -1.00000000e+00    3.24369809e-05
98      -3.20000000e-01   -1.00000000e+00    3.16722910e-05
99      -3.10000000e-01   -1.00000000e+00    3.08918958e-05
100     -3.00000000e-01   -1.00000000e+00    3.00959946e-05
101     -2.90000000e-01   -1.00000000e+00    2.92847879e-05
102     -2.80000000e-01   -1.00000000e+00    2.84584772e-05
103     -2.70000000e-01   -1.00000000e+00    2.76172645e-05
104     -2.60000000e-01   -1.00000000e+00    2.67613519e-05
105     -2.50000000e-01   -1.00000000e+00    2.58909415e-05
106     -2.40000000e-01   -1.00000000e+00    2.50062349e-05
107     -2.30000000e-01   -1.00000000e+00    2.41074332e-05
108     -2.20000000e-01   -1.00000000e+00    2.31947365e-05
109     -2.10000000e-01   -1.00000000e+00    2.22683444e-05
110     -2.00000000e-01   -1.00000000e+00    2.13284551e-05
111     -1.90000000e-01   -1.00000000e+00    2.03752661e-05
112     -1.80000000e-01   -1.00000000e+00    1.94089735e-05
113     -1.70000000e-01   -1.00000000e+00    1.84297728e-05
114     -1.60000000e-01   -1.00000000e+00    1.74378581e-05
115     -1.50000000e-01   -1.00000000e+00    1.64334231e-05
116     -1.40000000e-01   -1.00000000e+00    1.54166607e-05
117     -1.30000000e-01   -1.00000000e+00    1.43877637e-05
118     -1.20000000e-01   -1.00000000e+00    1.33469252e-05
119     -1.10000000e-01   -1.00000000e+00    1.22943387e-05
120     -1.00000000e-01   -1.00000000e+00    1.12301993e-05
121     -9.00000000e-02   -1.00000000e+00    1.01547038e-05
122     -8.00000000e-02   -1.00000000e+00    9.06805085e-06
123     -7.00000000e-02   -1.00000000e+00    7.97043937e-06
124     -6.00000000e-02   -1.00000000e+00    6.86206693e-06
125     -5.00000000e-02   -1.00000000e+00    5.74313372e-06
126     -4.00000000e-02   -1.00000000e+00    4.61386513e-06
127     -3.00000000e-02   -1.00000000e+00    3.47455380e-06
128     -2.00000000e-02   -1.00000000e+00    2.32557545e-06
129     -1.00000000e-02   -1.00000000e+00    1.16731005e-06
130      0.00000000e+00   -1.00000000e+00    1.83445603e-27
131     -1.30000000e+00   -7.00000000e-01    2.83242235e-05
132     -1.29000000e+00   -7.00000000e-01    2.82273082e-05
133     -1.28000000e+00   -7.00000000e-01    2.81307267e-05
134     -1.27000000e+00   -7.00000000e-01    2.80344920e-05
135     -1.26000000e+00   -7.00000000e-01    2.79386174e-05
136     -1.25000000e+00   -7.00000000e-01    2.78431171e-05
137     -1.24000000e+00   -7.00000000e-01    2.77480059e-05
138     -1.23000000e+00   -7.00000000e-01    2.76532993e-05
139     -1.22000000e+00   -7.00000000e-01    2.75590136e-05
140     -1.21000000e+00   -7.00000000e-01    2.74651657e-05
141     -1.20000000e+00   -7.00000000e-01    2.73717735e-05
142     -1.19000000e+00   -7.00000000e-01    2.72788556e-05
143     -1.18000000e+00   -7.00000000e-01    2.71864313e-05
144     -1.17000000e+00   -7.00000000e-01    2.70945212e-05
145     -1.16000000e+00   -7.00000000e-01    2.70031463e-05
146     -1.15000000e+00   -7.00000000e-01    2.69123290e-05
147     -1.14000000e+00   -7.00000000e-01    2.68220921e-05
148     -1.13000000e+00   -7.00000000e-01    2.67324600e-05
149     -1.12000000e+00   -7.00000000e-01    2.66434577e-05
150     -1.11000000e+00   -7.00000000e-01    2.65551112e-05
151     -1.10000000e+00   -7.00000000e-01    2.64674477e-05
152     -1.09000000e+00   -7.00000000e-01    2.63804955e-05
153     -1.08000000e+00   -7.00000000e-01    2.62942838e-05
154     -1.07000000e+00   -7.00000000e-01    2.62088428e-05
155     -1.06000000e+00   -7.00000000e-01    2.61242040e-05
156     -1.05000000e+00   -7.00000000e-01    2.60403997e-05
157     -1.04000000e+00   -7.00000000e-01    2.59574634e-05
158     -1.03000000e+00   -7.00000000e-01    2.58754294e-05
159     -1.02000000e+00   -7.00000000e-01    2.57943334e-05
160     -1.01000000e+00   -7.00000000e-01    2.57142115e-05
161     -1.00000000e+00   -7.00000000e-01    2.56351010e-05
162     -9.90000000e-01   -7.00000000e-01    2.55570400e-05
163     -9.80000000e-01   -7.00000000e-01    2.54800673e-05
164     -9.70000000e-01   -7.00000000e-01    2.54042224e-05
165     -9.60000000e-01   -7.00000000e-01    2.53295453e-05
166     -9.50000000e-01   -7.00000000e-01    2.52560763e-05
167     -9.40000000e-01   -7.00000000e-01    2.51838564e-05
168     -9.30000000e-01   -7.00000000e-01    2.51129264e-05
169     -9.20000000e-01   -7.00000000e-01    2.50433273e-05
170     -9.10000000e-01   -7.00000000e-01    2.49750997e-05
171     -9.00000000e-01   -7.00000000e-01    2.49082842e-05
172     -8.90000000e-01   -7.00000000e-01    2.48429203e-05
173     -8.80000000e-01   -7.00000000e-01    2.47790473e-05
174     -8.70000000e-01   -7.00000000e-01    2.47167029e-05
175     -8.60000000e-01   -7.00000000e-01    2.46559237e-05
176     -8.50000000e-01   -7.00000000e-01    2.45967450e-05
177     -8.40000000e-01   -7.00000000e-01    2.45391998e-05
178     -8.30000000e-01   -7.00000000e-01    2.44833192e-05
179     -8.20000000e-01   -7.00000000e-01    2.44291320e-05
180     -8.10000000e-01   -7.00000000e-01    2.43766640e-05
181     -8.00000000e-01   -7.00000000e-01    2.43259383e-05
182     -7.90000000e-01   -7.00000000e-01    2.42769742e-05
183     -7.80000000e-01   -7.00000000e-01    2.42297880e-05
184     -7.70000000e-01   -7.00000000e-01    2.41843914e-05
185     -7.60000000e-01   -7.00000000e-01    2.41407924e-05
186     -7.50000000e-01   -7.00000000e-01    2.40989939e-05
187     -7.40000000e-01   -7.00000000e-01    2.40589942e-05
188     -7.30000000e-01   -7.00000000e-01    2.40207860e-05
189     -7.20000000e-01   -7.00000000e-01    2.39843564e-05
190     -7.10000000e-01   -7.00000000e-01    2.39496859e-05
191     -7.00000000e-01   -7.00000000e-01    2.39167482e-05
192     -6.90000000e-01   -7.00000000e-01    2.38855092e-05
193     -6.80000000e-01   -7.00000000e-01    2.38559257e-05
194     -6.70000000e-01   -7.00000000e-01    2.38279445e-05
195     -6.60000000e-01   -7.00000000e-01    2.38015000e-05
196     -6.50000000e-01   -7.00000000e-01    2.37765119e-05
197     -6.40000000e-01   -7.00000000e-01    2.37528816e-05
198     -6.30000000e-01   -7.00000000e-01    2.37304884e-05
199     -6.20000000e-01   -7.00000000e-01    2.37091825e-05
200     -6.10000000e-01   -7.00000000e-01    2.36887786e-05
201     -6.00000000e-01   -7.00000000e-01    2.36690452e-05
202     -5.90000000e-01   -7.00000000e-01    2.36496935e-05
203     -5.80000000e-01   -7.00000000e-01    2.36303630e-05
204     -5.70000000e-01   -7.00000000e-01    2.36106059e-05
205     -5.60000000e-01   -7.00000000e-01    2.35898715e-05
206     -5.50000000e-01   -7.00000000e-01    2.35674916e-05
207     -5.40000000e-01   -7.00000000e-01    2.35426708e-05
208     -5.30000000e-01   -7.00000000e-01    2.35144842e-05
209     -5.20000000e-01   -7.00000000e-01    2.34818858e-05
210     -5.10000000e-01   -7.00000000e-01    2.34437263e-05
211     -5.00000000e-01   -7.00000000e-01    2.33987824e-05
212     -4.90000000e-01   -7.00000000e-01    2.33457903e-05
213     -4.80000000e-01   -7.00000000e-01    2.32834815e-05
214     -4.70000000e-01   -7.00000000e-01    2.32106146e-05
215     -4.60000000e-01   -7.00000000e-01    2.31260008e-05
216     -4.50000000e-01   -7.00000000e-01    2.30285238e-05
217     -4.40000000e-01   -7.00000000e-01    2.29171525e-05
218     -4.30000000e-01   -7.00000000e-01    2.27909498e-05
219     -4.20000000e-01   -7.00000000e-01    2.26490748e-05
220     -4.10000000e-01   -7.00000000e-01    2.24907821e-05
221     -4.00000000e-01   -7.00000000e-01    2.23154187e-05
222     -3.90000000e-01   -7.00000000e-01    2.21224190e-05
223     -3.80000000e-01   -7.00000000e-01    2.19112988e-05
224     -3.70000000e-01   -7.00000000e-01    2.16816498e-05
225     -3.60000000e-01   -7.00000000e-01    2.14331332e-05
226     -3.50000000e-01   -7.00000000e-01    2.11654739e-05
227     -3.40000000e-01   -7.00000000e-01    2.08784547e-05
228     -3.30000000e-01   -7.00000000e-01    2.05719108e-05
229     -3.20000000e-01   -7.00000000e-01    2.02457248e-05
230     -3.10000000e-01   -7.00000000e-01    1.98998218e-05
231     -3.00000000e-01   -7.00000000e-01    1.95341651e-05
232     -2.90000000e-01   -7.00000000e-01    1.91487520e-05
233     -2.80000000e-01   -7.00000000e-01    1.87436102e-05
234     -2.70000000e-01   -7.00000000e-01    1.83187940e-05
235     -2.60000000e-01   -7.00000000e-01    1.78743818e-05
236     -2.50000000e-01   -7.00000000e-01    1.74104724e-05
237     -2.40000000e-01   -7.00000000e-01    1.69271832e-05
238     -2.30000000e-01   -7.00000000e-01    1.64246476e-05
239     -2.20000000e-01   -7.00000000e-01    1.59030129e-05
240     -2.10000000e-01   -7.00000000e-01    1.53624383e-05
241     -2.00000000e-01   -7.00000000e-01    1.48030940e-05
242     -1.90000000e-01   -7.00000000e-01    1.42251588e-05
243     -1.80000000e-01   -7.00000000e-01    1.36288199e-05
244     -1.70000000e-01   -7.00000000e-01    1.30142714e-05
245     -1.60000000e-01   -7.00000000e-01    1.23817134e-05
246     -1.50000000e-01   -7.00000000e-01    1.17313519e-05
247     -1.40000000e-01   -7.00000000e-01    1.10633980e-05
248     -1.30000000e-01   -7.00000000e-01    1.03780681e-05
249     -1.20000000e-01   -7.00000000e-01    9.67558370e-06
250     -1.10000000e-01   -7.00000000e-01    8.95617188e-06
251     -1.00000000e-01   -7.00000000e-01    8.22006582e-06
252     -9.00000000e-02   -7.00000000e-01    7.46750512e-06
253     -8.00000000e-02   -7.00000000e-01    6.69873525e-06
254     -7.00000000e-02   -7.00000000e-01    5.91400517e-06
255     -6.00000000e-02   -7.00000000e-01    5.11356424e-06
256     -5.00000000e-02   -7.00000000e-01    4.29766805e-06
257     -4.00000000e-02   -7.00000000e-01    3.46661323e-06
258     -3.00000000e-02   -7.00000000e-01    2.62080265e-06
259     -2.00000000e-02   -7.00000000e-01    1.76077026e-06
260     -1.00000000e-02   -7.00000000e-01    8.87058966e-07
261      0.00000000e+00   -7.00000000e-01    2.41699388e-28
262     -1.30000000e+00   -4.00000000e-01    8.31800795e-06
263     -1.29000000e+00   -4.00000000e-01    8.28520825e-06
264     -1.28000000e+00   -4.00000000e-01    8.25246714e-06
265     -1.27000000e+00   -4.00000000e-01    8.21978527e-06
266     -1.26000000e+00   -4.00000000e-01    8.18716335e-06
267     -1.25000000e+00   -4.00000000e-01    8.15460211e-06
268     -1.24000000e+00   -4.00000000e-01    8.12210236e-06
269     -1.23000000e+00   -4.00000000e-01    8.08966492e-06
270     -1.22000000e+00   -4.00000000e-01    8.05729071e-06
271     -1.21000000e+00   -4.00000000e-01    8.02498066e-06
272     -1.20000000e+00   -4.00000000e-01    7.99273580e-06
273     -1.19000000e+00   -4.00000000e-01    7.96055720e-06
274     -1.18000000e+00   -4.00000000e-01    7.92844601e-06
275     -1.17000000e+00   -4.00000000e-01    7.89640347e-06
276     -1.16000000e+00   -4.00000000e-01    7.86443086e-06
277     -1.15000000e+00   -4.00000000e-01    7.83252959e-06
278     -1.14000000e+00   -4.00000000e-01    7.80070113e-06
279     -1.13000000e+00   -4.00000000e-01    7.76894707e-06
280     -1.12000000e+00   -4.00000000e-01    7.73726909e-06
281     -1.11000000e+00   -4.00000000e-01    7.70566900e-06
282     -1.10000000e+00   -4.00000000e-01    7.67414871e-06
283     -1.09000000e+00   -4.00000000e-01    7.64271029e-06
284     -1.08000000e+00   -4.00000000e-01    7.61135591e-06
285     -1.07000000e+00   -4.00000000e-01    7.58008792e-06
286     -1.06000000e+00   -4.00000000e-01    7.54890881e-06
287     -1.05000000e+00   -4.00000000e-01    7.51782127e-06
288     -1.04000000e+00   -4.00000000e-01    7.48682815e-06
289     -1.03000000e+00   -4.00000000e-01    7.45593249e-06
290     -1.02000000e+00   -4.00000000e-01    7.42513758e-06
291     -1.01000000e+00   -4.00000000e-01    7.39444688e-06
292     -1.00000000e+00   -4.00000000e-01    7.36386415e-06
293     -9.90000000e-01   -4.00000000e-01    7.33339337e-06
294     -9.80000000e-01   -4.00000000e-01    7.30303881e-06
295     -9.70000000e-01   -4.00000000e-01    7.27280506e-06
296     -9.60000000e-01   -4.00000000e-01    7.24269698e-06
297     -9.50000000e-01   -4.00000000e-01    7.21271982e-06
298     -9.40000000e-01   -4.00000000e-01    7.18287917e-06
299     -9.30000000e-01   -4.00000000e-01    7.15318102e-06
300     -9.20000000e-01   -4.00000000e-01    7.12363174e-06
301     -9.10000000e-01   -4.00000000e-01    7.09423820e-06
302     -9.00000000e-01   -4.00000000e-01    7.06500769e-06
303     -8.90000000e-01   -4.00000000e-01    7.03594802e-06
304     -8.80000000e-01   -4.00000000e-01    7.00706753e-06
305     -8.70000000e-01   -4.00000000e-01    6.97837512e-06
306     -8.60000000e-01   -4.00000000e-01    6.94988027e-06
307     -8.50000000e-01   -4.00000000e-01    6.92159312e-06
308     -8.40000000e-01   -4.00000000e-01    6.89352443e-06
309     -8.30000000e-01   -4.00000000e-01    6.86568566e-06
310     -8.20000000e-01   -4.00000000e-01    6.83808900e-06
311     -8.10000000e-01   -4.00000000e-01    6.81074739e-06
312     -8.00000000e-01   -4.00000000e-01    6.78367454e-06
313     -7.90000000e-01   -4.00000000e-01    6.75688496e-06
314     -7.80000000e-01   -4.00000000e-01    6.73039398e-06
315     -7.70000000e-01   -4.00000000e-01    6.70421779e-06
316     -7.60000000e-01   -4.00000000e-01    6.67837339e-06
317     -7.50000000e-01   -4.00000000e-01    6.65287865e-06
318     -7.40000000e-01   -4.00000000e-01    6.62775228e-06
319     -7.30000000e-01   -4.00000000e-01    6.60301379e-06
320     -7.20000000e-01   -4.00000000e-01    6.57868348e-06
321     -7.10000000e-01   -4.00000000e-01    6.55478238e-06
322     -7.00000000e-01   -4.00000000e-01    6.53133220e-06
323     -6.90000000e-01   -4.00000000e-01    6.50835524e-06
324     -6.80000000e-01   -4.00000000e-01    6.48587426e-06
325     -6.70000000e-01   -4.00000000e-01    6.46391240e-06
326     -6.60000000e-01   -4.00000000e-01    6.44249297e-06
327     -6.50000000e-01   -4.00000000e-01    6.42163933e-06
328     -6.40000000e-01   -4.00000000e-01    6.40137467e-06
329     -6.30000000e-01   -4.00000000e-01    6.38172175e-06
330     -6.20000000e-01   -4.00000000e-01    6.36270270e-06
331     -6.10000000e-01   -4.00000000e-01    6.34433872e-06
332     -6.00000000e-01   -4.00000000e-01    6.32664979e-06
333     -5.90000000e-01   -4.00000000e-01    6.30965439e-06
334     -5.80000000e-01   -4.00000000e-01    6.29336913e-06
335     -5.70000000e-01   -4.00000000e-01    6.27780849e-06
336     -5.60000000e-01   -4.00000000e-01    6.26298449e-06
337     -5.50000000e-01   -4.00000000e-01    6.24890634e-06
338     -5.40000000e-01   -4.00000000e-01    6.23558023e-06
339     -5.30000000e-01   -4.00000000e-01    6.22300900e-06
340     -5.20000000e-01   -4.00000000e-01    6.21119198e-06
341     -5.10000000e-01   -4.00000000e-01    6.20012473e-06
342     -5.00000000e-01   -4.00000000e-01    6.18979892e-06
343     -4.90000000e-01   -4.00000000e-01    6.18020220e-06
344     -4.80000000e-01   -4.00000000e-01    6.17131811e-06
345     -4.70000000e-01   -4.00000000e-01    6.16312596e-06
346     -4.60000000e-01   -4.00000000e-01    6.15560078e-06
347     -4.50000000e-01   -4.00000000e-01    6.14871313e-06
348     -4.40000000e-01   -4.00000000e-01    6.14242888e-06
349     -4.30000000e-01   -4.00000000e-01    6.13670883e-06
350     -4.20000000e-01   -4.00000000e-01    6.13150803e-06
351     -4.10000000e-01   -4.00000000e-01    6.12677481e-06
352     -4.00000000e-01   -4.00000000e-01    6.12244925e-06
353     -3.90000000e-01   -4.00000000e-01    6.11846089e-06
354     -3.80000000e-01   -4.00000000e-01    6.11472550e-06
355     -3.70000000e-01   -4.00000000e-01    6.11114043e-06
356     -3.60000000e-01   -4.00000000e-01    6.10757820e-06
357     -3.50000000e-01   -4.00000000e-01    6.10387772e-06
358     -3.40000000e-01   -4.00000000e-01    6.09983270e-06
359     -3.30000000e-01   -4.00000000e-01    6.09517663e-06
360     -3.20000000e-01   -4.00000000e-01    6.08956419e-06
361     -3.10000000e-01   -4.00000000e-01    6.08254947e-06
362     -3.00000000e-01   -4.00000000e-01    6.07356254e-06
363     -2.90000000e-01   -4.00000000e-01    6.06188718e-06
364     -2.80000000e-01   -4.00000000e-01    6.04664474e-06
365     -2.70000000e-01   -4.00000000e-01    6.02678933e-06
366     -2.60000000e-01   -4.00000000e-01    6.00111959e-06
367     -2.50000000e-01   -4.00000000e-01    5.96830856e-06
368     -2.40000000e-01   -4.00000000e-01    5.92694911e-06
369     -2.30000000e-01   -4.00000000e-01    5.87560784e-06
370     -2.20000000e-01   -4.00000000e-01    5.81287809e-06
371     -2.10000000e-01   -4.00000000e-01    5.73742365e-06
372     -2.00000000e-01   -4.00000000e-01    5.64800925e-06
373     -1.90000000e-01   -4.00000000e-01    5.54351906e-06
374     -1.80000000e-01   -4.00000000e-01    5.42296576e-06
375     -1.70000000e-01   -4.00000000e-01    5.28549182e-06
376     -1.60000000e-01   -4.00000000e-01    5.13036480e-06
377     -1.50000000e-01   -4.00000000e-01    4.95696883e-06
378     -1.40000000e-01   -4.00000000e-01    4.76479443e-06
379     -1.30000000e-01   -4.00000000e-01    4.55342795e-06
380     -1.20000000e-01   -4.00000000e-01    4.32254174e-06
381     -1.10000000e-01   -4.00000000e-01    4.07188522e-06
382     -1.00000000e-01   -4.00000000e-01    3.80127708e-06
383     -9.00000000e-02   -4.00000000e-01    3.51059833e-06
384     -8.00000000e-02   -4.00000000e-01    3.19978488e-06
385     -7.00000000e-02   -4.00000000e-01    2.86881854e-06
386     -6.00000000e-02   -4.00000000e-01    2.51771746e-06
387     -5.00000000e-02   -4.00000000e-01    2.14653987e-06
388     -4.00000000e-02   -4.00000000e-01    1.75542914e-06
389     -3.00000000e-02   -4.00000000e-01    1.34470365e-06
390     -2.00000000e-02   -4.00000000e-01    9.14892300e-07
391     -1.00000000e-02   -4.00000000e-01    4.66561787e-07
392      0.00000000e+00   -4.00000000e-01   -1.48321551e-28
End of Xyce(TM) Simulation
