Index       V(G)              V(B)              I(VD)      
0       -1.30000000e+00    0.00000000e+00    6.74045257e-06
1       -1.29000000e+00    0.00000000e+00    6.71570607e-06
2       -1.28000000e+00    0.00000000e+00    6.69057624e-06
3       -1.27000000e+00    0.00000000e+00    6.66505736e-06
4       -1.26000000e+00    0.00000000e+00    6.63914362e-06
5       -1.25000000e+00    0.00000000e+00    6.61282914e-06
6       -1.24000000e+00    0.00000000e+00    6.58610793e-06
7       -1.23000000e+00    0.00000000e+00    6.55897395e-06
8       -1.22000000e+00    0.00000000e+00    6.53142104e-06
9       -1.21000000e+00    0.00000000e+00    6.50344297e-06
10      -1.20000000e+00    0.00000000e+00    6.47503344e-06
11      -1.19000000e+00    0.00000000e+00    6.44618603e-06
12      -1.18000000e+00    0.00000000e+00    6.41689426e-06
13      -1.17000000e+00    0.00000000e+00    6.38715154e-06
14      -1.16000000e+00    0.00000000e+00    6.35695123e-06
15      -1.15000000e+00    0.00000000e+00    6.32628655e-06
16      -1.14000000e+00    0.00000000e+00    6.29515069e-06
17      -1.13000000e+00    0.00000000e+00    6.26353670e-06
18      -1.12000000e+00    0.00000000e+00    6.23143757e-06
19      -1.11000000e+00    0.00000000e+00    6.19884621e-06
20      -1.10000000e+00    0.00000000e+00    6.16575543e-06
21      -1.09000000e+00    0.00000000e+00    6.13215795e-06
22      -1.08000000e+00    0.00000000e+00    6.09804641e-06
23      -1.07000000e+00    0.00000000e+00    6.06341337e-06
24      -1.06000000e+00    0.00000000e+00    6.02825131e-06
25      -1.05000000e+00    0.00000000e+00    5.99255262e-06
26      -1.04000000e+00    0.00000000e+00    5.95630960e-06
27      -1.03000000e+00    0.00000000e+00    5.91951449e-06
28      -1.02000000e+00    0.00000000e+00    5.88215943e-06
29      -1.01000000e+00    0.00000000e+00    5.84423651e-06
30      -1.00000000e+00    0.00000000e+00    5.80573772e-06
31      -9.90000000e-01    0.00000000e+00    5.76665500e-06
32      -9.80000000e-01    0.00000000e+00    5.72698021e-06
33      -9.70000000e-01    0.00000000e+00    5.68670515e-06
34      -9.60000000e-01    0.00000000e+00    5.64582155e-06
35      -9.50000000e-01    0.00000000e+00    5.60432109e-06
36      -9.40000000e-01    0.00000000e+00    5.56219539e-06
37      -9.30000000e-01    0.00000000e+00    5.51943602e-06
38      -9.20000000e-01    0.00000000e+00    5.47603452e-06
39      -9.10000000e-01    0.00000000e+00    5.43198237e-06
40      -9.00000000e-01    0.00000000e+00    5.38727102e-06
41      -8.90000000e-01    0.00000000e+00    5.34189190e-06
42      -8.80000000e-01    0.00000000e+00    5.29583643e-06
43      -8.70000000e-01    0.00000000e+00    5.24909599e-06
44      -8.60000000e-01    0.00000000e+00    5.20166198e-06
45      -8.50000000e-01    0.00000000e+00    5.15352579e-06
46      -8.40000000e-01    0.00000000e+00    5.10467883e-06
47      -8.30000000e-01    0.00000000e+00    5.05511255e-06
48      -8.20000000e-01    0.00000000e+00    5.00481841e-06
49      -8.10000000e-01    0.00000000e+00    4.95378793e-06
50      -8.00000000e-01    0.00000000e+00    4.90201271e-06
51      -7.90000000e-01    0.00000000e+00    4.84948440e-06
52      -7.80000000e-01    0.00000000e+00    4.79619477e-06
53      -7.70000000e-01    0.00000000e+00    4.74213567e-06
54      -7.60000000e-01    0.00000000e+00    4.68729912e-06
55      -7.50000000e-01    0.00000000e+00    4.63167726e-06
56      -7.40000000e-01    0.00000000e+00    4.57526241e-06
57      -7.30000000e-01    0.00000000e+00    4.51804708e-06
58      -7.20000000e-01    0.00000000e+00    4.46002402e-06
59      -7.10000000e-01    0.00000000e+00    4.40118621e-06
60      -7.00000000e-01    0.00000000e+00    4.34152693e-06
61      -6.90000000e-01    0.00000000e+00    4.28103974e-06
62      -6.80000000e-01    0.00000000e+00    4.21971857e-06
63      -6.70000000e-01    0.00000000e+00    4.15755775e-06
64      -6.60000000e-01    0.00000000e+00    4.09455202e-06
65      -6.50000000e-01    0.00000000e+00    4.03069659e-06
66      -6.40000000e-01    0.00000000e+00    3.96598720e-06
67      -6.30000000e-01    0.00000000e+00    3.90042018e-06
68      -6.20000000e-01    0.00000000e+00    3.83399247e-06
69      -6.10000000e-01    0.00000000e+00    3.76670173e-06
70      -6.00000000e-01    0.00000000e+00    3.69854639e-06
71      -5.90000000e-01    0.00000000e+00    3.62952572e-06
72      -5.80000000e-01    0.00000000e+00    3.55963991e-06
73      -5.70000000e-01    0.00000000e+00    3.48889018e-06
74      -5.60000000e-01    0.00000000e+00    3.41727888e-06
75      -5.50000000e-01    0.00000000e+00    3.34480955e-06
76      -5.40000000e-01    0.00000000e+00    3.27148712e-06
77      -5.30000000e-01    0.00000000e+00    3.19731798e-06
78      -5.20000000e-01    0.00000000e+00    3.12231014e-06
79      -5.10000000e-01    0.00000000e+00    3.04647340e-06
80      -5.00000000e-01    0.00000000e+00    2.96981953e-06
81      -4.90000000e-01    0.00000000e+00    2.89236244e-06
82      -4.80000000e-01    0.00000000e+00    2.81411841e-06
83      -4.70000000e-01    0.00000000e+00    2.73510634e-06
84      -4.60000000e-01    0.00000000e+00    2.65534802e-06
85      -4.50000000e-01    0.00000000e+00    2.57486838e-06
86      -4.40000000e-01    0.00000000e+00    2.49369588e-06
87      -4.30000000e-01    0.00000000e+00    2.41186285e-06
88      -4.20000000e-01    0.00000000e+00    2.32940590e-06
89      -4.10000000e-01    0.00000000e+00    2.24636640e-06
90      -4.00000000e-01    0.00000000e+00    2.16279096e-06
91      -3.90000000e-01    0.00000000e+00    2.07873208e-06
92      -3.80000000e-01    0.00000000e+00    1.99424873e-06
93      -3.70000000e-01    0.00000000e+00    1.90940714e-06
94      -3.60000000e-01    0.00000000e+00    1.82428161e-06
95      -3.50000000e-01    0.00000000e+00    1.73895544e-06
96      -3.40000000e-01    0.00000000e+00    1.65352199e-06
97      -3.30000000e-01    0.00000000e+00    1.56808586e-06
98      -3.20000000e-01    0.00000000e+00    1.48276421e-06
99      -3.10000000e-01    0.00000000e+00    1.39768821e-06
100     -3.00000000e-01    0.00000000e+00    1.31300470e-06
101     -2.90000000e-01    0.00000000e+00    1.22887800e-06
102     -2.80000000e-01    0.00000000e+00    1.14549177e-06
103     -2.70000000e-01    0.00000000e+00    1.06305109e-06
104     -2.60000000e-01    0.00000000e+00    9.81784506e-07
105     -2.50000000e-01    0.00000000e+00    9.01945870e-07
106     -2.40000000e-01    0.00000000e+00    8.23815814e-07
107     -2.30000000e-01    0.00000000e+00    7.47702292e-07
108     -2.20000000e-01    0.00000000e+00    6.73939596e-07
109     -2.10000000e-01    0.00000000e+00    6.02885135e-07
110     -2.00000000e-01    0.00000000e+00    5.34913419e-07
111     -1.90000000e-01    0.00000000e+00    4.70406991e-07
112     -1.80000000e-01    0.00000000e+00    4.09743993e-07
113     -1.70000000e-01    0.00000000e+00    3.53281629e-07
114     -1.60000000e-01    0.00000000e+00    3.01335255e-07
115     -1.50000000e-01    0.00000000e+00    2.54154579e-07
116     -1.40000000e-01    0.00000000e+00    2.11899999e-07
117     -1.30000000e-01    0.00000000e+00    1.74622667e-07
118     -1.20000000e-01    0.00000000e+00    1.42251982e-07
119     -1.10000000e-01    0.00000000e+00    1.14593959e-07
120     -1.00000000e-01    0.00000000e+00    9.13423654e-08
121     -9.00000000e-02    0.00000000e+00    7.21013993e-08
122     -8.00000000e-02    0.00000000e+00    5.64159884e-08
123     -7.00000000e-02    0.00000000e+00    4.38046078e-08
124     -6.00000000e-02    0.00000000e+00    3.37897439e-08
125     -5.00000000e-02    0.00000000e+00    2.59223577e-08
126     -4.00000000e-02    0.00000000e+00    1.97984799e-08
127     -3.00000000e-02    0.00000000e+00    1.50678671e-08
128     -2.00000000e-02    0.00000000e+00    1.14359899e-08
129     -1.00000000e-02    0.00000000e+00    8.66126368e-09
130      0.00000000e+00    0.00000000e+00    6.54946003e-09
131      1.00000000e-02    0.00000000e+00    4.94688274e-09
132      2.00000000e-02    0.00000000e+00    3.73341071e-09
133      3.00000000e-02    0.00000000e+00    2.81606123e-09
134      4.00000000e-02    0.00000000e+00    2.12338647e-09
135      5.00000000e-02    0.00000000e+00    1.60079169e-09
136      6.00000000e-02    0.00000000e+00    1.20673481e-09
137      7.00000000e-02    0.00000000e+00    9.09704567e-10
138      8.00000000e-02    0.00000000e+00    6.85853524e-10
139      9.00000000e-02    0.00000000e+00    5.17164509e-10
140      1.00000000e-01    0.00000000e+00    3.90041574e-10
141      1.10000000e-01    0.00000000e+00    2.94233686e-10
142      1.20000000e-01    0.00000000e+00    2.22016168e-10
143      1.30000000e-01    0.00000000e+00    1.67570150e-10
144      1.40000000e-01    0.00000000e+00    1.26513239e-10
145      1.50000000e-01    0.00000000e+00    9.55451618e-11
146      1.60000000e-01    0.00000000e+00    7.21805251e-11
147      1.70000000e-01    0.00000000e+00    5.45474552e-11
148      1.80000000e-01    0.00000000e+00    4.12359565e-11
149      1.90000000e-01    0.00000000e+00    3.11837548e-11
150      2.00000000e-01    0.00000000e+00    2.35903767e-11
151      2.10000000e-01    0.00000000e+00    1.78524851e-11
152      2.20000000e-01    0.00000000e+00    1.35152131e-11
153      2.30000000e-01    0.00000000e+00    1.02355351e-11
154      2.40000000e-01    0.00000000e+00    7.75469324e-12
155      2.50000000e-01    0.00000000e+00    5.87743841e-12
156      2.60000000e-01    0.00000000e+00    4.45639768e-12
157      2.70000000e-01    0.00000000e+00    3.38029973e-12
158      2.80000000e-01    0.00000000e+00    2.56510398e-12
159      2.90000000e-01    0.00000000e+00    1.94731572e-12
160      3.00000000e-01    0.00000000e+00    1.47894696e-12
161      3.10000000e-01    0.00000000e+00    1.12371697e-12
162      3.20000000e-01    0.00000000e+00    8.54186612e-13
163      3.30000000e-01    0.00000000e+00    6.49596254e-13
164      3.40000000e-01    0.00000000e+00    4.94234143e-13
165      3.50000000e-01    0.00000000e+00    3.76204607e-13
166      3.60000000e-01    0.00000000e+00    2.86497850e-13
167      3.70000000e-01    0.00000000e+00    2.18287259e-13
168      3.80000000e-01    0.00000000e+00    1.66398406e-13
169      3.90000000e-01    0.00000000e+00    1.26907651e-13
170      4.00000000e-01    0.00000000e+00    9.68386128e-14
171      4.10000000e-01    0.00000000e+00    7.39325708e-14
172      4.20000000e-01    0.00000000e+00    5.64747183e-14
173      4.30000000e-01    0.00000000e+00    4.31626428e-14
174      4.40000000e-01    0.00000000e+00    3.30067303e-14
175      4.50000000e-01    0.00000000e+00    2.52547163e-14
176      4.60000000e-01    0.00000000e+00    1.93345097e-14
177      4.70000000e-01    0.00000000e+00    1.48108457e-14
178      4.80000000e-01    0.00000000e+00    1.13524112e-14
179      4.90000000e-01    0.00000000e+00    8.70690211e-15
180      5.00000000e-01    0.00000000e+00    6.68209197e-15
181      5.10000000e-01    0.00000000e+00    5.13145631e-15
182      5.20000000e-01    0.00000000e+00    3.94325273e-15
183      5.30000000e-01    0.00000000e+00    3.03222216e-15
184      5.40000000e-01    0.00000000e+00    2.33327937e-15
185      5.50000000e-01    0.00000000e+00    1.79671396e-15
186      5.60000000e-01    0.00000000e+00    1.38453859e-15
187      5.70000000e-01    0.00000000e+00    1.06770888e-15
188      5.80000000e-01    0.00000000e+00    8.24006003e-16
189      5.90000000e-01    0.00000000e+00    6.36423226e-16
190      6.00000000e-01    0.00000000e+00    4.91935929e-16
191      6.10000000e-01    0.00000000e+00    3.80563443e-16
192      6.20000000e-01    0.00000000e+00    2.94653172e-16
193      6.30000000e-01    0.00000000e+00    2.28334032e-16
194      6.40000000e-01    0.00000000e+00    1.77098972e-16
195      6.50000000e-01    0.00000000e+00    1.37485904e-16
196      6.60000000e-01    0.00000000e+00    1.06833737e-16
197      6.70000000e-01    0.00000000e+00    8.30957282e-17
198      6.80000000e-01    0.00000000e+00    6.46966059e-17
199      6.90000000e-01    0.00000000e+00    5.04231439e-17
200      7.00000000e-01    0.00000000e+00    3.93403052e-17
201      7.10000000e-01    0.00000000e+00    3.07269437e-17
202      7.20000000e-01    0.00000000e+00    2.40264741e-17
203      7.30000000e-01    0.00000000e+00    1.88090024e-17
204      7.40000000e-01    0.00000000e+00    1.47422367e-17
205      7.50000000e-01    0.00000000e+00    1.15691293e-17
206      7.60000000e-01    0.00000000e+00    9.09068076e-18
207      7.70000000e-01    0.00000000e+00    7.15270638e-18
208      7.80000000e-01    0.00000000e+00    5.63564463e-18
209      7.90000000e-01    0.00000000e+00    4.44670368e-18
210      8.00000000e-01    0.00000000e+00    3.51380498e-18
211      8.10000000e-01    0.00000000e+00    2.78090971e-18
212      8.20000000e-01    0.00000000e+00    2.20440965e-18
213      8.30000000e-01    0.00000000e+00    1.75033808e-18
214      8.40000000e-01    0.00000000e+00    1.39221270e-18
215      8.50000000e-01    0.00000000e+00    1.10936618e-18
216      8.60000000e-01    0.00000000e+00    8.85653031e-19
217      8.70000000e-01    0.00000000e+00    7.08447228e-19
218      8.80000000e-01    0.00000000e+00    5.67864530e-19
219      8.90000000e-01    0.00000000e+00    4.56158662e-19
220      9.00000000e-01    0.00000000e+00    3.67252086e-19
221      9.10000000e-01    0.00000000e+00    2.96371038e-19
222      9.20000000e-01    0.00000000e+00    2.39761415e-19
223      9.30000000e-01    0.00000000e+00    1.94467404e-19
224      9.40000000e-01    0.00000000e+00    1.58158830e-19
225      9.50000000e-01    0.00000000e+00    1.28996379e-19
226      9.60000000e-01    0.00000000e+00    1.05526282e-19
227      9.70000000e-01    0.00000000e+00    8.65979374e-20
228      9.80000000e-01    0.00000000e+00    7.12994055e-20
229      9.90000000e-01    0.00000000e+00    5.89068485e-20
230      1.00000000e+00    0.00000000e+00    4.88448485e-20
231      1.01000000e+00    0.00000000e+00    4.06552277e-20
232      1.02000000e+00    0.00000000e+00    3.39725124e-20
233      1.03000000e+00    0.00000000e+00    2.85045954e-20
234      1.04000000e+00    0.00000000e+00    2.40174722e-20
235      1.05000000e+00    0.00000000e+00    2.03231850e-20
236      1.06000000e+00    0.00000000e+00    1.72703296e-20
237      1.07000000e+00    0.00000000e+00    1.47366665e-20
238      1.08000000e+00    0.00000000e+00    1.26235035e-20
239      1.09000000e+00    0.00000000e+00    1.08514707e-20
240      1.10000000e+00    0.00000000e+00    9.35712894e-21
241      1.11000000e+00    0.00000000e+00    8.08987718e-21
242      1.12000000e+00    0.00000000e+00    7.00914656e-21
243      1.13000000e+00    0.00000000e+00    6.08228301e-21
244      1.14000000e+00    0.00000000e+00    5.28326457e-21
245      1.15000000e+00    0.00000000e+00    4.59184831e-21
246      1.16000000e+00    0.00000000e+00    3.99256973e-21
247      1.17000000e+00    0.00000000e+00    3.47341290e-21
248      1.18000000e+00    0.00000000e+00    3.02448891e-21
249      1.19000000e+00    0.00000000e+00    2.63712752e-21
250      1.20000000e+00    0.00000000e+00    2.30346174e-21
251      1.21000000e+00    0.00000000e+00    2.01632838e-21
252      1.22000000e+00    0.00000000e+00    1.76928526e-21
253      1.23000000e+00    0.00000000e+00    1.55663070e-21
254      1.24000000e+00    0.00000000e+00    1.37338502e-21
255      1.25000000e+00    0.00000000e+00    1.21524251e-21
256      1.26000000e+00    0.00000000e+00    1.07850846e-21
257      1.27000000e+00    0.00000000e+00    9.60029825e-22
258      1.28000000e+00    0.00000000e+00    8.57126123e-22
259      1.29000000e+00    0.00000000e+00    7.67524279e-22
260      1.30000000e+00    0.00000000e+00    6.89299477e-22
261     -1.30000000e+00   -1.00000000e-01    6.81376802e-06
262     -1.29000000e+00   -1.00000000e-01    6.78935071e-06
263     -1.28000000e+00   -1.00000000e-01    6.76455183e-06
264     -1.27000000e+00   -1.00000000e-01    6.73936564e-06
265     -1.26000000e+00   -1.00000000e-01    6.71378634e-06
266     -1.25000000e+00   -1.00000000e-01    6.68780802e-06
267     -1.24000000e+00   -1.00000000e-01    6.66142471e-06
268     -1.23000000e+00   -1.00000000e-01    6.63463035e-06
269     -1.22000000e+00   -1.00000000e-01    6.60741879e-06
270     -1.21000000e+00   -1.00000000e-01    6.57978379e-06
271     -1.20000000e+00   -1.00000000e-01    6.55171902e-06
272     -1.19000000e+00   -1.00000000e-01    6.52321808e-06
273     -1.18000000e+00   -1.00000000e-01    6.49427446e-06
274     -1.17000000e+00   -1.00000000e-01    6.46488158e-06
275     -1.16000000e+00   -1.00000000e-01    6.43503277e-06
276     -1.15000000e+00   -1.00000000e-01    6.40472125e-06
277     -1.14000000e+00   -1.00000000e-01    6.37394019e-06
278     -1.13000000e+00   -1.00000000e-01    6.34268263e-06
279     -1.12000000e+00   -1.00000000e-01    6.31094154e-06
280     -1.11000000e+00   -1.00000000e-01    6.27870982e-06
281     -1.10000000e+00   -1.00000000e-01    6.24598025e-06
282     -1.09000000e+00   -1.00000000e-01    6.21274554e-06
283     -1.08000000e+00   -1.00000000e-01    6.17899832e-06
284     -1.07000000e+00   -1.00000000e-01    6.14473111e-06
285     -1.06000000e+00   -1.00000000e-01    6.10993636e-06
286     -1.05000000e+00   -1.00000000e-01    6.07460645e-06
287     -1.04000000e+00   -1.00000000e-01    6.03873364e-06
288     -1.03000000e+00   -1.00000000e-01    6.00231015e-06
289     -1.02000000e+00   -1.00000000e-01    5.96532810e-06
290     -1.01000000e+00   -1.00000000e-01    5.92777952e-06
291     -1.00000000e+00   -1.00000000e-01    5.88965638e-06
292     -9.90000000e-01   -1.00000000e-01    5.85095058e-06
293     -9.80000000e-01   -1.00000000e-01    5.81165394e-06
294     -9.70000000e-01   -1.00000000e-01    5.77175821e-06
295     -9.60000000e-01   -1.00000000e-01    5.73125509e-06
296     -9.50000000e-01   -1.00000000e-01    5.69013619e-06
297     -9.40000000e-01   -1.00000000e-01    5.64839309e-06
298     -9.30000000e-01   -1.00000000e-01    5.60601731e-06
299     -9.20000000e-01   -1.00000000e-01    5.56300031e-06
300     -9.10000000e-01   -1.00000000e-01    5.51933353e-06
301     -9.00000000e-01   -1.00000000e-01    5.47500834e-06
302     -8.90000000e-01   -1.00000000e-01    5.43001611e-06
303     -8.80000000e-01   -1.00000000e-01    5.38434817e-06
304     -8.70000000e-01   -1.00000000e-01    5.33799584e-06
305     -8.60000000e-01   -1.00000000e-01    5.29095041e-06
306     -8.50000000e-01   -1.00000000e-01    5.24320319e-06
307     -8.40000000e-01   -1.00000000e-01    5.19474551e-06
308     -8.30000000e-01   -1.00000000e-01    5.14556868e-06
309     -8.20000000e-01   -1.00000000e-01    5.09566407e-06
310     -8.10000000e-01   -1.00000000e-01    5.04502310e-06
311     -8.00000000e-01   -1.00000000e-01    4.99363721e-06
312     -7.90000000e-01   -1.00000000e-01    4.94149793e-06
313     -7.80000000e-01   -1.00000000e-01    4.88859689e-06
314     -7.70000000e-01   -1.00000000e-01    4.83492580e-06
315     -7.60000000e-01   -1.00000000e-01    4.78047648e-06
316     -7.50000000e-01   -1.00000000e-01    4.72524092e-06
317     -7.40000000e-01   -1.00000000e-01    4.66921125e-06
318     -7.30000000e-01   -1.00000000e-01    4.61237977e-06
319     -7.20000000e-01   -1.00000000e-01    4.55473901e-06
320     -7.10000000e-01   -1.00000000e-01    4.49628172e-06
321     -7.00000000e-01   -1.00000000e-01    4.43700092e-06
322     -6.90000000e-01   -1.00000000e-01    4.37688992e-06
323     -6.80000000e-01   -1.00000000e-01    4.31594235e-06
324     -6.70000000e-01   -1.00000000e-01    4.25415221e-06
325     -6.60000000e-01   -1.00000000e-01    4.19151390e-06
326     -6.50000000e-01   -1.00000000e-01    4.12802228e-06
327     -6.40000000e-01   -1.00000000e-01    4.06367268e-06
328     -6.30000000e-01   -1.00000000e-01    3.99846099e-06
329     -6.20000000e-01   -1.00000000e-01    3.93238368e-06
330     -6.10000000e-01   -1.00000000e-01    3.86543791e-06
331     -6.00000000e-01   -1.00000000e-01    3.79762155e-06
332     -5.90000000e-01   -1.00000000e-01    3.72893324e-06
333     -5.80000000e-01   -1.00000000e-01    3.65937252e-06
334     -5.70000000e-01   -1.00000000e-01    3.58893990e-06
335     -5.60000000e-01   -1.00000000e-01    3.51763690e-06
336     -5.50000000e-01   -1.00000000e-01    3.44546621e-06
337     -5.40000000e-01   -1.00000000e-01    3.37243180e-06
338     -5.30000000e-01   -1.00000000e-01    3.29853899e-06
339     -5.20000000e-01   -1.00000000e-01    3.22379463e-06
340     -5.10000000e-01   -1.00000000e-01    3.14820725e-06
341     -5.00000000e-01   -1.00000000e-01    3.07178717e-06
342     -4.90000000e-01   -1.00000000e-01    2.99454674e-06
343     -4.80000000e-01   -1.00000000e-01    2.91650050e-06
344     -4.70000000e-01   -1.00000000e-01    2.83766539e-06
345     -4.60000000e-01   -1.00000000e-01    2.75806104e-06
346     -4.50000000e-01   -1.00000000e-01    2.67770997e-06
347     -4.40000000e-01   -1.00000000e-01    2.59663794e-06
348     -4.30000000e-01   -1.00000000e-01    2.51487424e-06
349     -4.20000000e-01   -1.00000000e-01    2.43245212e-06
350     -4.10000000e-01   -1.00000000e-01    2.34940910e-06
351     -4.00000000e-01   -1.00000000e-01    2.26578755e-06
352     -3.90000000e-01   -1.00000000e-01    2.18163510e-06
353     -3.80000000e-01   -1.00000000e-01    2.09700528e-06
354     -3.70000000e-01   -1.00000000e-01    2.01195816e-06
355     -3.60000000e-01   -1.00000000e-01    1.92656104e-06
356     -3.50000000e-01   -1.00000000e-01    1.84088932e-06
357     -3.40000000e-01   -1.00000000e-01    1.75502737e-06
358     -3.30000000e-01   -1.00000000e-01    1.66906959e-06
359     -3.20000000e-01   -1.00000000e-01    1.58312155e-06
360     -3.10000000e-01   -1.00000000e-01    1.49730128e-06
361     -3.00000000e-01   -1.00000000e-01    1.41174072e-06
362     -2.90000000e-01   -1.00000000e-01    1.32658725e-06
363     -2.80000000e-01   -1.00000000e-01    1.24200549e-06
364     -2.70000000e-01   -1.00000000e-01    1.15817910e-06
365     -2.60000000e-01   -1.00000000e-01    1.07531274e-06
366     -2.50000000e-01   -1.00000000e-01    9.93634006e-07
367     -2.40000000e-01   -1.00000000e-01    9.13395201e-07
368     -2.30000000e-01   -1.00000000e-01    8.34874627e-07
369     -2.20000000e-01   -1.00000000e-01    7.58377011e-07
370     -2.10000000e-01   -1.00000000e-01    6.84232401e-07
371     -2.00000000e-01   -1.00000000e-01    6.12792872e-07
372     -1.90000000e-01   -1.00000000e-01    5.44426573e-07
373     -1.80000000e-01   -1.00000000e-01    4.79508953e-07
374     -1.70000000e-01   -1.00000000e-01    4.18410913e-07
375     -1.60000000e-01   -1.00000000e-01    3.61483168e-07
376     -1.50000000e-01   -1.00000000e-01    3.09036422e-07
377     -1.40000000e-01   -1.00000000e-01    2.61318683e-07
378     -1.30000000e-01   -1.00000000e-01    2.18492535e-07
379     -1.20000000e-01   -1.00000000e-01    1.80615692e-07
380     -1.10000000e-01   -1.00000000e-01    1.47628275e-07
381     -1.00000000e-01   -1.00000000e-01    1.19350174e-07
382     -9.00000000e-02   -1.00000000e-01    9.54905441e-08
383     -8.00000000e-02   -1.00000000e-01    7.56686260e-08
384     -7.00000000e-02   -1.00000000e-01    5.94423309e-08
385     -6.00000000e-02   -1.00000000e-01    4.63397970e-08
386     -5.00000000e-02   -1.00000000e-01    3.58892382e-08
387     -4.00000000e-02   -1.00000000e-01    2.76434655e-08
388     -3.00000000e-02   -1.00000000e-01    2.11970699e-08
389     -2.00000000e-02   -1.00000000e-01    1.61959595e-08
390     -1.00000000e-02   -1.00000000e-01    1.23402811e-08
391      0.00000000e+00   -1.00000000e-01    9.38246550e-09
392      1.00000000e-02   -1.00000000e-01    7.12225303e-09
393      2.00000000e-02   -1.00000000e-01    5.40027274e-09
394      3.00000000e-02   -1.00000000e-01    4.09130911e-09
395      4.00000000e-02   -1.00000000e-01    3.09795707e-09
396      5.00000000e-02   -1.00000000e-01    2.34502327e-09
397      6.00000000e-02   -1.00000000e-01    1.77479857e-09
398      7.00000000e-02   -1.00000000e-01    1.34318688e-09
399      8.00000000e-02   -1.00000000e-01    1.01660454e-09
400      9.00000000e-02   -1.00000000e-01    7.69536137e-10
401      1.00000000e-01   -1.00000000e-01    5.82630406e-10
402      1.10000000e-01   -1.00000000e-01    4.41229571e-10
403      1.20000000e-01   -1.00000000e-01    3.34240727e-10
404      1.30000000e-01   -1.00000000e-01    2.53273748e-10
405      1.40000000e-01   -1.00000000e-01    1.91985047e-10
406      1.50000000e-01   -1.00000000e-01    1.45579300e-10
407      1.60000000e-01   -1.00000000e-01    1.10431782e-10
408      1.70000000e-01   -1.00000000e-01    8.38025088e-11
409      1.80000000e-01   -1.00000000e-01    6.36200468e-11
410      1.90000000e-01   -1.00000000e-01    4.83181153e-11
411      2.00000000e-01   -1.00000000e-01    3.67121376e-11
412      2.10000000e-01   -1.00000000e-01    2.79059902e-11
413      2.20000000e-01   -1.00000000e-01    2.12215702e-11
414      2.30000000e-01   -1.00000000e-01    1.61455944e-11
415      2.40000000e-01   -1.00000000e-01    1.22894119e-11
416      2.50000000e-01   -1.00000000e-01    9.35864120e-12
417      2.60000000e-01   -1.00000000e-01    7.13022520e-12
418      2.70000000e-01   -1.00000000e-01    5.43508859e-12
419      2.80000000e-01   -1.00000000e-01    4.14502537e-12
420      2.90000000e-01   -1.00000000e-01    3.16278225e-12
421      3.00000000e-01   -1.00000000e-01    2.41455656e-12
422      3.10000000e-01   -1.00000000e-01    1.84431903e-12
423      3.20000000e-01   -1.00000000e-01    1.40951595e-12
424      3.30000000e-01   -1.00000000e-01    1.07781465e-12
425      3.40000000e-01   -1.00000000e-01    8.24637971e-13
426      3.50000000e-01   -1.00000000e-01    6.31295808e-13
427      3.60000000e-01   -1.00000000e-01    4.83568683e-13
428      3.70000000e-01   -1.00000000e-01    3.70633483e-13
429      3.80000000e-01   -1.00000000e-01    2.84248438e-13
430      3.90000000e-01   -1.00000000e-01    2.18134529e-13
431      4.00000000e-01   -1.00000000e-01    1.67505778e-13
432      4.10000000e-01   -1.00000000e-01    1.28712462e-13
433      4.20000000e-01   -1.00000000e-01    9.89699749e-14
434      4.30000000e-01   -1.00000000e-01    7.61526913e-14
435      4.40000000e-01   -1.00000000e-01    5.86371879e-14
436      4.50000000e-01   -1.00000000e-01    4.51829439e-14
437      4.60000000e-01   -1.00000000e-01    3.48415249e-14
438      4.70000000e-01   -1.00000000e-01    2.68874162e-14
439      4.80000000e-01   -1.00000000e-01    2.07653211e-14
440      4.90000000e-01   -1.00000000e-01    1.60499848e-14
441      5.00000000e-01   -1.00000000e-01    1.24155540e-14
442      5.10000000e-01   -1.00000000e-01    9.61219523e-15
443      5.20000000e-01   -1.00000000e-01    7.44824562e-15
444      5.30000000e-01   -1.00000000e-01    5.77657868e-15
445      5.40000000e-01   -1.00000000e-01    4.48418514e-15
446      5.50000000e-01   -1.00000000e-01    3.48420633e-15
447      5.60000000e-01   -1.00000000e-01    2.70983950e-15
448      5.70000000e-01   -1.00000000e-01    2.10967281e-15
449      5.80000000e-01   -1.00000000e-01    1.64411254e-15
450      5.90000000e-01   -1.00000000e-01    1.28264536e-15
451      6.00000000e-01   -1.00000000e-01    1.00173924e-15
452      6.10000000e-01   -1.00000000e-01    7.83232996e-16
453      6.20000000e-01   -1.00000000e-01    6.13100141e-16
454      6.30000000e-01   -1.00000000e-01    4.80499367e-16
455      6.40000000e-01   -1.00000000e-01    3.77044764e-16
456      6.50000000e-01   -1.00000000e-01    2.96244572e-16
457      6.60000000e-01   -1.00000000e-01    2.33069286e-16
458      6.70000000e-01   -1.00000000e-01    1.83619049e-16
459      6.80000000e-01   -1.00000000e-01    1.44867369e-16
460      6.90000000e-01   -1.00000000e-01    1.14463488e-16
461      7.00000000e-01   -1.00000000e-01    9.05798839e-17
462      7.10000000e-01   -1.00000000e-01    7.17945123e-17
463      7.20000000e-01   -1.00000000e-01    5.69998081e-17
464      7.30000000e-01   -1.00000000e-01    4.53323135e-17
465      7.40000000e-01   -1.00000000e-01    3.61182152e-17
466      7.50000000e-01   -1.00000000e-01    2.88311625e-17
467      7.60000000e-01   -1.00000000e-01    2.30595709e-17
468      7.70000000e-01   -1.00000000e-01    1.84812566e-17
469      7.80000000e-01   -1.00000000e-01    1.48437435e-17
470      7.90000000e-01   -1.00000000e-01    1.19489606e-17
471      8.00000000e-01   -1.00000000e-01    9.64133974e-18
472      8.10000000e-01   -1.00000000e-01    7.79855158e-18
473      8.20000000e-01   -1.00000000e-01    6.32428738e-18
474      8.30000000e-01   -1.00000000e-01    5.14262987e-18
475      8.40000000e-01   -1.00000000e-01    4.19365920e-18
476      8.50000000e-01   -1.00000000e-01    3.43001971e-18
477      8.60000000e-01   -1.00000000e-01    2.81423459e-18
478      8.70000000e-01   -1.00000000e-01    2.31660342e-18
479      8.80000000e-01   -1.00000000e-01    1.91355419e-18
480      8.90000000e-01   -1.00000000e-01    1.58635014e-18
481      9.00000000e-01   -1.00000000e-01    1.32007369e-18
482      9.10000000e-01   -1.00000000e-01    1.10282693e-18
483      9.20000000e-01   -1.00000000e-01    9.25101647e-19
484      9.30000000e-01   -1.00000000e-01    7.79282027e-19
485      9.40000000e-01   -1.00000000e-01    6.59251913e-19
486      9.50000000e-01   -1.00000000e-01    5.60085425e-19
487      9.60000000e-01   -1.00000000e-01    4.77805953e-19
488      9.70000000e-01   -1.00000000e-01    4.09202629e-19
489      9.80000000e-01   -1.00000000e-01    3.51692442e-19
490      9.90000000e-01   -1.00000000e-01    3.03210207e-19
491      1.00000000e+00   -1.00000000e-01    2.62108846e-19
492      1.01000000e+00   -1.00000000e-01    2.27068350e-19
493      1.02000000e+00   -1.00000000e-01    1.97026190e-19
494      1.03000000e+00   -1.00000000e-01    1.71134790e-19
495      1.04000000e+00   -1.00000000e-01    1.48733852e-19
496      1.05000000e+00   -1.00000000e-01    1.29318780e-19
497      1.06000000e+00   -1.00000000e-01    1.12498349e-19
498      1.07000000e+00   -1.00000000e-01    9.79518038e-20
499      1.08000000e+00   -1.00000000e-01    8.53987475e-20
500      1.09000000e+00   -1.00000000e-01    7.45850164e-20
501      1.10000000e+00   -1.00000000e-01    6.52791029e-20
502      1.11000000e+00   -1.00000000e-01    5.72726238e-20
503      1.12000000e+00   -1.00000000e-01    5.03809929e-20
504      1.13000000e+00   -1.00000000e-01    4.44428956e-20
505      1.14000000e+00   -1.00000000e-01    3.93187836e-20
506      1.15000000e+00   -1.00000000e-01    3.48888676e-20
507      1.16000000e+00   -1.00000000e-01    3.10508955e-20
508      1.17000000e+00   -1.00000000e-01    2.77179252e-20
509      1.18000000e+00   -1.00000000e-01    2.48162217e-20
510      1.19000000e+00   -1.00000000e-01    2.22833438e-20
511      1.20000000e+00   -1.00000000e-01    2.00664475e-20
512      1.21000000e+00   -1.00000000e-01    1.81208066e-20
513      1.22000000e+00   -1.00000000e-01    1.64085407e-20
514      1.23000000e+00   -1.00000000e-01    1.48975315e-20
515      1.24000000e+00   -1.00000000e-01    1.35605062e-20
516      1.25000000e+00   -1.00000000e-01    1.23742652e-20
517      1.26000000e+00   -1.00000000e-01    1.13190356e-20
518      1.27000000e+00   -1.00000000e-01    1.03779285e-20
519      1.28000000e+00   -1.00000000e-01    9.53648649e-21
520      1.29000000e+00   -1.00000000e-01    8.78230458e-21
521      1.30000000e+00   -1.00000000e-01    8.10471374e-21
522     -1.30000000e+00   -2.00000000e-01    6.89237081e-06
523     -1.29000000e+00   -2.00000000e-01    6.86832318e-06
524     -1.28000000e+00   -2.00000000e-01    6.84389616e-06
525     -1.27000000e+00   -2.00000000e-01    6.81908404e-06
526     -1.26000000e+00   -2.00000000e-01    6.79388099e-06
527     -1.25000000e+00   -2.00000000e-01    6.76828113e-06
528     -1.24000000e+00   -2.00000000e-01    6.74227849e-06
529     -1.23000000e+00   -2.00000000e-01    6.71586700e-06
530     -1.22000000e+00   -2.00000000e-01    6.68904050e-06
531     -1.21000000e+00   -2.00000000e-01    6.66179277e-06
532     -1.20000000e+00   -2.00000000e-01    6.63411747e-06
533     -1.19000000e+00   -2.00000000e-01    6.60600819e-06
534     -1.18000000e+00   -2.00000000e-01    6.57745843e-06
535     -1.17000000e+00   -2.00000000e-01    6.54846160e-06
536     -1.16000000e+00   -2.00000000e-01    6.51901102e-06
537     -1.15000000e+00   -2.00000000e-01    6.48909992e-06
538     -1.14000000e+00   -2.00000000e-01    6.45872143e-06
539     -1.13000000e+00   -2.00000000e-01    6.42786862e-06
540     -1.12000000e+00   -2.00000000e-01    6.39653443e-06
541     -1.11000000e+00   -2.00000000e-01    6.36471175e-06
542     -1.10000000e+00   -2.00000000e-01    6.33239336e-06
543     -1.09000000e+00   -2.00000000e-01    6.29957194e-06
544     -1.08000000e+00   -2.00000000e-01    6.26624011e-06
545     -1.07000000e+00   -2.00000000e-01    6.23239037e-06
546     -1.06000000e+00   -2.00000000e-01    6.19801518e-06
547     -1.05000000e+00   -2.00000000e-01    6.16310686e-06
548     -1.04000000e+00   -2.00000000e-01    6.12765768e-06
549     -1.03000000e+00   -2.00000000e-01    6.09165982e-06
550     -1.02000000e+00   -2.00000000e-01    6.05510537e-06
551     -1.01000000e+00   -2.00000000e-01    6.01798635e-06
552     -1.00000000e+00   -2.00000000e-01    5.98029469e-06
553     -9.90000000e-01   -2.00000000e-01    5.94202226e-06
554     -9.80000000e-01   -2.00000000e-01    5.90316084e-06
555     -9.70000000e-01   -2.00000000e-01    5.86370215e-06
556     -9.60000000e-01   -2.00000000e-01    5.82363784e-06
557     -9.50000000e-01   -2.00000000e-01    5.78295949e-06
558     -9.40000000e-01   -2.00000000e-01    5.74165862e-06
559     -9.30000000e-01   -2.00000000e-01    5.69972671e-06
560     -9.20000000e-01   -2.00000000e-01    5.65715517e-06
561     -9.10000000e-01   -2.00000000e-01    5.61393536e-06
562     -9.00000000e-01   -2.00000000e-01    5.57005862e-06
563     -8.90000000e-01   -2.00000000e-01    5.52551623e-06
564     -8.80000000e-01   -2.00000000e-01    5.48029945e-06
565     -8.70000000e-01   -2.00000000e-01    5.43439953e-06
566     -8.60000000e-01   -2.00000000e-01    5.38780769e-06
567     -8.50000000e-01   -2.00000000e-01    5.34051513e-06
568     -8.40000000e-01   -2.00000000e-01    5.29251310e-06
569     -8.30000000e-01   -2.00000000e-01    5.24379281e-06
570     -8.20000000e-01   -2.00000000e-01    5.19434552e-06
571     -8.10000000e-01   -2.00000000e-01    5.14416252e-06
572     -8.00000000e-01   -2.00000000e-01    5.09323516e-06
573     -7.90000000e-01   -2.00000000e-01    5.04155481e-06
574     -7.80000000e-01   -2.00000000e-01    4.98911297e-06
575     -7.70000000e-01   -2.00000000e-01    4.93590118e-06
576     -7.60000000e-01   -2.00000000e-01    4.88191113e-06
577     -7.50000000e-01   -2.00000000e-01    4.82713460e-06
578     -7.40000000e-01   -2.00000000e-01    4.77156354e-06
579     -7.30000000e-01   -2.00000000e-01    4.71519005e-06
580     -7.20000000e-01   -2.00000000e-01    4.65800645e-06
581     -7.10000000e-01   -2.00000000e-01    4.60000524e-06
582     -7.00000000e-01   -2.00000000e-01    4.54117919e-06
583     -6.90000000e-01   -2.00000000e-01    4.48152133e-06
584     -6.80000000e-01   -2.00000000e-01    4.42102501e-06
585     -6.70000000e-01   -2.00000000e-01    4.35968389e-06
586     -6.60000000e-01   -2.00000000e-01    4.29749203e-06
587     -6.50000000e-01   -2.00000000e-01    4.23444391e-06
588     -6.40000000e-01   -2.00000000e-01    4.17053446e-06
589     -6.30000000e-01   -2.00000000e-01    4.10575912e-06
590     -6.20000000e-01   -2.00000000e-01    4.04011389e-06
591     -6.10000000e-01   -2.00000000e-01    3.97359540e-06
592     -6.00000000e-01   -2.00000000e-01    3.90620094e-06
593     -5.90000000e-01   -2.00000000e-01    3.83792856e-06
594     -5.80000000e-01   -2.00000000e-01    3.76877710e-06
595     -5.70000000e-01   -2.00000000e-01    3.69874632e-06
596     -5.60000000e-01   -2.00000000e-01    3.62783695e-06
597     -5.50000000e-01   -2.00000000e-01    3.55605079e-06
598     -5.40000000e-01   -2.00000000e-01    3.48339082e-06
599     -5.30000000e-01   -2.00000000e-01    3.40986131e-06
600     -5.20000000e-01   -2.00000000e-01    3.33546791e-06
601     -5.10000000e-01   -2.00000000e-01    3.26021786e-06
602     -5.00000000e-01   -2.00000000e-01    3.18412003e-06
603     -4.90000000e-01   -2.00000000e-01    3.10718520e-06
604     -4.80000000e-01   -2.00000000e-01    3.02942613e-06
605     -4.70000000e-01   -2.00000000e-01    2.95085783e-06
606     -4.60000000e-01   -2.00000000e-01    2.87149773e-06
607     -4.50000000e-01   -2.00000000e-01    2.79136596e-06
608     -4.40000000e-01   -2.00000000e-01    2.71048556e-06
609     -4.30000000e-01   -2.00000000e-01    2.62888283e-06
610     -4.20000000e-01   -2.00000000e-01    2.54658763e-06
611     -4.10000000e-01   -2.00000000e-01    2.46363373e-06
612     -4.00000000e-01   -2.00000000e-01    2.38005924e-06
613     -3.90000000e-01   -2.00000000e-01    2.29590703e-06
614     -3.80000000e-01   -2.00000000e-01    2.21122527e-06
615     -3.70000000e-01   -2.00000000e-01    2.12606795e-06
616     -3.60000000e-01   -2.00000000e-01    2.04049555e-06
617     -3.50000000e-01   -2.00000000e-01    1.95457572e-06
618     -3.40000000e-01   -2.00000000e-01    1.86838408e-06
619     -3.30000000e-01   -2.00000000e-01    1.78200508e-06
620     -3.20000000e-01   -2.00000000e-01    1.69553306e-06
621     -3.10000000e-01   -2.00000000e-01    1.60907325e-06
622     -3.00000000e-01   -2.00000000e-01    1.52274311e-06
623     -2.90000000e-01   -2.00000000e-01    1.43667361e-06
624     -2.80000000e-01   -2.00000000e-01    1.35101079e-06
625     -2.70000000e-01   -2.00000000e-01    1.26591738e-06
626     -2.60000000e-01   -2.00000000e-01    1.18157455e-06
627     -2.50000000e-01   -2.00000000e-01    1.09818375e-06
628     -2.40000000e-01   -2.00000000e-01    1.01596854e-06
629     -2.30000000e-01   -2.00000000e-01    9.35176222e-07
630     -2.20000000e-01   -2.00000000e-01    8.56079081e-07
631     -2.10000000e-01   -2.00000000e-01    7.78974773e-07
632     -2.00000000e-01   -2.00000000e-01    7.04185278e-07
633     -1.90000000e-01   -2.00000000e-01    6.32053803e-07
634     -1.80000000e-01   -2.00000000e-01    5.62939204e-07
635     -1.70000000e-01   -2.00000000e-01    4.97207828e-07
636     -1.60000000e-01   -2.00000000e-01    4.35222699e-07
637     -1.50000000e-01   -2.00000000e-01    3.77329346e-07
638     -1.40000000e-01   -2.00000000e-01    3.23837688e-07
639     -1.30000000e-01   -2.00000000e-01    2.75000884e-07
640     -1.20000000e-01   -2.00000000e-01    2.30993600e-07
641     -1.10000000e-01   -2.00000000e-01    1.91892757e-07
642     -1.00000000e-01   -2.00000000e-01    1.57663825e-07
643     -9.00000000e-02   -2.00000000e-01    1.28155926e-07
644     -8.00000000e-02   -2.00000000e-01    1.03108161e-07
645     -7.00000000e-02   -2.00000000e-01    8.21671327e-08
646     -6.00000000e-02   -2.00000000e-01    6.49127956e-08
647     -5.00000000e-02   -2.00000000e-01    5.08882684e-08
648     -4.00000000e-02   -2.00000000e-01    3.96291277e-08
649     -3.00000000e-02   -2.00000000e-01    3.06884884e-08
650     -2.00000000e-02   -2.00000000e-01    2.36555589e-08
651     -1.00000000e-02   -2.00000000e-01    1.81669383e-08
652      0.00000000e+00   -2.00000000e-01    1.39112795e-08
653      1.00000000e-02   -2.00000000e-01    1.06287904e-08
654      2.00000000e-02   -2.00000000e-01    8.10730912e-09
655      3.00000000e-02   -2.00000000e-01    6.17653587e-09
656      4.00000000e-02   -2.00000000e-01    4.70162821e-09
657      5.00000000e-02   -2.00000000e-01    3.57695342e-09
658      6.00000000e-02   -2.00000000e-01    2.72044223e-09
659      7.00000000e-02   -2.00000000e-01    2.06873471e-09
660      8.00000000e-02   -2.00000000e-01    1.57314915e-09
661      9.00000000e-02   -2.00000000e-01    1.19641592e-09
662      1.00000000e-01   -2.00000000e-01    9.10078211e-10
663      1.10000000e-01   -2.00000000e-01    6.92450338e-10
664      1.20000000e-01   -2.00000000e-01    5.27029611e-10
665      1.30000000e-01   -2.00000000e-01    4.01269701e-10
666      1.40000000e-01   -2.00000000e-01    3.05638257e-10
667      1.50000000e-01   -2.00000000e-01    2.32895702e-10
668      1.60000000e-01   -2.00000000e-01    1.77544865e-10
669      1.70000000e-01   -2.00000000e-01    1.35411848e-10
670      1.80000000e-01   -2.00000000e-01    1.03327302e-10
671      1.90000000e-01   -2.00000000e-01    7.88843026e-11
672      2.00000000e-01   -2.00000000e-01    6.02545463e-11
673      2.10000000e-01   -2.00000000e-01    4.60488798e-11
674      2.20000000e-01   -2.00000000e-01    3.52114888e-11
675      2.30000000e-01   -2.00000000e-01    2.69396340e-11
676      2.40000000e-01   -2.00000000e-01    2.06227625e-11
677      2.50000000e-01   -2.00000000e-01    1.57963119e-11
678      2.60000000e-01   -2.00000000e-01    1.21066560e-11
679      2.70000000e-01   -2.00000000e-01    9.28449682e-12
680      2.80000000e-01   -2.00000000e-01    7.12466359e-12
681      2.90000000e-01   -2.00000000e-01    5.47077050e-12
682      3.00000000e-01   -2.00000000e-01    4.20356026e-12
683      3.10000000e-01   -2.00000000e-01    3.23204515e-12
684      3.20000000e-01   -2.00000000e-01    2.48677140e-12
685      3.30000000e-01   -2.00000000e-01    1.91469588e-12
686      3.40000000e-01   -2.00000000e-01    1.47528762e-12
687      3.50000000e-01   -2.00000000e-01    1.13755995e-12
688      3.60000000e-01   -2.00000000e-01    8.77810238e-13
689      3.70000000e-01   -2.00000000e-01    6.77897644e-13
690      3.80000000e-01   -2.00000000e-01    5.23930243e-13
691      3.90000000e-01   -2.00000000e-01    4.05263761e-13
692      4.00000000e-01   -2.00000000e-01    3.13737562e-13
693      4.10000000e-01   -2.00000000e-01    2.43091413e-13
694      4.20000000e-01   -2.00000000e-01    1.88519995e-13
695      4.30000000e-01   -2.00000000e-01    1.46332484e-13
696      4.40000000e-01   -2.00000000e-01    1.13692264e-13
697      4.50000000e-01   -2.00000000e-01    8.84178172e-14
698      4.60000000e-01   -2.00000000e-01    6.88303207e-14
699      4.70000000e-01   -2.00000000e-01    5.36369363e-14
700      4.80000000e-01   -2.00000000e-01    4.18413783e-14
701      4.90000000e-01   -2.00000000e-01    3.26753485e-14
702      5.00000000e-01   -2.00000000e-01    2.55459360e-14
703      5.10000000e-01   -2.00000000e-01    1.99952422e-14
704      5.20000000e-01   -2.00000000e-01    1.56693701e-14
705      5.30000000e-01   -2.00000000e-01    1.22945914e-14
706      5.40000000e-01   -2.00000000e-01    9.65901871e-15
707      5.50000000e-01   -2.00000000e-01    7.59850157e-15
708      5.60000000e-01   -2.00000000e-01    5.98576659e-15
709      5.70000000e-01   -2.00000000e-01    4.72204916e-15
710      5.80000000e-01   -2.00000000e-01    3.73064115e-15
711      5.90000000e-01   -2.00000000e-01    2.95191215e-15
712      6.00000000e-01   -2.00000000e-01    2.33946528e-15
713      6.10000000e-01   -2.00000000e-01    1.85716656e-15
714      6.20000000e-01   -2.00000000e-01    1.47684793e-15
715      6.30000000e-01   -2.00000000e-01    1.17652951e-15
716      6.40000000e-01   -2.00000000e-01    9.39042940e-16
717      6.50000000e-01   -2.00000000e-01    7.50964235e-16
718      6.60000000e-01   -2.00000000e-01    6.01786050e-16
719      6.70000000e-01   -2.00000000e-01    4.83275039e-16
720      6.80000000e-01   -2.00000000e-01    3.88972520e-16
721      6.90000000e-01   -2.00000000e-01    3.13806155e-16
722      7.00000000e-01   -2.00000000e-01    2.53787689e-16
723      7.10000000e-01   -2.00000000e-01    2.05777464e-16
724      7.20000000e-01   -2.00000000e-01    1.67300794e-16
725      7.30000000e-01   -2.00000000e-01    1.36404632e-16
726      7.40000000e-01   -2.00000000e-01    1.11545590e-16
727      7.50000000e-01   -2.00000000e-01    9.15023567e-17
728      7.60000000e-01   -2.00000000e-01    7.53071332e-17
729      7.70000000e-01   -2.00000000e-01    6.21918909e-17
730      7.80000000e-01   -2.00000000e-01    5.15462066e-17
731      7.90000000e-01   -2.00000000e-01    4.28841339e-17
732      8.00000000e-01   -2.00000000e-01    3.58181396e-17
733      8.10000000e-01   -2.00000000e-01    3.00385663e-17
734      8.20000000e-01   -2.00000000e-01    2.52974247e-17
735      8.30000000e-01   -2.00000000e-01    2.13955918e-17
736      8.40000000e-01   -2.00000000e-01    1.81727238e-17
737      8.50000000e-01   -2.00000000e-01    1.54993908e-17
738      8.60000000e-01   -2.00000000e-01    1.32710788e-17
739      8.70000000e-01   -2.00000000e-01    1.14036861e-17
740      8.80000000e-01   -2.00000000e-01    9.82995032e-18
741      8.90000000e-01   -2.00000000e-01    8.49623038e-18
742      9.00000000e-01   -2.00000000e-01    7.35955364e-18
743      9.10000000e-01   -2.00000000e-01    6.38532997e-18
744      9.20000000e-01   -2.00000000e-01    5.54594091e-18
745      9.30000000e-01   -2.00000000e-01    4.81983917e-18
746      9.40000000e-01   -2.00000000e-01    4.19055097e-18
747      9.50000000e-01   -2.00000000e-01    3.64532907e-18
748      9.60000000e-01   -2.00000000e-01    3.17376156e-18
749      9.70000000e-01   -2.00000000e-01    2.76677462e-18
750      9.80000000e-01   -2.00000000e-01    2.41615283e-18
751      9.90000000e-01   -2.00000000e-01    2.11441109e-18
752      1.00000000e+00   -2.00000000e-01    1.85480628e-18
753      1.01000000e+00   -2.00000000e-01    1.63136027e-18
754      1.02000000e+00   -2.00000000e-01    1.43884517e-18
755      1.03000000e+00   -2.00000000e-01    1.27273628e-18
756      1.04000000e+00   -2.00000000e-01    1.12914811e-18
757      1.05000000e+00   -2.00000000e-01    1.00476315e-18
758      1.06000000e+00   -2.00000000e-01    8.96760114e-19
759      1.07000000e+00   -2.00000000e-01    8.02746039e-19
760      1.08000000e+00   -2.00000000e-01    7.20694386e-19
761      1.09000000e+00   -2.00000000e-01    6.48890070e-19
762      1.10000000e+00   -2.00000000e-01    5.85881521e-19
763      1.11000000e+00   -2.00000000e-01    5.30439419e-19
764      1.12000000e+00   -2.00000000e-01    4.81521520e-19
765      1.13000000e+00   -2.00000000e-01    4.38242898e-19
766      1.14000000e+00   -2.00000000e-01    3.99850886e-19
767      1.15000000e+00   -2.00000000e-01    3.65704053e-19
768      1.16000000e+00   -2.00000000e-01    3.35254607e-19
769      1.17000000e+00   -2.00000000e-01    3.08033675e-19
770      1.18000000e+00   -2.00000000e-01    2.83639007e-19
771      1.19000000e+00   -2.00000000e-01    2.61724689e-19
772      1.20000000e+00   -2.00000000e-01    2.41992540e-19
773      1.21000000e+00   -2.00000000e-01    2.24184904e-19
774      1.22000000e+00   -2.00000000e-01    2.08078608e-19
775      1.23000000e+00   -2.00000000e-01    1.93479884e-19
776      1.24000000e+00   -2.00000000e-01    1.80220093e-19
777      1.25000000e+00   -2.00000000e-01    1.68152124e-19
778      1.26000000e+00   -2.00000000e-01    1.57147348e-19
779      1.27000000e+00   -2.00000000e-01    1.47093040e-19
780      1.28000000e+00   -2.00000000e-01    1.37890197e-19
781      1.29000000e+00   -2.00000000e-01    1.29451669e-19
782      1.30000000e+00   -2.00000000e-01    1.21700582e-19
783     -1.30000000e+00   -3.00000000e-01    6.97709783e-06
784     -1.29000000e+00   -3.00000000e-01    6.95346727e-06
785     -1.28000000e+00   -3.00000000e-01    6.92946005e-06
786     -1.27000000e+00   -3.00000000e-01    6.90507045e-06
787     -1.26000000e+00   -3.00000000e-01    6.88029268e-06
788     -1.25000000e+00   -3.00000000e-01    6.85512084e-06
789     -1.24000000e+00   -3.00000000e-01    6.82954898e-06
790     -1.23000000e+00   -3.00000000e-01    6.80357104e-06
791     -1.22000000e+00   -3.00000000e-01    6.77718088e-06
792     -1.21000000e+00   -3.00000000e-01    6.75037225e-06
793     -1.20000000e+00   -3.00000000e-01    6.72313885e-06
794     -1.19000000e+00   -3.00000000e-01    6.69547426e-06
795     -1.18000000e+00   -3.00000000e-01    6.66737199e-06
796     -1.17000000e+00   -3.00000000e-01    6.63882544e-06
797     -1.16000000e+00   -3.00000000e-01    6.60982795e-06
798     -1.15000000e+00   -3.00000000e-01    6.58037274e-06
799     -1.14000000e+00   -3.00000000e-01    6.55045294e-06
800     -1.13000000e+00   -3.00000000e-01    6.52006163e-06
801     -1.12000000e+00   -3.00000000e-01    6.48919174e-06
802     -1.11000000e+00   -3.00000000e-01    6.45783615e-06
803     -1.10000000e+00   -3.00000000e-01    6.42598765e-06
804     -1.09000000e+00   -3.00000000e-01    6.39363890e-06
805     -1.08000000e+00   -3.00000000e-01    6.36078253e-06
806     -1.07000000e+00   -3.00000000e-01    6.32741103e-06
807     -1.06000000e+00   -3.00000000e-01    6.29351682e-06
808     -1.05000000e+00   -3.00000000e-01    6.25909225e-06
809     -1.04000000e+00   -3.00000000e-01    6.22412955e-06
810     -1.03000000e+00   -3.00000000e-01    6.18862089e-06
811     -1.02000000e+00   -3.00000000e-01    6.15255834e-06
812     -1.01000000e+00   -3.00000000e-01    6.11593390e-06
813     -1.00000000e+00   -3.00000000e-01    6.07873949e-06
814     -9.90000000e-01   -3.00000000e-01    6.04096694e-06
815     -9.80000000e-01   -3.00000000e-01    6.00260802e-06
816     -9.70000000e-01   -3.00000000e-01    5.96365440e-06
817     -9.60000000e-01   -3.00000000e-01    5.92409771e-06
818     -9.50000000e-01   -3.00000000e-01    5.88392948e-06
819     -9.40000000e-01   -3.00000000e-01    5.84314122e-06
820     -9.30000000e-01   -3.00000000e-01    5.80172434e-06
821     -9.20000000e-01   -3.00000000e-01    5.75967021e-06
822     -9.10000000e-01   -3.00000000e-01    5.71697014e-06
823     -9.00000000e-01   -3.00000000e-01    5.67361541e-06
824     -8.90000000e-01   -3.00000000e-01    5.62959725e-06
825     -8.80000000e-01   -3.00000000e-01    5.58490686e-06
826     -8.70000000e-01   -3.00000000e-01    5.53953540e-06
827     -8.60000000e-01   -3.00000000e-01    5.49347403e-06
828     -8.50000000e-01   -3.00000000e-01    5.44671387e-06
829     -8.40000000e-01   -3.00000000e-01    5.39924606e-06
830     -8.30000000e-01   -3.00000000e-01    5.35106174e-06
831     -8.20000000e-01   -3.00000000e-01    5.30215206e-06
832     -8.10000000e-01   -3.00000000e-01    5.25250820e-06
833     -8.00000000e-01   -3.00000000e-01    5.20212138e-06
834     -7.90000000e-01   -3.00000000e-01    5.15098286e-06
835     -7.80000000e-01   -3.00000000e-01    5.09908398e-06
836     -7.70000000e-01   -3.00000000e-01    5.04641614e-06
837     -7.60000000e-01   -3.00000000e-01    4.99297087e-06
838     -7.50000000e-01   -3.00000000e-01    4.93873978e-06
839     -7.40000000e-01   -3.00000000e-01    4.88371462e-06
840     -7.30000000e-01   -3.00000000e-01    4.82788730e-06
841     -7.20000000e-01   -3.00000000e-01    4.77124991e-06
842     -7.10000000e-01   -3.00000000e-01    4.71379473e-06
843     -7.00000000e-01   -3.00000000e-01    4.65551425e-06
844     -6.90000000e-01   -3.00000000e-01    4.59640124e-06
845     -6.80000000e-01   -3.00000000e-01    4.53644874e-06
846     -6.70000000e-01   -3.00000000e-01    4.47565010e-06
847     -6.60000000e-01   -3.00000000e-01    4.41399902e-06
848     -6.50000000e-01   -3.00000000e-01    4.35148960e-06
849     -6.40000000e-01   -3.00000000e-01    4.28811636e-06
850     -6.30000000e-01   -3.00000000e-01    4.22387430e-06
851     -6.20000000e-01   -3.00000000e-01    4.15875892e-06
852     -6.10000000e-01   -3.00000000e-01    4.09276632e-06
853     -6.00000000e-01   -3.00000000e-01    4.02589321e-06
854     -5.90000000e-01   -3.00000000e-01    3.95813702e-06
855     -5.80000000e-01   -3.00000000e-01    3.88949590e-06
856     -5.70000000e-01   -3.00000000e-01    3.81996886e-06
857     -5.60000000e-01   -3.00000000e-01    3.74955580e-06
858     -5.50000000e-01   -3.00000000e-01    3.67825763e-06
859     -5.40000000e-01   -3.00000000e-01    3.60607635e-06
860     -5.30000000e-01   -3.00000000e-01    3.53301512e-06
861     -5.20000000e-01   -3.00000000e-01    3.45907843e-06
862     -5.10000000e-01   -3.00000000e-01    3.38427219e-06
863     -5.00000000e-01   -3.00000000e-01    3.30860385e-06
864     -4.90000000e-01   -3.00000000e-01    3.23208256e-06
865     -4.80000000e-01   -3.00000000e-01    3.15471934e-06
866     -4.70000000e-01   -3.00000000e-01    3.07652723e-06
867     -4.60000000e-01   -3.00000000e-01    2.99752152e-06
868     -4.50000000e-01   -3.00000000e-01    2.91771989e-06
869     -4.40000000e-01   -3.00000000e-01    2.83714275e-06
870     -4.30000000e-01   -3.00000000e-01    2.75581339e-06
871     -4.20000000e-01   -3.00000000e-01    2.67375835e-06
872     -4.10000000e-01   -3.00000000e-01    2.59100767e-06
873     -4.00000000e-01   -3.00000000e-01    2.50759529e-06
874     -3.90000000e-01   -3.00000000e-01    2.42355941e-06
875     -3.80000000e-01   -3.00000000e-01    2.33894295e-06
876     -3.70000000e-01   -3.00000000e-01    2.25379399e-06
877     -3.60000000e-01   -3.00000000e-01    2.16816636e-06
878     -3.50000000e-01   -3.00000000e-01    2.08212020e-06
879     -3.40000000e-01   -3.00000000e-01    1.99572264e-06
880     -3.30000000e-01   -3.00000000e-01    1.90904857e-06
881     -3.20000000e-01   -3.00000000e-01    1.82218143e-06
882     -3.10000000e-01   -3.00000000e-01    1.73521419e-06
883     -3.00000000e-01   -3.00000000e-01    1.64825038e-06
884     -2.90000000e-01   -3.00000000e-01    1.56140518e-06
885     -2.80000000e-01   -3.00000000e-01    1.47480681e-06
886     -2.70000000e-01   -3.00000000e-01    1.38859781e-06
887     -2.60000000e-01   -3.00000000e-01    1.30293664e-06
888     -2.50000000e-01   -3.00000000e-01    1.21799927e-06
889     -2.40000000e-01   -3.00000000e-01    1.13398092e-06
890     -2.30000000e-01   -3.00000000e-01    1.05109768e-06
891     -2.20000000e-01   -3.00000000e-01    9.69588135e-07
892     -2.10000000e-01   -3.00000000e-01    8.89714527e-07
893     -2.00000000e-01   -3.00000000e-01    8.11763196e-07
894     -1.90000000e-01   -3.00000000e-01    7.36043791e-07
895     -1.80000000e-01   -3.00000000e-01    6.62886613e-07
896     -1.70000000e-01   -3.00000000e-01    5.92637689e-07
897     -1.60000000e-01   -3.00000000e-01    5.25651520e-07
898     -1.50000000e-01   -3.00000000e-01    4.62281608e-07
899     -1.40000000e-01   -3.00000000e-01    4.02868277e-07
900     -1.30000000e-01   -3.00000000e-01    3.47722966e-07
901     -1.20000000e-01   -3.00000000e-01    2.97109227e-07
902     -1.10000000e-01   -3.00000000e-01    2.51222355e-07
903     -1.00000000e-01   -3.00000000e-01    2.10170337e-07
904     -9.00000000e-02   -3.00000000e-01    1.73958824e-07
905     -8.00000000e-02   -3.00000000e-01    1.42483046e-07
906     -7.00000000e-02   -3.00000000e-01    1.15529474e-07
907     -6.00000000e-02   -3.00000000e-01    9.27883083e-08
908     -5.00000000e-02   -3.00000000e-01    7.38750807e-08
909     -4.00000000e-02   -3.00000000e-01    5.83577036e-08
910     -3.00000000e-02   -3.00000000e-01    4.57847442e-08
911     -2.00000000e-02   -3.00000000e-01    3.57111678e-08
912     -1.00000000e-02   -3.00000000e-01    2.77188432e-08
913      0.00000000e+00   -3.00000000e-01    2.14304746e-08
914      1.00000000e-02   -3.00000000e-01    1.65169793e-08
915      2.00000000e-02   -3.00000000e-01    1.26993310e-08
916      3.00000000e-02   -3.00000000e-01    9.74638560e-09
917      4.00000000e-02   -3.00000000e-01    7.47024225e-09
918      5.00000000e-02   -3.00000000e-01    5.72044131e-09
919      6.00000000e-02   -3.00000000e-01    4.37793083e-09
920      7.00000000e-02   -3.00000000e-01    3.34938230e-09
921      8.00000000e-02   -3.00000000e-01    2.56215589e-09
922      9.00000000e-02   -3.00000000e-01    1.96002325e-09
923      1.00000000e-01   -3.00000000e-01    1.49963941e-09
924      1.10000000e-01   -3.00000000e-01    1.14769381e-09
925      1.20000000e-01   -3.00000000e-01    8.78645216e-10
926      1.30000000e-01   -3.00000000e-01    6.72941489e-10
927      1.40000000e-01   -3.00000000e-01    5.15632221e-10
928      1.50000000e-01   -3.00000000e-01    3.95294331e-10
929      1.60000000e-01   -3.00000000e-01    3.03203893e-10
930      1.70000000e-01   -3.00000000e-01    2.32699934e-10
931      1.80000000e-01   -3.00000000e-01    1.78696925e-10
932      1.90000000e-01   -3.00000000e-01    1.37311872e-10
933      2.00000000e-01   -3.00000000e-01    1.05579431e-10
934      2.10000000e-01   -3.00000000e-01    8.12344479e-11
935      2.20000000e-01   -3.00000000e-01    6.25460592e-11
936      2.30000000e-01   -3.00000000e-01    4.81911617e-11
937      2.40000000e-01   -3.00000000e-01    3.71579225e-11
938      2.50000000e-01   -3.00000000e-01    2.86721947e-11
939      2.60000000e-01   -3.00000000e-01    2.21413937e-11
940      2.70000000e-01   -3.00000000e-01    1.71116814e-11
941      2.80000000e-01   -3.00000000e-01    1.32352940e-11
942      2.90000000e-01   -3.00000000e-01    1.02456010e-11
943      3.00000000e-01   -3.00000000e-01    7.93805919e-12
944      3.10000000e-01   -3.00000000e-01    6.15566206e-12
945      3.20000000e-01   -3.00000000e-01    4.77781882e-12
946      3.30000000e-01   -3.00000000e-01    3.71185028e-12
947      3.40000000e-01   -3.00000000e-01    2.88648295e-12
948      3.50000000e-01   -3.00000000e-01    2.24686909e-12
949      3.60000000e-01   -3.00000000e-01    1.75077290e-12
950      3.70000000e-01   -3.00000000e-01    1.36564813e-12
951      3.80000000e-01   -3.00000000e-01    1.06639755e-12
952      3.90000000e-01   -3.00000000e-01    8.33654073e-13
953      4.00000000e-01   -3.00000000e-01    6.52461539e-13
954      4.10000000e-01   -3.00000000e-01    5.11261373e-13
955      4.20000000e-01   -3.00000000e-01    4.01113894e-13
956      4.30000000e-01   -3.00000000e-01    3.15099481e-13
957      4.40000000e-01   -3.00000000e-01    2.47857790e-13
958      4.50000000e-01   -3.00000000e-01    1.95232956e-13
959      4.60000000e-01   -3.00000000e-01    1.54000216e-13
960      4.70000000e-01   -3.00000000e-01    1.21655132e-13
961      4.80000000e-01   -3.00000000e-01    9.62509677e-14
962      4.90000000e-01   -3.00000000e-01    7.62731173e-14
963      5.00000000e-01   -3.00000000e-01    6.05420851e-14
964      5.10000000e-01   -3.00000000e-01    4.81384642e-14
965      5.20000000e-01   -3.00000000e-01    3.83448830e-14
966      5.30000000e-01   -3.00000000e-01    3.06010461e-14
967      5.40000000e-01   -3.00000000e-01    2.44688902e-14
968      5.50000000e-01   -3.00000000e-01    1.96055564e-14
969      5.60000000e-01   -3.00000000e-01    1.57424077e-14
970      5.70000000e-01   -3.00000000e-01    1.26687277e-14
971      5.80000000e-01   -3.00000000e-01    1.02190430e-14
972      5.90000000e-01   -3.00000000e-01    8.26325670e-15
973      6.00000000e-01   -3.00000000e-01    6.69896169e-15
974      6.10000000e-01   -3.00000000e-01    5.44544738e-15
975      6.20000000e-01   -3.00000000e-01    4.43902180e-15
976      6.30000000e-01   -3.00000000e-01    3.62935709e-15
977      6.40000000e-01   -3.00000000e-01    2.97663158e-15
978      6.50000000e-01   -3.00000000e-01    2.44929250e-15
979      6.60000000e-01   -3.00000000e-01    2.02230262e-15
980      6.70000000e-01   -3.00000000e-01    1.67576455e-15
981      6.80000000e-01   -3.00000000e-01    1.39384010e-15
982      6.90000000e-01   -3.00000000e-01    1.16390007e-15
983      7.00000000e-01   -3.00000000e-01    9.75854474e-16
984      7.10000000e-01   -3.00000000e-01    8.21623956e-16
985      7.20000000e-01   -3.00000000e-01    6.94722296e-16
986      7.30000000e-01   -3.00000000e-01    5.89927377e-16
987      7.40000000e-01   -3.00000000e-01    5.03024384e-16
988      7.50000000e-01   -3.00000000e-01    4.30609698e-16
989      7.60000000e-01   -3.00000000e-01    3.69943666e-16
990      7.70000000e-01   -3.00000000e-01    3.18834505e-16
991      7.80000000e-01   -3.00000000e-01    2.75534355e-16
992      7.90000000e-01   -3.00000000e-01    2.38643513e-16
993      8.00000000e-01   -3.00000000e-01    2.07035355e-16
994      8.10000000e-01   -3.00000000e-01    1.79809532e-16
995      8.20000000e-01   -3.00000000e-01    1.56262595e-16
996      8.30000000e-01   -3.00000000e-01    1.35856434e-16
997      8.40000000e-01   -3.00000000e-01    1.18175419e-16
998      8.50000000e-01   -3.00000000e-01    1.02881312e-16
999      8.60000000e-01   -3.00000000e-01    8.96802793e-17
1000     8.70000000e-01   -3.00000000e-01    7.83066267e-17
1001     8.80000000e-01   -3.00000000e-01    6.85182389e-17
1002     8.90000000e-01   -3.00000000e-01    6.00968294e-17
1003     9.00000000e-01   -3.00000000e-01    5.28487102e-17
1004     9.10000000e-01   -3.00000000e-01    4.66043896e-17
1005     9.20000000e-01   -3.00000000e-01    4.12170968e-17
1006     9.30000000e-01   -3.00000000e-01    3.65607479e-17
1007     9.40000000e-01   -3.00000000e-01    3.25276603e-17
1008     9.50000000e-01   -3.00000000e-01    2.90262418e-17
1009     9.60000000e-01   -3.00000000e-01    2.59787964e-17
1010     9.70000000e-01   -3.00000000e-01    2.33195215e-17
1011     9.80000000e-01   -3.00000000e-01    2.09927269e-17
1012     9.90000000e-01   -3.00000000e-01    1.89512802e-17
1013     1.00000000e+00   -3.00000000e-01    1.71552676e-17
1014     1.01000000e+00   -3.00000000e-01    1.55708520e-17
1015     1.02000000e+00   -3.00000000e-01    1.41693065e-17
1016     1.03000000e+00   -3.00000000e-01    1.29262002e-17
1017     1.04000000e+00   -3.00000000e-01    1.18207157e-17
1018     1.05000000e+00   -3.00000000e-01    1.08350765e-17
1019     1.06000000e+00   -3.00000000e-01    9.95406936e-18
1020     1.07000000e+00   -3.00000000e-01    9.16464453e-18
1021     1.08000000e+00   -3.00000000e-01    8.45558138e-18
1022     1.09000000e+00   -3.00000000e-01    7.81720901e-18
1023     1.10000000e+00   -3.00000000e-01    7.24117207e-18
1024     1.11000000e+00   -3.00000000e-01    6.72023442e-18
1025     1.12000000e+00   -3.00000000e-01    6.24811419e-18
1026     1.13000000e+00   -3.00000000e-01    5.81934496e-18
1027     1.14000000e+00   -3.00000000e-01    5.42915877e-18
1028     1.15000000e+00   -3.00000000e-01    5.07338724e-18
1029     1.16000000e+00   -3.00000000e-01    4.74837788e-18
1030     1.17000000e+00   -3.00000000e-01    4.45092310e-18
1031     1.18000000e+00   -3.00000000e-01    4.17819984e-18
1032     1.19000000e+00   -3.00000000e-01    3.92771815e-18
1033     1.20000000e+00   -3.00000000e-01    3.69727724e-18
1034     1.21000000e+00   -3.00000000e-01    3.48492792e-18
1035     1.22000000e+00   -3.00000000e-01    3.28894038e-18
1036     1.23000000e+00   -3.00000000e-01    3.10777647e-18
1037     1.24000000e+00   -3.00000000e-01    2.94006582e-18
1038     1.25000000e+00   -3.00000000e-01    2.78458529e-18
1039     1.26000000e+00   -3.00000000e-01    2.64024113e-18
1040     1.27000000e+00   -3.00000000e-01    2.50605358e-18
1041     1.28000000e+00   -3.00000000e-01    2.38114340e-18
1042     1.29000000e+00   -3.00000000e-01    2.26472028e-18
1043     1.30000000e+00   -3.00000000e-01    2.15607262e-18
End of Xyce(TM) Simulation
