Index       V(G)             I(V_D)      
0        1.00000000e+00   -3.21927949e-03
1        9.90000000e-01   -3.21923791e-03
2        9.80000000e-01   -3.21919915e-03
3        9.70000000e-01   -3.21916303e-03
4        9.60000000e-01   -3.21912940e-03
5        9.50000000e-01   -3.21909811e-03
6        9.40000000e-01   -3.21906902e-03
7        9.30000000e-01   -3.21904199e-03
8        9.20000000e-01   -3.21901690e-03
9        9.10000000e-01   -3.21899362e-03
10       9.00000000e-01   -3.21897204e-03
11       8.90000000e-01   -3.21895206e-03
12       8.80000000e-01   -3.21893356e-03
13       8.70000000e-01   -3.21891645e-03
14       8.60000000e-01   -3.21890064e-03
15       8.50000000e-01   -3.21888605e-03
16       8.40000000e-01   -3.21887259e-03
17       8.30000000e-01   -3.21886018e-03
18       8.20000000e-01   -3.21884875e-03
19       8.10000000e-01   -3.21883823e-03
20       8.00000000e-01   -3.21882857e-03
21       7.90000000e-01   -3.21881969e-03
22       7.80000000e-01   -3.21881154e-03
23       7.70000000e-01   -3.21880407e-03
24       7.60000000e-01   -3.21879724e-03
25       7.50000000e-01   -3.21879098e-03
26       7.40000000e-01   -3.21878526e-03
27       7.30000000e-01   -3.21878003e-03
28       7.20000000e-01   -3.21877527e-03
29       7.10000000e-01   -3.21877093e-03
30       7.00000000e-01   -3.21876697e-03
31       6.90000000e-01   -3.21876338e-03
32       6.80000000e-01   -3.21876011e-03
33       6.70000000e-01   -3.21875715e-03
34       6.60000000e-01   -3.21875446e-03
35       6.50000000e-01   -3.21875203e-03
36       6.40000000e-01   -3.21874983e-03
37       6.30000000e-01   -3.21874784e-03
38       6.20000000e-01   -3.21874605e-03
39       6.10000000e-01   -3.21874443e-03
40       6.00000000e-01   -3.21874298e-03
41       5.90000000e-01   -3.21874167e-03
42       5.80000000e-01   -3.21874050e-03
43       5.70000000e-01   -3.21873945e-03
44       5.60000000e-01   -3.21873850e-03
45       5.50000000e-01   -3.21873766e-03
46       5.40000000e-01   -3.21873690e-03
47       5.30000000e-01   -3.21873623e-03
48       5.20000000e-01   -3.21873563e-03
49       5.10000000e-01   -3.21873510e-03
50       5.00000000e-01   -3.21873462e-03
51       4.90000000e-01   -3.21873420e-03
52       4.80000000e-01   -3.21873383e-03
53       4.70000000e-01   -3.21873350e-03
54       4.60000000e-01   -3.21873321e-03
55       4.50000000e-01   -3.21873295e-03
56       4.40000000e-01   -3.21873272e-03
57       4.30000000e-01   -3.21873252e-03
58       4.20000000e-01   -3.21873234e-03
59       4.10000000e-01   -3.21873218e-03
60       4.00000000e-01   -3.21873205e-03
61       3.90000000e-01   -3.21873193e-03
62       3.80000000e-01   -3.21873182e-03
63       3.70000000e-01   -3.21873173e-03
64       3.60000000e-01   -3.21873165e-03
65       3.50000000e-01   -3.21873157e-03
66       3.40000000e-01   -3.21873151e-03
67       3.30000000e-01   -3.21873146e-03
68       3.20000000e-01   -3.21873141e-03
69       3.10000000e-01   -3.21873137e-03
70       3.00000000e-01   -3.21873134e-03
71       2.90000000e-01   -3.21873132e-03
72       2.80000000e-01   -3.21873130e-03
73       2.70000000e-01   -3.21873128e-03
74       2.60000000e-01   -3.21873128e-03
75       2.50000000e-01   -3.21873128e-03
76       2.40000000e-01   -3.21873129e-03
77       2.30000000e-01   -3.21873131e-03
78       2.20000000e-01   -3.21873135e-03
79       2.10000000e-01   -3.21873140e-03
80       2.00000000e-01   -3.21873148e-03
81       1.90000000e-01   -3.21873158e-03
82       1.80000000e-01   -3.21873172e-03
83       1.70000000e-01   -3.21873191e-03
84       1.60000000e-01   -3.21873216e-03
85       1.50000000e-01   -3.21873249e-03
86       1.40000000e-01   -3.21873292e-03
87       1.30000000e-01   -3.21873348e-03
88       1.20000000e-01   -3.21873422e-03
89       1.10000000e-01   -3.21873518e-03
90       1.00000000e-01   -3.21873644e-03
91       9.00000000e-02   -3.21873808e-03
92       8.00000000e-02   -3.21874022e-03
93       7.00000000e-02   -3.21874302e-03
94       6.00000000e-02   -3.21874666e-03
95       5.00000000e-02   -3.21875142e-03
96       4.00000000e-02   -3.21875762e-03
97       3.00000000e-02   -3.21876572e-03
98       2.00000000e-02   -3.21877628e-03
99       1.00000000e-02   -3.21879008e-03
100      0.00000000e+00   -3.21880809e-03
101     -1.00000000e-02   -3.21883160e-03
102     -2.00000000e-02   -3.21886231e-03
103     -3.00000000e-02   -3.21890243e-03
104     -4.00000000e-02   -3.21895484e-03
105     -5.00000000e-02   -3.21902332e-03
106     -6.00000000e-02   -3.21911280e-03
107     -7.00000000e-02   -3.21922973e-03
108     -8.00000000e-02   -3.21938253e-03
109     -9.00000000e-02   -3.21958218e-03
110     -1.00000000e-01   -3.21984299e-03
111     -1.10000000e-01   -3.22018359e-03
112     -1.20000000e-01   -3.22062817e-03
113     -1.30000000e-01   -3.22120806e-03
114     -1.40000000e-01   -3.22196369e-03
115     -1.50000000e-01   -3.22294693e-03
116     -1.60000000e-01   -3.22422395e-03
117     -1.70000000e-01   -3.22587838e-03
118     -1.80000000e-01   -3.22801468e-03
119     -1.90000000e-01   -3.23076148e-03
120     -2.00000000e-01   -3.23427410e-03
121     -2.10000000e-01   -3.23873584e-03
122     -2.20000000e-01   -3.24435698e-03
123     -2.30000000e-01   -3.25137093e-03
124     -2.40000000e-01   -3.26002738e-03
125     -2.50000000e-01   -3.27058284e-03
126     -2.60000000e-01   -3.28328992e-03
127     -2.70000000e-01   -3.29838677e-03
128     -2.80000000e-01   -3.31608836e-03
129     -2.90000000e-01   -3.33658045e-03
130     -3.00000000e-01   -3.36001652e-03
131     -3.10000000e-01   -3.38651739e-03
132     -3.20000000e-01   -3.41617275e-03
133     -3.30000000e-01   -3.44904400e-03
134     -3.40000000e-01   -3.48516754e-03
135     -3.50000000e-01   -3.52455829e-03
136     -3.60000000e-01   -3.56721295e-03
137     -3.70000000e-01   -3.61311295e-03
138     -3.80000000e-01   -3.66222704e-03
139     -3.90000000e-01   -3.71451353e-03
140     -4.00000000e-01   -3.76992215e-03
141     -4.10000000e-01   -3.82839565e-03
142     -4.20000000e-01   -3.88987116e-03
143     -4.30000000e-01   -3.95428133e-03
144     -4.40000000e-01   -4.02155534e-03
145     -4.50000000e-01   -4.09161970e-03
146     -4.60000000e-01   -4.16439899e-03
147     -4.70000000e-01   -4.23981649e-03
148     -4.80000000e-01   -4.31779467e-03
149     -4.90000000e-01   -4.39825571e-03
150     -5.00000000e-01   -4.48112183e-03
151     -5.10000000e-01   -4.56631565e-03
152     -5.20000000e-01   -4.65376049e-03
153     -5.30000000e-01   -4.74338056e-03
154     -5.40000000e-01   -4.83510118e-03
155     -5.50000000e-01   -4.92884895e-03
156     -5.60000000e-01   -5.02455185e-03
157     -5.70000000e-01   -5.12213935e-03
158     -5.80000000e-01   -5.22154249e-03
159     -5.90000000e-01   -5.32269390e-03
160     -6.00000000e-01   -5.42552788e-03
161     -6.10000000e-01   -5.52998035e-03
162     -6.20000000e-01   -5.63598893e-03
163     -6.30000000e-01   -5.74349286e-03
164     -6.40000000e-01   -5.85243304e-03
165     -6.50000000e-01   -5.96275194e-03
166     -6.60000000e-01   -6.07439364e-03
167     -6.70000000e-01   -6.18730375e-03
168     -6.80000000e-01   -6.30142940e-03
169     -6.90000000e-01   -6.41671919e-03
170     -7.00000000e-01   -6.53312312e-03
171     -7.10000000e-01   -6.65059261e-03
172     -7.20000000e-01   -6.76908042e-03
173     -7.30000000e-01   -6.88854061e-03
174     -7.40000000e-01   -7.00892852e-03
175     -7.50000000e-01   -7.13020072e-03
176     -7.60000000e-01   -7.25231497e-03
177     -7.70000000e-01   -7.37523017e-03
178     -7.80000000e-01   -7.49890637e-03
179     -7.90000000e-01   -7.62330468e-03
180     -8.00000000e-01   -7.74838726e-03
181     -8.10000000e-01   -7.87411730e-03
182     -8.20000000e-01   -8.00045897e-03
183     -8.30000000e-01   -8.12737739e-03
184     -8.40000000e-01   -8.25483860e-03
185     -8.50000000e-01   -8.38280954e-03
186     -8.60000000e-01   -8.51125801e-03
187     -8.70000000e-01   -8.64015266e-03
188     -8.80000000e-01   -8.76946291e-03
189     -8.90000000e-01   -8.89915901e-03
190     -9.00000000e-01   -9.02921194e-03
191     -9.10000000e-01   -9.15959341e-03
192     -9.20000000e-01   -9.29027585e-03
193     -9.30000000e-01   -9.42123236e-03
194     -9.40000000e-01   -9.55243672e-03
195     -9.50000000e-01   -9.68386333e-03
196     -9.60000000e-01   -9.81548721e-03
197     -9.70000000e-01   -9.94728398e-03
198     -9.80000000e-01   -1.00792298e-02
199     -9.90000000e-01   -1.02113015e-02
200     -1.00000000e+00   -1.03434763e-02
201     -1.01000000e+00   -1.04757319e-02
202     -1.02000000e+00   -1.06080468e-02
203     -1.03000000e+00   -1.07403996e-02
204     -1.04000000e+00   -1.08727695e-02
205     -1.05000000e+00   -1.10051364e-02
206     -1.06000000e+00   -1.11374802e-02
207     -1.07000000e+00   -1.12697815e-02
208     -1.08000000e+00   -1.14020213e-02
209     -1.09000000e+00   -1.15341807e-02
210     -1.10000000e+00   -1.16662415e-02
211     -1.11000000e+00   -1.17981858e-02
212     -1.12000000e+00   -1.19299958e-02
213     -1.13000000e+00   -1.20616543e-02
214     -1.14000000e+00   -1.21931443e-02
215     -1.15000000e+00   -1.23244492e-02
216     -1.16000000e+00   -1.24555524e-02
217     -1.17000000e+00   -1.25864381e-02
218     -1.18000000e+00   -1.27170902e-02
219     -1.19000000e+00   -1.28474933e-02
220     -1.20000000e+00   -1.29776320e-02
End of Xyce(TM) Simulation
