Index     V(DRAIN)           V(GATE)        {-I(VDRAIN)}   
0       -1.00000000e-01    0.00000000e+00   -5.36070200e-08
1       -9.90000000e-02    0.00000000e+00   -5.16856314e-08
2       -9.80000000e-02    0.00000000e+00   -4.98314645e-08
3       -9.70000000e-02    0.00000000e+00   -4.80422303e-08
4       -9.60000000e-02    0.00000000e+00   -4.63157146e-08
5       -9.50000000e-02    0.00000000e+00   -4.46497754e-08
6       -9.40000000e-02    0.00000000e+00   -4.30423410e-08
7       -9.30000000e-02    0.00000000e+00   -4.14914076e-08
8       -9.20000000e-02    0.00000000e+00   -3.99950372e-08
9       -9.10000000e-02    0.00000000e+00   -3.85513559e-08
10      -9.00000000e-02    0.00000000e+00   -3.71585515e-08
11      -8.90000000e-02    0.00000000e+00   -3.58148717e-08
12      -8.80000000e-02    0.00000000e+00   -3.45186222e-08
13      -8.70000000e-02    0.00000000e+00   -3.32681651e-08
14      -8.60000000e-02    0.00000000e+00   -3.20619167e-08
15      -8.50000000e-02    0.00000000e+00   -3.08983461e-08
16      -8.40000000e-02    0.00000000e+00   -2.97759734e-08
17      -8.30000000e-02    0.00000000e+00   -2.86933681e-08
18      -8.20000000e-02    0.00000000e+00   -2.76491476e-08
19      -8.10000000e-02    0.00000000e+00   -2.66419753e-08
20      -8.00000000e-02    0.00000000e+00   -2.56705597e-08
21      -7.90000000e-02    0.00000000e+00   -2.47336523e-08
22      -7.80000000e-02    0.00000000e+00   -2.38300467e-08
23      -7.70000000e-02    0.00000000e+00   -2.29585770e-08
24      -7.60000000e-02    0.00000000e+00   -2.21181165e-08
25      -7.50000000e-02    0.00000000e+00   -2.13075765e-08
26      -7.40000000e-02    0.00000000e+00   -2.05259048e-08
27      -7.30000000e-02    0.00000000e+00   -1.97720848e-08
28      -7.20000000e-02    0.00000000e+00   -1.90451342e-08
29      -7.10000000e-02    0.00000000e+00   -1.83441037e-08
30      -7.00000000e-02    0.00000000e+00   -1.76680762e-08
31      -6.90000000e-02    0.00000000e+00   -1.70161654e-08
32      -6.80000000e-02    0.00000000e+00   -1.63875149e-08
33      -6.70000000e-02    0.00000000e+00   -1.57812975e-08
34      -6.60000000e-02    0.00000000e+00   -1.51967136e-08
35      -6.50000000e-02    0.00000000e+00   -1.46329906e-08
36      -6.40000000e-02    0.00000000e+00   -1.40893822e-08
37      -6.30000000e-02    0.00000000e+00   -1.35651669e-08
38      -6.20000000e-02    0.00000000e+00   -1.30596478e-08
39      -6.10000000e-02    0.00000000e+00   -1.25721513e-08
40      -6.00000000e-02    0.00000000e+00   -1.21020265e-08
41      -5.90000000e-02    0.00000000e+00   -1.16486443e-08
42      -5.80000000e-02    0.00000000e+00   -1.12113968e-08
43      -5.70000000e-02    0.00000000e+00   -1.07896963e-08
44      -5.60000000e-02    0.00000000e+00   -1.03829749e-08
45      -5.50000000e-02    0.00000000e+00   -9.99068374e-09
46      -5.40000000e-02    0.00000000e+00   -9.61229210e-09
47      -5.30000000e-02    0.00000000e+00   -9.24728709e-09
48      -5.20000000e-02    0.00000000e+00   -8.89517285e-09
49      -5.10000000e-02    0.00000000e+00   -8.55547007e-09
50      -5.00000000e-02    0.00000000e+00   -8.22771536e-09
51      -4.90000000e-02    0.00000000e+00   -7.91146076e-09
52      -4.80000000e-02    0.00000000e+00   -7.60627322e-09
53      -4.70000000e-02    0.00000000e+00   -7.31173410e-09
54      -4.60000000e-02    0.00000000e+00   -7.02743871e-09
55      -4.50000000e-02    0.00000000e+00   -6.75299586e-09
56      -4.40000000e-02    0.00000000e+00   -6.48802738e-09
57      -4.30000000e-02    0.00000000e+00   -6.23216771e-09
58      -4.20000000e-02    0.00000000e+00   -5.98506343e-09
59      -4.10000000e-02    0.00000000e+00   -5.74637278e-09
60      -4.00000000e-02    0.00000000e+00   -5.51576522e-09
61      -3.90000000e-02    0.00000000e+00   -5.29292084e-09
62      -3.80000000e-02    0.00000000e+00   -5.07752978e-09
63      -3.70000000e-02    0.00000000e+00   -4.86929165e-09
64      -3.60000000e-02    0.00000000e+00   -4.66791474e-09
65      -3.50000000e-02    0.00000000e+00   -4.47311528e-09
66      -3.40000000e-02    0.00000000e+00   -4.28461656e-09
67      -3.30000000e-02    0.00000000e+00   -4.10214811e-09
68      -3.20000000e-02    0.00000000e+00   -3.92544473e-09
69      -3.10000000e-02    0.00000000e+00   -3.75424574e-09
70      -3.00000000e-02    0.00000000e+00   -3.58829416e-09
71      -2.90000000e-02    0.00000000e+00   -3.42733623e-09
72      -2.80000000e-02    0.00000000e+00   -3.27112111e-09
73      -2.70000000e-02    0.00000000e+00   -3.11940083e-09
74      -2.60000000e-02    0.00000000e+00   -2.97193071e-09
75      -2.50000000e-02    0.00000000e+00   -2.82847003e-09
76      -2.40000000e-02    0.00000000e+00   -2.68878299e-09
77      -2.30000000e-02    0.00000000e+00   -2.55263991e-09
78      -2.20000000e-02    0.00000000e+00   -2.41981853e-09
79      -2.10000000e-02    0.00000000e+00   -2.29010523e-09
80      -2.00000000e-02    0.00000000e+00   -2.16329612e-09
81      -1.90000000e-02    0.00000000e+00   -2.03919783e-09
82      -1.80000000e-02    0.00000000e+00   -1.91762791e-09
83      -1.70000000e-02    0.00000000e+00   -1.79841491e-09
84      -1.60000000e-02    0.00000000e+00   -1.68139795e-09
85      -1.50000000e-02    0.00000000e+00   -1.56642596e-09
86      -1.40000000e-02    0.00000000e+00   -1.45335670e-09
87      -1.30000000e-02    0.00000000e+00   -1.34205538e-09
88      -1.20000000e-02    0.00000000e+00   -1.23239334e-09
89      -1.10000000e-02    0.00000000e+00   -1.12424650e-09
90      -1.00000000e-02    0.00000000e+00   -1.01749392e-09
91      -9.00000000e-03    0.00000000e+00   -9.12016438e-10
92      -8.00000000e-03    0.00000000e+00   -8.07695362e-10
93      -7.00000000e-03    0.00000000e+00   -7.04411417e-10
94      -6.00000000e-03    0.00000000e+00   -6.02043813e-10
95      -5.00000000e-03    0.00000000e+00   -5.00469556e-10
96      -4.00000000e-03    0.00000000e+00   -3.99562971e-10
97      -3.00000000e-03    0.00000000e+00   -2.99195466e-10
98      -2.00000000e-03    0.00000000e+00   -1.99235551e-10
99      -1.00000000e-03    0.00000000e+00   -9.95491145e-11
100      0.00000000e+00    0.00000000e+00   -0.00000000e+00
101      1.00000000e-03    0.00000000e+00    9.95491146e-11
102      2.00000000e-03    0.00000000e+00    1.99235551e-10
103      3.00000000e-03    0.00000000e+00    2.99195467e-10
104      4.00000000e-03    0.00000000e+00    3.99562973e-10
105      5.00000000e-03    0.00000000e+00    5.00469559e-10
106      6.00000000e-03    0.00000000e+00    6.02043817e-10
107      7.00000000e-03    0.00000000e+00    7.04411423e-10
108      8.00000000e-03    0.00000000e+00    8.07695371e-10
109      9.00000000e-03    0.00000000e+00    9.12016449e-10
110      1.00000000e-02    0.00000000e+00    1.01749394e-09
111      1.10000000e-02    0.00000000e+00    1.12424652e-09
112      1.20000000e-02    0.00000000e+00    1.23239336e-09
113      1.30000000e-02    0.00000000e+00    1.34205541e-09
114      1.40000000e-02    0.00000000e+00    1.45335672e-09
115      1.50000000e-02    0.00000000e+00    1.56642599e-09
116      1.60000000e-02    0.00000000e+00    1.68139798e-09
117      1.70000000e-02    0.00000000e+00    1.79841495e-09
118      1.80000000e-02    0.00000000e+00    1.91762795e-09
119      1.90000000e-02    0.00000000e+00    2.03919787e-09
120      2.00000000e-02    0.00000000e+00    2.16329617e-09
121      2.10000000e-02    0.00000000e+00    2.29010529e-09
122      2.20000000e-02    0.00000000e+00    2.41981859e-09
123      2.30000000e-02    0.00000000e+00    2.55263998e-09
124      2.40000000e-02    0.00000000e+00    2.68878306e-09
125      2.50000000e-02    0.00000000e+00    2.82847011e-09
126      2.60000000e-02    0.00000000e+00    2.97193080e-09
127      2.70000000e-02    0.00000000e+00    3.11940092e-09
128      2.80000000e-02    0.00000000e+00    3.27112121e-09
129      2.90000000e-02    0.00000000e+00    3.42733635e-09
130      3.00000000e-02    0.00000000e+00    3.58829429e-09
131      3.10000000e-02    0.00000000e+00    3.75424588e-09
132      3.20000000e-02    0.00000000e+00    3.92544489e-09
133      3.30000000e-02    0.00000000e+00    4.10214827e-09
134      3.40000000e-02    0.00000000e+00    4.28461674e-09
135      3.50000000e-02    0.00000000e+00    4.47311548e-09
136      3.60000000e-02    0.00000000e+00    4.66791496e-09
137      3.70000000e-02    0.00000000e+00    4.86929189e-09
138      3.80000000e-02    0.00000000e+00    5.07753005e-09
139      3.90000000e-02    0.00000000e+00    5.29292112e-09
140      4.00000000e-02    0.00000000e+00    5.51576554e-09
141      4.10000000e-02    0.00000000e+00    5.74637313e-09
142      4.20000000e-02    0.00000000e+00    5.98506380e-09
143      4.30000000e-02    0.00000000e+00    6.23216812e-09
144      4.40000000e-02    0.00000000e+00    6.48802782e-09
145      4.50000000e-02    0.00000000e+00    6.75299634e-09
146      4.60000000e-02    0.00000000e+00    7.02743924e-09
147      4.70000000e-02    0.00000000e+00    7.31173467e-09
148      4.80000000e-02    0.00000000e+00    7.60627384e-09
149      4.90000000e-02    0.00000000e+00    7.91146144e-09
150      5.00000000e-02    0.00000000e+00    8.22771609e-09
151      5.10000000e-02    0.00000000e+00    8.55547087e-09
152      5.20000000e-02    0.00000000e+00    8.89517372e-09
153      5.30000000e-02    0.00000000e+00    9.24728802e-09
154      5.40000000e-02    0.00000000e+00    9.61229311e-09
155      5.50000000e-02    0.00000000e+00    9.99068483e-09
156      5.60000000e-02    0.00000000e+00    1.03829761e-08
157      5.70000000e-02    0.00000000e+00    1.07896976e-08
158      5.80000000e-02    0.00000000e+00    1.12113982e-08
159      5.90000000e-02    0.00000000e+00    1.16486458e-08
160      6.00000000e-02    0.00000000e+00    1.21020281e-08
161      6.10000000e-02    0.00000000e+00    1.25721531e-08
162      6.20000000e-02    0.00000000e+00    1.30596497e-08
163      6.30000000e-02    0.00000000e+00    1.35651689e-08
164      6.40000000e-02    0.00000000e+00    1.40893843e-08
165      6.50000000e-02    0.00000000e+00    1.46329929e-08
166      6.60000000e-02    0.00000000e+00    1.51967160e-08
167      6.70000000e-02    0.00000000e+00    1.57813001e-08
168      6.80000000e-02    0.00000000e+00    1.63875177e-08
169      6.90000000e-02    0.00000000e+00    1.70161683e-08
170      7.00000000e-02    0.00000000e+00    1.76680793e-08
171      7.10000000e-02    0.00000000e+00    1.83441071e-08
172      7.20000000e-02    0.00000000e+00    1.90451378e-08
173      7.30000000e-02    0.00000000e+00    1.97720886e-08
174      7.40000000e-02    0.00000000e+00    2.05259088e-08
175      7.50000000e-02    0.00000000e+00    2.13075808e-08
176      7.60000000e-02    0.00000000e+00    2.21181211e-08
177      7.70000000e-02    0.00000000e+00    2.29585818e-08
178      7.80000000e-02    0.00000000e+00    2.38300518e-08
179      7.90000000e-02    0.00000000e+00    2.47336577e-08
180      8.00000000e-02    0.00000000e+00    2.56705654e-08
181      8.10000000e-02    0.00000000e+00    2.66419814e-08
182      8.20000000e-02    0.00000000e+00    2.76491540e-08
183      8.30000000e-02    0.00000000e+00    2.86933749e-08
184      8.40000000e-02    0.00000000e+00    2.97759805e-08
185      8.50000000e-02    0.00000000e+00    3.08983536e-08
186      8.60000000e-02    0.00000000e+00    3.20619246e-08
187      8.70000000e-02    0.00000000e+00    3.32681734e-08
188      8.80000000e-02    0.00000000e+00    3.45186310e-08
189      8.90000000e-02    0.00000000e+00    3.58148809e-08
190      9.00000000e-02    0.00000000e+00    3.71585612e-08
191      9.10000000e-02    0.00000000e+00    3.85513661e-08
192      9.20000000e-02    0.00000000e+00    3.99950479e-08
193      9.30000000e-02    0.00000000e+00    4.14914187e-08
194      9.40000000e-02    0.00000000e+00    4.30423527e-08
195      9.50000000e-02    0.00000000e+00    4.46497877e-08
196      9.60000000e-02    0.00000000e+00    4.63157275e-08
197      9.70000000e-02    0.00000000e+00    4.80422438e-08
198      9.80000000e-02    0.00000000e+00    4.98314786e-08
199      9.90000000e-02    0.00000000e+00    5.16856462e-08
200      1.00000000e-01    0.00000000e+00    5.36070355e-08
201     -1.00000000e-01    2.00000000e-01   -1.25336560e-05
202     -9.90000000e-02    2.00000000e-01   -1.22914831e-05
203     -9.80000000e-02    2.00000000e-01   -1.20523661e-05
204     -9.70000000e-02    2.00000000e-01   -1.18162944e-05
205     -9.60000000e-02    2.00000000e-01   -1.15832573e-05
206     -9.50000000e-02    2.00000000e-01   -1.13532436e-05
207     -9.40000000e-02    2.00000000e-01   -1.11262418e-05
208     -9.30000000e-02    2.00000000e-01   -1.09022398e-05
209     -9.20000000e-02    2.00000000e-01   -1.06812254e-05
210     -9.10000000e-02    2.00000000e-01   -1.04631858e-05
211     -9.00000000e-02    2.00000000e-01   -1.02481078e-05
212     -8.90000000e-02    2.00000000e-01   -1.00359780e-05
213     -8.80000000e-02    2.00000000e-01   -9.82678237e-06
214     -8.70000000e-02    2.00000000e-01   -9.62050659e-06
215     -8.60000000e-02    2.00000000e-01   -9.41713588e-06
216     -8.50000000e-02    2.00000000e-01   -9.21665506e-06
217     -8.40000000e-02    2.00000000e-01   -9.01904853e-06
218     -8.30000000e-02    2.00000000e-01   -8.82430026e-06
219     -8.20000000e-02    2.00000000e-01   -8.63239379e-06
220     -8.10000000e-02    2.00000000e-01   -8.44331224e-06
221     -8.00000000e-02    2.00000000e-01   -8.25703826e-06
222     -7.90000000e-02    2.00000000e-01   -8.07355412e-06
223     -7.80000000e-02    2.00000000e-01   -7.89284158e-06
224     -7.70000000e-02    2.00000000e-01   -7.71488199e-06
225     -7.60000000e-02    2.00000000e-01   -7.53965625e-06
226     -7.50000000e-02    2.00000000e-01   -7.36714480e-06
227     -7.40000000e-02    2.00000000e-01   -7.19732761e-06
228     -7.30000000e-02    2.00000000e-01   -7.03018419e-06
229     -7.20000000e-02    2.00000000e-01   -6.86569361e-06
230     -7.10000000e-02    2.00000000e-01   -6.70383443e-06
231     -7.00000000e-02    2.00000000e-01   -6.54458477e-06
232     -6.90000000e-02    2.00000000e-01   -6.38792226e-06
233     -6.80000000e-02    2.00000000e-01   -6.23382406e-06
234     -6.70000000e-02    2.00000000e-01   -6.08226683e-06
235     -6.60000000e-02    2.00000000e-01   -5.93322676e-06
236     -6.50000000e-02    2.00000000e-01   -5.78667955e-06
237     -6.40000000e-02    2.00000000e-01   -5.64260040e-06
238     -6.30000000e-02    2.00000000e-01   -5.50096403e-06
239     -6.20000000e-02    2.00000000e-01   -5.36174467e-06
240     -6.10000000e-02    2.00000000e-01   -5.22491604e-06
241     -6.00000000e-02    2.00000000e-01   -5.09045137e-06
242     -5.90000000e-02    2.00000000e-01   -4.95832340e-06
243     -5.80000000e-02    2.00000000e-01   -4.82850439e-06
244     -5.70000000e-02    2.00000000e-01   -4.70096607e-06
245     -5.60000000e-02    2.00000000e-01   -4.57567971e-06
246     -5.50000000e-02    2.00000000e-01   -4.45261609e-06
247     -5.40000000e-02    2.00000000e-01   -4.33174551e-06
248     -5.30000000e-02    2.00000000e-01   -4.21303777e-06
249     -5.20000000e-02    2.00000000e-01   -4.09646223e-06
250     -5.10000000e-02    2.00000000e-01   -3.98198774e-06
251     -5.00000000e-02    2.00000000e-01   -3.86958272e-06
252     -4.90000000e-02    2.00000000e-01   -3.75921511e-06
253     -4.80000000e-02    2.00000000e-01   -3.65085238e-06
254     -4.70000000e-02    2.00000000e-01   -3.54446152e-06
255     -4.60000000e-02    2.00000000e-01   -3.44000906e-06
256     -4.50000000e-02    2.00000000e-01   -3.33746100e-06
257     -4.40000000e-02    2.00000000e-01   -3.23678284e-06
258     -4.30000000e-02    2.00000000e-01   -3.13793948e-06
259     -4.20000000e-02    2.00000000e-01   -3.04089520e-06
260     -4.10000000e-02    2.00000000e-01   -2.94561359e-06
261     -4.00000000e-02    2.00000000e-01   -2.85205744e-06
262     -3.90000000e-02    2.00000000e-01   -2.76018865e-06
263     -3.80000000e-02    2.00000000e-01   -2.66996808e-06
264     -3.70000000e-02    2.00000000e-01   -2.58135544e-06
265     -3.60000000e-02    2.00000000e-01   -2.49430912e-06
266     -3.50000000e-02    2.00000000e-01   -2.40878606e-06
267     -3.40000000e-02    2.00000000e-01   -2.32474158e-06
268     -3.30000000e-02    2.00000000e-01   -2.24212929e-06
269     -3.20000000e-02    2.00000000e-01   -2.16090102e-06
270     -3.10000000e-02    2.00000000e-01   -2.08100678e-06
271     -3.00000000e-02    2.00000000e-01   -2.00239488e-06
272     -2.90000000e-02    2.00000000e-01   -1.92501202e-06
273     -2.80000000e-02    2.00000000e-01   -1.84880357e-06
274     -2.70000000e-02    2.00000000e-01   -1.77371396e-06
275     -2.60000000e-02    2.00000000e-01   -1.69968703e-06
276     -2.50000000e-02    2.00000000e-01   -1.62666665e-06
277     -2.40000000e-02    2.00000000e-01   -1.55459719e-06
278     -2.30000000e-02    2.00000000e-01   -1.48342416e-06
279     -2.20000000e-02    2.00000000e-01   -1.41309470e-06
280     -2.10000000e-02    2.00000000e-01   -1.34355811e-06
281     -2.00000000e-02    2.00000000e-01   -1.27476624e-06
282     -1.90000000e-02    2.00000000e-01   -1.20667373e-06
283     -1.80000000e-02    2.00000000e-01   -1.13923817e-06
284     -1.70000000e-02    2.00000000e-01   -1.07242010e-06
285     -1.60000000e-02    2.00000000e-01   -1.00618286e-06
286     -1.50000000e-02    2.00000000e-01   -9.40492303e-07
287     -1.40000000e-02    2.00000000e-01   -8.75316455e-07
288     -1.30000000e-02    2.00000000e-01   -8.10625029e-07
289     -1.20000000e-02    2.00000000e-01   -7.46388929e-07
290     -1.10000000e-02    2.00000000e-01   -6.82579712e-07
291     -1.00000000e-02    2.00000000e-01   -6.19169053e-07
292     -9.00000000e-03    2.00000000e-01   -5.56128231e-07
293     -8.00000000e-03    2.00000000e-01   -4.93427663e-07
294     -7.00000000e-03    2.00000000e-01   -4.31036499e-07
295     -6.00000000e-03    2.00000000e-01   -3.68922298e-07
296     -5.00000000e-03    2.00000000e-01   -3.07050791e-07
297     -4.00000000e-03    2.00000000e-01   -2.45385755e-07
298     -3.00000000e-03    2.00000000e-01   -1.83888993e-07
299     -2.00000000e-03    2.00000000e-01   -1.22520442e-07
300     -1.00000000e-03    2.00000000e-01   -6.12384184e-08
301      0.00000000e+00    2.00000000e-01   -1.92454393e-15
302      1.00000000e-03    2.00000000e-01    6.12384146e-08
303      2.00000000e-03    2.00000000e-01    1.22520438e-07
304      3.00000000e-03    2.00000000e-01    1.83888989e-07
305      4.00000000e-03    2.00000000e-01    2.45385751e-07
306      5.00000000e-03    2.00000000e-01    3.07050787e-07
307      6.00000000e-03    2.00000000e-01    3.68922294e-07
308      7.00000000e-03    2.00000000e-01    4.31036495e-07
309      8.00000000e-03    2.00000000e-01    4.93427659e-07
310      9.00000000e-03    2.00000000e-01    5.56128227e-07
311      1.00000000e-02    2.00000000e-01    6.19169049e-07
312      1.10000000e-02    2.00000000e-01    6.82579708e-07
313      1.20000000e-02    2.00000000e-01    7.46388925e-07
314      1.30000000e-02    2.00000000e-01    8.10625026e-07
315      1.40000000e-02    2.00000000e-01    8.75316452e-07
316      1.50000000e-02    2.00000000e-01    9.40492299e-07
317      1.60000000e-02    2.00000000e-01    1.00618285e-06
318      1.70000000e-02    2.00000000e-01    1.07242010e-06
319      1.80000000e-02    2.00000000e-01    1.13923816e-06
320      1.90000000e-02    2.00000000e-01    1.20667372e-06
321      2.00000000e-02    2.00000000e-01    1.27476624e-06
322      2.10000000e-02    2.00000000e-01    1.34355811e-06
323      2.20000000e-02    2.00000000e-01    1.41309469e-06
324      2.30000000e-02    2.00000000e-01    1.48342415e-06
325      2.40000000e-02    2.00000000e-01    1.55459719e-06
326      2.50000000e-02    2.00000000e-01    1.62666664e-06
327      2.60000000e-02    2.00000000e-01    1.69968703e-06
328      2.70000000e-02    2.00000000e-01    1.77371395e-06
329      2.80000000e-02    2.00000000e-01    1.84880357e-06
330      2.90000000e-02    2.00000000e-01    1.92501201e-06
331      3.00000000e-02    2.00000000e-01    2.00239488e-06
332      3.10000000e-02    2.00000000e-01    2.08100678e-06
333      3.20000000e-02    2.00000000e-01    2.16090101e-06
334      3.30000000e-02    2.00000000e-01    2.24212929e-06
335      3.40000000e-02    2.00000000e-01    2.32474158e-06
336      3.50000000e-02    2.00000000e-01    2.40878606e-06
337      3.60000000e-02    2.00000000e-01    2.49430912e-06
338      3.70000000e-02    2.00000000e-01    2.58135544e-06
339      3.80000000e-02    2.00000000e-01    2.66996807e-06
340      3.90000000e-02    2.00000000e-01    2.76018864e-06
341      4.00000000e-02    2.00000000e-01    2.85205744e-06
342      4.10000000e-02    2.00000000e-01    2.94561359e-06
343      4.20000000e-02    2.00000000e-01    3.04089520e-06
344      4.30000000e-02    2.00000000e-01    3.13793948e-06
345      4.40000000e-02    2.00000000e-01    3.23678284e-06
346      4.50000000e-02    2.00000000e-01    3.33746100e-06
347      4.60000000e-02    2.00000000e-01    3.44000905e-06
348      4.70000000e-02    2.00000000e-01    3.54446152e-06
349      4.80000000e-02    2.00000000e-01    3.65085237e-06
350      4.90000000e-02    2.00000000e-01    3.75921511e-06
351      5.00000000e-02    2.00000000e-01    3.86958272e-06
352      5.10000000e-02    2.00000000e-01    3.98198774e-06
353      5.20000000e-02    2.00000000e-01    4.09646222e-06
354      5.30000000e-02    2.00000000e-01    4.21303777e-06
355      5.40000000e-02    2.00000000e-01    4.33174550e-06
356      5.50000000e-02    2.00000000e-01    4.45261609e-06
357      5.60000000e-02    2.00000000e-01    4.57567971e-06
358      5.70000000e-02    2.00000000e-01    4.70096606e-06
359      5.80000000e-02    2.00000000e-01    4.82850438e-06
360      5.90000000e-02    2.00000000e-01    4.95832340e-06
361      6.00000000e-02    2.00000000e-01    5.09045137e-06
362      6.10000000e-02    2.00000000e-01    5.22491603e-06
363      6.20000000e-02    2.00000000e-01    5.36174467e-06
364      6.30000000e-02    2.00000000e-01    5.50096403e-06
365      6.40000000e-02    2.00000000e-01    5.64260040e-06
366      6.50000000e-02    2.00000000e-01    5.78667954e-06
367      6.60000000e-02    2.00000000e-01    5.93322676e-06
368      6.70000000e-02    2.00000000e-01    6.08226683e-06
369      6.80000000e-02    2.00000000e-01    6.23382406e-06
370      6.90000000e-02    2.00000000e-01    6.38792226e-06
371      7.00000000e-02    2.00000000e-01    6.54458477e-06
372      7.10000000e-02    2.00000000e-01    6.70383443e-06
373      7.20000000e-02    2.00000000e-01    6.86569360e-06
374      7.30000000e-02    2.00000000e-01    7.03018419e-06
375      7.40000000e-02    2.00000000e-01    7.19732760e-06
376      7.50000000e-02    2.00000000e-01    7.36714480e-06
377      7.60000000e-02    2.00000000e-01    7.53965625e-06
378      7.70000000e-02    2.00000000e-01    7.71488199e-06
379      7.80000000e-02    2.00000000e-01    7.89284157e-06
380      7.90000000e-02    2.00000000e-01    8.07355411e-06
381      8.00000000e-02    2.00000000e-01    8.25703826e-06
382      8.10000000e-02    2.00000000e-01    8.44331223e-06
383      8.20000000e-02    2.00000000e-01    8.63239379e-06
384      8.30000000e-02    2.00000000e-01    8.82430026e-06
385      8.40000000e-02    2.00000000e-01    9.01904853e-06
386      8.50000000e-02    2.00000000e-01    9.21665506e-06
387      8.60000000e-02    2.00000000e-01    9.41713588e-06
388      8.70000000e-02    2.00000000e-01    9.62050659e-06
389      8.80000000e-02    2.00000000e-01    9.82678237e-06
390      8.90000000e-02    2.00000000e-01    1.00359780e-05
391      9.00000000e-02    2.00000000e-01    1.02481078e-05
392      9.10000000e-02    2.00000000e-01    1.04631857e-05
393      9.20000000e-02    2.00000000e-01    1.06812254e-05
394      9.30000000e-02    2.00000000e-01    1.09022398e-05
395      9.40000000e-02    2.00000000e-01    1.11262418e-05
396      9.50000000e-02    2.00000000e-01    1.13532436e-05
397      9.60000000e-02    2.00000000e-01    1.15832573e-05
398      9.70000000e-02    2.00000000e-01    1.18162944e-05
399      9.80000000e-02    2.00000000e-01    1.20523661e-05
400      9.90000000e-02    2.00000000e-01    1.22914831e-05
401      1.00000000e-01    2.00000000e-01    1.25336560e-05
402     -1.00000000e-01    4.00000000e-01   -9.48613785e-05
403     -9.90000000e-02    4.00000000e-01   -9.39697143e-05
404     -9.80000000e-02    4.00000000e-01   -9.30777444e-05
405     -9.70000000e-02    4.00000000e-01   -9.21854401e-05
406     -9.60000000e-02    4.00000000e-01   -9.12927726e-05
407     -9.50000000e-02    4.00000000e-01   -9.03997127e-05
408     -9.40000000e-02    4.00000000e-01   -8.95062310e-05
409     -9.30000000e-02    4.00000000e-01   -8.86122979e-05
410     -9.20000000e-02    4.00000000e-01   -8.77178831e-05
411     -9.10000000e-02    4.00000000e-01   -8.68229566e-05
412     -9.00000000e-02    4.00000000e-01   -8.59274876e-05
413     -8.90000000e-02    4.00000000e-01   -8.50314455e-05
414     -8.80000000e-02    4.00000000e-01   -8.41347991e-05
415     -8.70000000e-02    4.00000000e-01   -8.32375171e-05
416     -8.60000000e-02    4.00000000e-01   -8.23395678e-05
417     -8.50000000e-02    4.00000000e-01   -8.14409196e-05
418     -8.40000000e-02    4.00000000e-01   -8.05415401e-05
419     -8.30000000e-02    4.00000000e-01   -7.96413970e-05
420     -8.20000000e-02    4.00000000e-01   -7.87404578e-05
421     -8.10000000e-02    4.00000000e-01   -7.78386893e-05
422     -8.00000000e-02    4.00000000e-01   -7.69360584e-05
423     -7.90000000e-02    4.00000000e-01   -7.60325315e-05
424     -7.80000000e-02    4.00000000e-01   -7.51280747e-05
425     -7.70000000e-02    4.00000000e-01   -7.42226539e-05
426     -7.60000000e-02    4.00000000e-01   -7.33162345e-05
427     -7.50000000e-02    4.00000000e-01   -7.24087816e-05
428     -7.40000000e-02    4.00000000e-01   -7.15002600e-05
429     -7.30000000e-02    4.00000000e-01   -7.05906341e-05
430     -7.20000000e-02    4.00000000e-01   -6.96798678e-05
431     -7.10000000e-02    4.00000000e-01   -6.87679248e-05
432     -7.00000000e-02    4.00000000e-01   -6.78547684e-05
433     -6.90000000e-02    4.00000000e-01   -6.69403615e-05
434     -6.80000000e-02    4.00000000e-01   -6.60246667e-05
435     -6.70000000e-02    4.00000000e-01   -6.51076462e-05
436     -6.60000000e-02    4.00000000e-01   -6.41892621e-05
437     -6.50000000e-02    4.00000000e-01   -6.32694760e-05
438     -6.40000000e-02    4.00000000e-01   -6.23482497e-05
439     -6.30000000e-02    4.00000000e-01   -6.14255446e-05
440     -6.20000000e-02    4.00000000e-01   -6.05013222e-05
441     -6.10000000e-02    4.00000000e-01   -5.95755440e-05
442     -6.00000000e-02    4.00000000e-01   -5.86481720e-05
443     -5.90000000e-02    4.00000000e-01   -5.77191683e-05
444     -5.80000000e-02    4.00000000e-01   -5.67884955e-05
445     -5.70000000e-02    4.00000000e-01   -5.58561169e-05
446     -5.60000000e-02    4.00000000e-01   -5.49219967e-05
447     -5.50000000e-02    4.00000000e-01   -5.39861001e-05
448     -5.40000000e-02    4.00000000e-01   -5.30483936e-05
449     -5.30000000e-02    4.00000000e-01   -5.21088451e-05
450     -5.20000000e-02    4.00000000e-01   -5.11674243e-05
451     -5.10000000e-02    4.00000000e-01   -5.02241027e-05
452     -5.00000000e-02    4.00000000e-01   -4.92788542e-05
453     -4.90000000e-02    4.00000000e-01   -4.83316549e-05
454     -4.80000000e-02    4.00000000e-01   -4.73824839e-05
455     -4.70000000e-02    4.00000000e-01   -4.64313231e-05
456     -4.60000000e-02    4.00000000e-01   -4.54781576e-05
457     -4.50000000e-02    4.00000000e-01   -4.45229758e-05
458     -4.40000000e-02    4.00000000e-01   -4.35657700e-05
459     -4.30000000e-02    4.00000000e-01   -4.26065362e-05
460     -4.20000000e-02    4.00000000e-01   -4.16452744e-05
461     -4.10000000e-02    4.00000000e-01   -4.06819889e-05
462     -4.00000000e-02    4.00000000e-01   -3.97166882e-05
463     -3.90000000e-02    4.00000000e-01   -3.87493853e-05
464     -3.80000000e-02    4.00000000e-01   -3.77800978e-05
465     -3.70000000e-02    4.00000000e-01   -3.68088477e-05
466     -3.60000000e-02    4.00000000e-01   -3.58356615e-05
467     -3.50000000e-02    4.00000000e-01   -3.48605705e-05
468     -3.40000000e-02    4.00000000e-01   -3.38836103e-05
469     -3.30000000e-02    4.00000000e-01   -3.29048210e-05
470     -3.20000000e-02    4.00000000e-01   -3.19242468e-05
471     -3.10000000e-02    4.00000000e-01   -3.09419363e-05
472     -3.00000000e-02    4.00000000e-01   -2.99579421e-05
473     -2.90000000e-02    4.00000000e-01   -2.89723202e-05
474     -2.80000000e-02    4.00000000e-01   -2.79851308e-05
475     -2.70000000e-02    4.00000000e-01   -2.69964371e-05
476     -2.60000000e-02    4.00000000e-01   -2.60063056e-05
477     -2.50000000e-02    4.00000000e-01   -2.50148058e-05
478     -2.40000000e-02    4.00000000e-01   -2.40220099e-05
479     -2.30000000e-02    4.00000000e-01   -2.30279927e-05
480     -2.20000000e-02    4.00000000e-01   -2.20328312e-05
481     -2.10000000e-02    4.00000000e-01   -2.10366047e-05
482     -2.00000000e-02    4.00000000e-01   -2.00393938e-05
483     -1.90000000e-02    4.00000000e-01   -1.90412808e-05
484     -1.80000000e-02    4.00000000e-01   -1.80423485e-05
485     -1.70000000e-02    4.00000000e-01   -1.70426802e-05
486     -1.60000000e-02    4.00000000e-01   -1.60423584e-05
487     -1.50000000e-02    4.00000000e-01   -1.50414644e-05
488     -1.40000000e-02    4.00000000e-01   -1.40400768e-05
489     -1.30000000e-02    4.00000000e-01   -1.30382709e-05
490     -1.20000000e-02    4.00000000e-01   -1.20361170e-05
491     -1.10000000e-02    4.00000000e-01   -1.10336803e-05
492     -1.00000000e-02    4.00000000e-01   -1.00310194e-05
493     -9.00000000e-03    4.00000000e-01   -9.02818596e-06
494     -8.00000000e-03    4.00000000e-01   -8.02522444e-06
495     -7.00000000e-03    4.00000000e-01   -7.02217196e-06
496     -6.00000000e-03    4.00000000e-01   -6.01905846e-06
497     -5.00000000e-03    4.00000000e-01   -5.01590708e-06
498     -4.00000000e-03    4.00000000e-01   -4.01273474e-06
499     -3.00000000e-03    4.00000000e-01   -3.00955283e-06
500     -2.00000000e-03    4.00000000e-01   -2.00636811e-06
501     -1.00000000e-03    4.00000000e-01   -1.00318366e-06
502      0.00000000e+00    4.00000000e-01   -9.30253600e-15
503      1.00000000e-03    4.00000000e-01    1.00318364e-06
504      2.00000000e-03    4.00000000e-01    2.00636809e-06
505      3.00000000e-03    4.00000000e-01    3.00955281e-06
506      4.00000000e-03    4.00000000e-01    4.01273472e-06
507      5.00000000e-03    4.00000000e-01    5.01590707e-06
508      6.00000000e-03    4.00000000e-01    6.01905844e-06
509      7.00000000e-03    4.00000000e-01    7.02217194e-06
510      8.00000000e-03    4.00000000e-01    8.02522442e-06
511      9.00000000e-03    4.00000000e-01    9.02818594e-06
512      1.00000000e-02    4.00000000e-01    1.00310194e-05
513      1.10000000e-02    4.00000000e-01    1.10336803e-05
514      1.20000000e-02    4.00000000e-01    1.20361170e-05
515      1.30000000e-02    4.00000000e-01    1.30382709e-05
516      1.40000000e-02    4.00000000e-01    1.40400768e-05
517      1.50000000e-02    4.00000000e-01    1.50414644e-05
518      1.60000000e-02    4.00000000e-01    1.60423584e-05
519      1.70000000e-02    4.00000000e-01    1.70426801e-05
520      1.80000000e-02    4.00000000e-01    1.80423485e-05
521      1.90000000e-02    4.00000000e-01    1.90412807e-05
522      2.00000000e-02    4.00000000e-01    2.00393938e-05
523      2.10000000e-02    4.00000000e-01    2.10366047e-05
524      2.20000000e-02    4.00000000e-01    2.20328312e-05
525      2.30000000e-02    4.00000000e-01    2.30279926e-05
526      2.40000000e-02    4.00000000e-01    2.40220098e-05
527      2.50000000e-02    4.00000000e-01    2.50148057e-05
528      2.60000000e-02    4.00000000e-01    2.60063056e-05
529      2.70000000e-02    4.00000000e-01    2.69964371e-05
530      2.80000000e-02    4.00000000e-01    2.79851308e-05
531      2.90000000e-02    4.00000000e-01    2.89723202e-05
532      3.00000000e-02    4.00000000e-01    2.99579420e-05
533      3.10000000e-02    4.00000000e-01    3.09419363e-05
534      3.20000000e-02    4.00000000e-01    3.19242468e-05
535      3.30000000e-02    4.00000000e-01    3.29048210e-05
536      3.40000000e-02    4.00000000e-01    3.38836103e-05
537      3.50000000e-02    4.00000000e-01    3.48605705e-05
538      3.60000000e-02    4.00000000e-01    3.58356615e-05
539      3.70000000e-02    4.00000000e-01    3.68088476e-05
540      3.80000000e-02    4.00000000e-01    3.77800978e-05
541      3.90000000e-02    4.00000000e-01    3.87493853e-05
542      4.00000000e-02    4.00000000e-01    3.97166882e-05
543      4.10000000e-02    4.00000000e-01    4.06819888e-05
544      4.20000000e-02    4.00000000e-01    4.16452744e-05
545      4.30000000e-02    4.00000000e-01    4.26065362e-05
546      4.40000000e-02    4.00000000e-01    4.35657700e-05
547      4.50000000e-02    4.00000000e-01    4.45229758e-05
548      4.60000000e-02    4.00000000e-01    4.54781575e-05
549      4.70000000e-02    4.00000000e-01    4.64313231e-05
550      4.80000000e-02    4.00000000e-01    4.73824839e-05
551      4.90000000e-02    4.00000000e-01    4.83316549e-05
552      5.00000000e-02    4.00000000e-01    4.92788541e-05
553      5.10000000e-02    4.00000000e-01    5.02241027e-05
554      5.20000000e-02    4.00000000e-01    5.11674243e-05
555      5.30000000e-02    4.00000000e-01    5.21088451e-05
556      5.40000000e-02    4.00000000e-01    5.30483936e-05
557      5.50000000e-02    4.00000000e-01    5.39861001e-05
558      5.60000000e-02    4.00000000e-01    5.49219967e-05
559      5.70000000e-02    4.00000000e-01    5.58561169e-05
560      5.80000000e-02    4.00000000e-01    5.67884954e-05
561      5.90000000e-02    4.00000000e-01    5.77191683e-05
562      6.00000000e-02    4.00000000e-01    5.86481720e-05
563      6.10000000e-02    4.00000000e-01    5.95755440e-05
564      6.20000000e-02    4.00000000e-01    6.05013221e-05
565      6.30000000e-02    4.00000000e-01    6.14255446e-05
566      6.40000000e-02    4.00000000e-01    6.23482497e-05
567      6.50000000e-02    4.00000000e-01    6.32694760e-05
568      6.60000000e-02    4.00000000e-01    6.41892621e-05
569      6.70000000e-02    4.00000000e-01    6.51076462e-05
570      6.80000000e-02    4.00000000e-01    6.60246667e-05
571      6.90000000e-02    4.00000000e-01    6.69403615e-05
572      7.00000000e-02    4.00000000e-01    6.78547684e-05
573      7.10000000e-02    4.00000000e-01    6.87679248e-05
574      7.20000000e-02    4.00000000e-01    6.96798677e-05
575      7.30000000e-02    4.00000000e-01    7.05906340e-05
576      7.40000000e-02    4.00000000e-01    7.15002600e-05
577      7.50000000e-02    4.00000000e-01    7.24087816e-05
578      7.60000000e-02    4.00000000e-01    7.33162345e-05
579      7.70000000e-02    4.00000000e-01    7.42226539e-05
580      7.80000000e-02    4.00000000e-01    7.51280747e-05
581      7.90000000e-02    4.00000000e-01    7.60325314e-05
582      8.00000000e-02    4.00000000e-01    7.69360583e-05
583      8.10000000e-02    4.00000000e-01    7.78386893e-05
584      8.20000000e-02    4.00000000e-01    7.87404577e-05
585      8.30000000e-02    4.00000000e-01    7.96413970e-05
586      8.40000000e-02    4.00000000e-01    8.05415401e-05
587      8.50000000e-02    4.00000000e-01    8.14409195e-05
588      8.60000000e-02    4.00000000e-01    8.23395678e-05
589      8.70000000e-02    4.00000000e-01    8.32375170e-05
590      8.80000000e-02    4.00000000e-01    8.41347991e-05
591      8.90000000e-02    4.00000000e-01    8.50314455e-05
592      9.00000000e-02    4.00000000e-01    8.59274876e-05
593      9.10000000e-02    4.00000000e-01    8.68229566e-05
594      9.20000000e-02    4.00000000e-01    8.77178831e-05
595      9.30000000e-02    4.00000000e-01    8.86122978e-05
596      9.40000000e-02    4.00000000e-01    8.95062310e-05
597      9.50000000e-02    4.00000000e-01    9.03997127e-05
598      9.60000000e-02    4.00000000e-01    9.12927725e-05
599      9.70000000e-02    4.00000000e-01    9.21854400e-05
600      9.80000000e-02    4.00000000e-01    9.30777443e-05
601      9.90000000e-02    4.00000000e-01    9.39697143e-05
602      1.00000000e-01    4.00000000e-01    9.48613784e-05
603     -1.00000000e-01    6.00000000e-01   -1.86372025e-04
604     -9.90000000e-02    6.00000000e-01   -1.84748547e-04
605     -9.80000000e-02    6.00000000e-01   -1.83119904e-04
606     -9.70000000e-02    6.00000000e-01   -1.81486065e-04
607     -9.60000000e-02    6.00000000e-01   -1.79847001e-04
608     -9.50000000e-02    6.00000000e-01   -1.78202681e-04
609     -9.40000000e-02    6.00000000e-01   -1.76553077e-04
610     -9.30000000e-02    6.00000000e-01   -1.74898161e-04
611     -9.20000000e-02    6.00000000e-01   -1.73237907e-04
612     -9.10000000e-02    6.00000000e-01   -1.71572289e-04
613     -9.00000000e-02    6.00000000e-01   -1.69901281e-04
614     -8.90000000e-02    6.00000000e-01   -1.68224862e-04
615     -8.80000000e-02    6.00000000e-01   -1.66543008e-04
616     -8.70000000e-02    6.00000000e-01   -1.64855699e-04
617     -8.60000000e-02    6.00000000e-01   -1.63162915e-04
618     -8.50000000e-02    6.00000000e-01   -1.61464638e-04
619     -8.40000000e-02    6.00000000e-01   -1.59760853e-04
620     -8.30000000e-02    6.00000000e-01   -1.58051543e-04
621     -8.20000000e-02    6.00000000e-01   -1.56336695e-04
622     -8.10000000e-02    6.00000000e-01   -1.54616299e-04
623     -8.00000000e-02    6.00000000e-01   -1.52890343e-04
624     -7.90000000e-02    6.00000000e-01   -1.51158820e-04
625     -7.80000000e-02    6.00000000e-01   -1.49421724e-04
626     -7.70000000e-02    6.00000000e-01   -1.47679050e-04
627     -7.60000000e-02    6.00000000e-01   -1.45930796e-04
628     -7.50000000e-02    6.00000000e-01   -1.44176961e-04
629     -7.40000000e-02    6.00000000e-01   -1.42417549e-04
630     -7.30000000e-02    6.00000000e-01   -1.40652562e-04
631     -7.20000000e-02    6.00000000e-01   -1.38882007e-04
632     -7.10000000e-02    6.00000000e-01   -1.37105892e-04
633     -7.00000000e-02    6.00000000e-01   -1.35324229e-04
634     -6.90000000e-02    6.00000000e-01   -1.33537030e-04
635     -6.80000000e-02    6.00000000e-01   -1.31744312e-04
636     -6.70000000e-02    6.00000000e-01   -1.29946091e-04
637     -6.60000000e-02    6.00000000e-01   -1.28142388e-04
638     -6.50000000e-02    6.00000000e-01   -1.26333226e-04
639     -6.40000000e-02    6.00000000e-01   -1.24518631e-04
640     -6.30000000e-02    6.00000000e-01   -1.22698630e-04
641     -6.20000000e-02    6.00000000e-01   -1.20873254e-04
642     -6.10000000e-02    6.00000000e-01   -1.19042536e-04
643     -6.00000000e-02    6.00000000e-01   -1.17206511e-04
644     -5.90000000e-02    6.00000000e-01   -1.15365218e-04
645     -5.80000000e-02    6.00000000e-01   -1.13518696e-04
646     -5.70000000e-02    6.00000000e-01   -1.11666991e-04
647     -5.60000000e-02    6.00000000e-01   -1.09810146e-04
648     -5.50000000e-02    6.00000000e-01   -1.07948211e-04
649     -5.40000000e-02    6.00000000e-01   -1.06081236e-04
650     -5.30000000e-02    6.00000000e-01   -1.04209275e-04
651     -5.20000000e-02    6.00000000e-01   -1.02332383e-04
652     -5.10000000e-02    6.00000000e-01   -1.00450620e-04
653     -5.00000000e-02    6.00000000e-01   -9.85640453e-05
654     -4.90000000e-02    6.00000000e-01   -9.66727225e-05
655     -4.80000000e-02    6.00000000e-01   -9.47767171e-05
656     -4.70000000e-02    6.00000000e-01   -9.28760967e-05
657     -4.60000000e-02    6.00000000e-01   -9.09709314e-05
658     -4.50000000e-02    6.00000000e-01   -8.90612933e-05
659     -4.40000000e-02    6.00000000e-01   -8.71472569e-05
660     -4.30000000e-02    6.00000000e-01   -8.52288984e-05
661     -4.20000000e-02    6.00000000e-01   -8.33062962e-05
662     -4.10000000e-02    6.00000000e-01   -8.13795308e-05
663     -4.00000000e-02    6.00000000e-01   -7.94486843e-05
664     -3.90000000e-02    6.00000000e-01   -7.75138406e-05
665     -3.80000000e-02    6.00000000e-01   -7.55750856e-05
666     -3.70000000e-02    6.00000000e-01   -7.36325066e-05
667     -3.60000000e-02    6.00000000e-01   -7.16861925e-05
668     -3.50000000e-02    6.00000000e-01   -6.97362339e-05
669     -3.40000000e-02    6.00000000e-01   -6.77827225e-05
670     -3.30000000e-02    6.00000000e-01   -6.58257517e-05
671     -3.20000000e-02    6.00000000e-01   -6.38654160e-05
672     -3.10000000e-02    6.00000000e-01   -6.19018112e-05
673     -3.00000000e-02    6.00000000e-01   -5.99350344e-05
674     -2.90000000e-02    6.00000000e-01   -5.79651837e-05
675     -2.80000000e-02    6.00000000e-01   -5.59923587e-05
676     -2.70000000e-02    6.00000000e-01   -5.40166599e-05
677     -2.60000000e-02    6.00000000e-01   -5.20381893e-05
678     -2.50000000e-02    6.00000000e-01   -5.00570503e-05
679     -2.40000000e-02    6.00000000e-01   -4.80733477e-05
680     -2.30000000e-02    6.00000000e-01   -4.60871883e-05
681     -2.20000000e-02    6.00000000e-01   -4.40986808e-05
682     -2.10000000e-02    6.00000000e-01   -4.21079365e-05
683     -2.00000000e-02    6.00000000e-01   -4.01150694e-05
684     -1.90000000e-02    6.00000000e-01   -3.81201966e-05
685     -1.80000000e-02    6.00000000e-01   -3.61234388e-05
686     -1.70000000e-02    6.00000000e-01   -3.41249205e-05
687     -1.60000000e-02    6.00000000e-01   -3.21247694e-05
688     -1.50000000e-02    6.00000000e-01   -3.01231166e-05
689     -1.40000000e-02    6.00000000e-01   -2.81200953e-05
690     -1.30000000e-02    6.00000000e-01   -2.61158392e-05
691     -1.20000000e-02    6.00000000e-01   -2.41104814e-05
692     -1.10000000e-02    6.00000000e-01   -2.21041512e-05
693     -1.00000000e-02    6.00000000e-01   -2.00969732e-05
694     -9.00000000e-03    6.00000000e-01   -1.80890645e-05
695     -8.00000000e-03    6.00000000e-01   -1.60805340e-05
696     -7.00000000e-03    6.00000000e-01   -1.40714810e-05
697     -6.00000000e-03    6.00000000e-01   -1.20619956e-05
698     -5.00000000e-03    6.00000000e-01   -1.00521585e-05
699     -4.00000000e-03    6.00000000e-01   -8.04204193e-06
700     -3.00000000e-03    6.00000000e-01   -6.03171099e-06
701     -2.00000000e-03    6.00000000e-01   -4.02122463e-06
702     -1.00000000e-03    6.00000000e-01   -2.01063721e-06
703      0.00000000e+00    6.00000000e-01   -5.83964451e-14
704      1.00000000e-03    6.00000000e-01    2.01063710e-06
705      2.00000000e-03    6.00000000e-01    4.02122451e-06
706      3.00000000e-03    6.00000000e-01    6.03171088e-06
707      4.00000000e-03    6.00000000e-01    8.04204182e-06
708      5.00000000e-03    6.00000000e-01    1.00521584e-05
709      6.00000000e-03    6.00000000e-01    1.20619955e-05
710      7.00000000e-03    6.00000000e-01    1.40714809e-05
711      8.00000000e-03    6.00000000e-01    1.60805338e-05
712      9.00000000e-03    6.00000000e-01    1.80890644e-05
713      1.00000000e-02    6.00000000e-01    2.00969730e-05
714      1.10000000e-02    6.00000000e-01    2.21041511e-05
715      1.20000000e-02    6.00000000e-01    2.41104812e-05
716      1.30000000e-02    6.00000000e-01    2.61158391e-05
717      1.40000000e-02    6.00000000e-01    2.81200951e-05
718      1.50000000e-02    6.00000000e-01    3.01231165e-05
719      1.60000000e-02    6.00000000e-01    3.21247693e-05
720      1.70000000e-02    6.00000000e-01    3.41249203e-05
721      1.80000000e-02    6.00000000e-01    3.61234387e-05
722      1.90000000e-02    6.00000000e-01    3.81201965e-05
723      2.00000000e-02    6.00000000e-01    4.01150693e-05
724      2.10000000e-02    6.00000000e-01    4.21079364e-05
725      2.20000000e-02    6.00000000e-01    4.40986807e-05
726      2.30000000e-02    6.00000000e-01    4.60871882e-05
727      2.40000000e-02    6.00000000e-01    4.80733476e-05
728      2.50000000e-02    6.00000000e-01    5.00570502e-05
729      2.60000000e-02    6.00000000e-01    5.20381892e-05
730      2.70000000e-02    6.00000000e-01    5.40166598e-05
731      2.80000000e-02    6.00000000e-01    5.59923586e-05
732      2.90000000e-02    6.00000000e-01    5.79651836e-05
733      3.00000000e-02    6.00000000e-01    5.99350343e-05
734      3.10000000e-02    6.00000000e-01    6.19018111e-05
735      3.20000000e-02    6.00000000e-01    6.38654159e-05
736      3.30000000e-02    6.00000000e-01    6.58257516e-05
737      3.40000000e-02    6.00000000e-01    6.77827224e-05
738      3.50000000e-02    6.00000000e-01    6.97362338e-05
739      3.60000000e-02    6.00000000e-01    7.16861924e-05
740      3.70000000e-02    6.00000000e-01    7.36325065e-05
741      3.80000000e-02    6.00000000e-01    7.55750855e-05
742      3.90000000e-02    6.00000000e-01    7.75138405e-05
743      4.00000000e-02    6.00000000e-01    7.94486841e-05
744      4.10000000e-02    6.00000000e-01    8.13795307e-05
745      4.20000000e-02    6.00000000e-01    8.33062961e-05
746      4.30000000e-02    6.00000000e-01    8.52288982e-05
747      4.40000000e-02    6.00000000e-01    8.71472567e-05
748      4.50000000e-02    6.00000000e-01    8.90612932e-05
749      4.60000000e-02    6.00000000e-01    9.09709313e-05
750      4.70000000e-02    6.00000000e-01    9.28760966e-05
751      4.80000000e-02    6.00000000e-01    9.47767170e-05
752      4.90000000e-02    6.00000000e-01    9.66727224e-05
753      5.00000000e-02    6.00000000e-01    9.85640452e-05
754      5.10000000e-02    6.00000000e-01    1.00450620e-04
755      5.20000000e-02    6.00000000e-01    1.02332383e-04
756      5.30000000e-02    6.00000000e-01    1.04209275e-04
757      5.40000000e-02    6.00000000e-01    1.06081236e-04
758      5.50000000e-02    6.00000000e-01    1.07948210e-04
759      5.60000000e-02    6.00000000e-01    1.09810146e-04
760      5.70000000e-02    6.00000000e-01    1.11666990e-04
761      5.80000000e-02    6.00000000e-01    1.13518696e-04
762      5.90000000e-02    6.00000000e-01    1.15365218e-04
763      6.00000000e-02    6.00000000e-01    1.17206511e-04
764      6.10000000e-02    6.00000000e-01    1.19042536e-04
765      6.20000000e-02    6.00000000e-01    1.20873254e-04
766      6.30000000e-02    6.00000000e-01    1.22698630e-04
767      6.40000000e-02    6.00000000e-01    1.24518631e-04
768      6.50000000e-02    6.00000000e-01    1.26333226e-04
769      6.60000000e-02    6.00000000e-01    1.28142388e-04
770      6.70000000e-02    6.00000000e-01    1.29946090e-04
771      6.80000000e-02    6.00000000e-01    1.31744311e-04
772      6.90000000e-02    6.00000000e-01    1.33537030e-04
773      7.00000000e-02    6.00000000e-01    1.35324229e-04
774      7.10000000e-02    6.00000000e-01    1.37105892e-04
775      7.20000000e-02    6.00000000e-01    1.38882007e-04
776      7.30000000e-02    6.00000000e-01    1.40652562e-04
777      7.40000000e-02    6.00000000e-01    1.42417549e-04
778      7.50000000e-02    6.00000000e-01    1.44176961e-04
779      7.60000000e-02    6.00000000e-01    1.45930795e-04
780      7.70000000e-02    6.00000000e-01    1.47679050e-04
781      7.80000000e-02    6.00000000e-01    1.49421724e-04
782      7.90000000e-02    6.00000000e-01    1.51158820e-04
783      8.00000000e-02    6.00000000e-01    1.52890343e-04
784      8.10000000e-02    6.00000000e-01    1.54616299e-04
785      8.20000000e-02    6.00000000e-01    1.56336695e-04
786      8.30000000e-02    6.00000000e-01    1.58051543e-04
787      8.40000000e-02    6.00000000e-01    1.59760853e-04
788      8.50000000e-02    6.00000000e-01    1.61464638e-04
789      8.60000000e-02    6.00000000e-01    1.63162915e-04
790      8.70000000e-02    6.00000000e-01    1.64855698e-04
791      8.80000000e-02    6.00000000e-01    1.66543008e-04
792      8.90000000e-02    6.00000000e-01    1.68224861e-04
793      9.00000000e-02    6.00000000e-01    1.69901281e-04
794      9.10000000e-02    6.00000000e-01    1.71572288e-04
795      9.20000000e-02    6.00000000e-01    1.73237907e-04
796      9.30000000e-02    6.00000000e-01    1.74898161e-04
797      9.40000000e-02    6.00000000e-01    1.76553077e-04
798      9.50000000e-02    6.00000000e-01    1.78202681e-04
799      9.60000000e-02    6.00000000e-01    1.79847001e-04
800      9.70000000e-02    6.00000000e-01    1.81486065e-04
801      9.80000000e-02    6.00000000e-01    1.83119904e-04
802      9.90000000e-02    6.00000000e-01    1.84748546e-04
803      1.00000000e-01    6.00000000e-01    1.86372025e-04
804     -1.00000000e-01    8.00000000e-01   -2.46133527e-04
805     -9.90000000e-02    8.00000000e-01   -2.43917719e-04
806     -9.80000000e-02    8.00000000e-01   -2.41695837e-04
807     -9.70000000e-02    8.00000000e-01   -2.39467886e-04
808     -9.60000000e-02    8.00000000e-01   -2.37233868e-04
809     -9.50000000e-02    8.00000000e-01   -2.34993791e-04
810     -9.40000000e-02    8.00000000e-01   -2.32747661e-04
811     -9.30000000e-02    8.00000000e-01   -2.30495486e-04
812     -9.20000000e-02    8.00000000e-01   -2.28237275e-04
813     -9.10000000e-02    8.00000000e-01   -2.25973038e-04
814     -9.00000000e-02    8.00000000e-01   -2.23702787e-04
815     -8.90000000e-02    8.00000000e-01   -2.21426535e-04
816     -8.80000000e-02    8.00000000e-01   -2.19144296e-04
817     -8.70000000e-02    8.00000000e-01   -2.16856084e-04
818     -8.60000000e-02    8.00000000e-01   -2.14561916e-04
819     -8.50000000e-02    8.00000000e-01   -2.12261811e-04
820     -8.40000000e-02    8.00000000e-01   -2.09955786e-04
821     -8.30000000e-02    8.00000000e-01   -2.07643862e-04
822     -8.20000000e-02    8.00000000e-01   -2.05326061e-04
823     -8.10000000e-02    8.00000000e-01   -2.03002406e-04
824     -8.00000000e-02    8.00000000e-01   -2.00672920e-04
825     -7.90000000e-02    8.00000000e-01   -1.98337630e-04
826     -7.80000000e-02    8.00000000e-01   -1.95996562e-04
827     -7.70000000e-02    8.00000000e-01   -1.93649744e-04
828     -7.60000000e-02    8.00000000e-01   -1.91297206e-04
829     -7.50000000e-02    8.00000000e-01   -1.88938978e-04
830     -7.40000000e-02    8.00000000e-01   -1.86575094e-04
831     -7.30000000e-02    8.00000000e-01   -1.84205586e-04
832     -7.20000000e-02    8.00000000e-01   -1.81830490e-04
833     -7.10000000e-02    8.00000000e-01   -1.79449841e-04
834     -7.00000000e-02    8.00000000e-01   -1.77063678e-04
835     -6.90000000e-02    8.00000000e-01   -1.74672040e-04
836     -6.80000000e-02    8.00000000e-01   -1.72274966e-04
837     -6.70000000e-02    8.00000000e-01   -1.69872500e-04
838     -6.60000000e-02    8.00000000e-01   -1.67464683e-04
839     -6.50000000e-02    8.00000000e-01   -1.65051562e-04
840     -6.40000000e-02    8.00000000e-01   -1.62633181e-04
841     -6.30000000e-02    8.00000000e-01   -1.60209587e-04
842     -6.20000000e-02    8.00000000e-01   -1.57780831e-04
843     -6.10000000e-02    8.00000000e-01   -1.55346961e-04
844     -6.00000000e-02    8.00000000e-01   -1.52908029e-04
845     -5.90000000e-02    8.00000000e-01   -1.50464087e-04
846     -5.80000000e-02    8.00000000e-01   -1.48015191e-04
847     -5.70000000e-02    8.00000000e-01   -1.45561394e-04
848     -5.60000000e-02    8.00000000e-01   -1.43102755e-04
849     -5.50000000e-02    8.00000000e-01   -1.40639330e-04
850     -5.40000000e-02    8.00000000e-01   -1.38171179e-04
851     -5.30000000e-02    8.00000000e-01   -1.35698363e-04
852     -5.20000000e-02    8.00000000e-01   -1.33220944e-04
853     -5.10000000e-02    8.00000000e-01   -1.30738984e-04
854     -5.00000000e-02    8.00000000e-01   -1.28252549e-04
855     -4.90000000e-02    8.00000000e-01   -1.25761703e-04
856     -4.80000000e-02    8.00000000e-01   -1.23266514e-04
857     -4.70000000e-02    8.00000000e-01   -1.20767049e-04
858     -4.60000000e-02    8.00000000e-01   -1.18263377e-04
859     -4.50000000e-02    8.00000000e-01   -1.15755570e-04
860     -4.40000000e-02    8.00000000e-01   -1.13243698e-04
861     -4.30000000e-02    8.00000000e-01   -1.10727834e-04
862     -4.20000000e-02    8.00000000e-01   -1.08208052e-04
863     -4.10000000e-02    8.00000000e-01   -1.05684427e-04
864     -4.00000000e-02    8.00000000e-01   -1.03157034e-04
865     -3.90000000e-02    8.00000000e-01   -1.00625950e-04
866     -3.80000000e-02    8.00000000e-01   -9.80912534e-05
867     -3.70000000e-02    8.00000000e-01   -9.55530229e-05
868     -3.60000000e-02    8.00000000e-01   -9.30113386e-05
869     -3.50000000e-02    8.00000000e-01   -9.04662812e-05
870     -3.40000000e-02    8.00000000e-01   -8.79179330e-05
871     -3.30000000e-02    8.00000000e-01   -8.53663767e-05
872     -3.20000000e-02    8.00000000e-01   -8.28116965e-05
873     -3.10000000e-02    8.00000000e-01   -8.02539775e-05
874     -3.00000000e-02    8.00000000e-01   -7.76933058e-05
875     -2.90000000e-02    8.00000000e-01   -7.51297689e-05
876     -2.80000000e-02    8.00000000e-01   -7.25634556e-05
877     -2.70000000e-02    8.00000000e-01   -6.99944561e-05
878     -2.60000000e-02    8.00000000e-01   -6.74228621e-05
879     -2.50000000e-02    8.00000000e-01   -6.48487675e-05
880     -2.40000000e-02    8.00000000e-01   -6.22722680e-05
881     -2.30000000e-02    8.00000000e-01   -5.96934620e-05
882     -2.20000000e-02    8.00000000e-01   -5.71124504e-05
883     -2.10000000e-02    8.00000000e-01   -5.45293375e-05
884     -2.00000000e-02    8.00000000e-01   -5.19442310e-05
885     -1.90000000e-02    8.00000000e-01   -4.93572422e-05
886     -1.80000000e-02    8.00000000e-01   -4.67684864e-05
887     -1.70000000e-02    8.00000000e-01   -4.41780821e-05
888     -1.60000000e-02    8.00000000e-01   -4.15861512e-05
889     -1.50000000e-02    8.00000000e-01   -3.89928177e-05
890     -1.40000000e-02    8.00000000e-01   -3.63982068e-05
891     -1.30000000e-02    8.00000000e-01   -3.38024429e-05
892     -1.20000000e-02    8.00000000e-01   -3.12056482e-05
893     -1.10000000e-02    8.00000000e-01   -2.86079411e-05
894     -1.00000000e-02    8.00000000e-01   -2.60094342e-05
895     -9.00000000e-03    8.00000000e-01   -2.34102335e-05
896     -8.00000000e-03    8.00000000e-01   -2.08104373e-05
897     -7.00000000e-03    8.00000000e-01   -1.82101362e-05
898     -6.00000000e-03    8.00000000e-01   -1.56094127e-05
899     -5.00000000e-03    8.00000000e-01   -1.30083419e-05
900     -4.00000000e-03    8.00000000e-01   -1.04069924e-05
901     -3.00000000e-03    8.00000000e-01   -7.80542708e-06
902     -2.00000000e-03    8.00000000e-01   -5.20370394e-06
903     -1.00000000e-03    8.00000000e-01   -2.60187759e-06
904      0.00000000e+00    8.00000000e-01   -2.30314018e-13
905      1.00000000e-03    8.00000000e-01    2.60187713e-06
906      2.00000000e-03    8.00000000e-01    5.20370348e-06
907      3.00000000e-03    8.00000000e-01    7.80542662e-06
908      4.00000000e-03    8.00000000e-01    1.04069920e-05
909      5.00000000e-03    8.00000000e-01    1.30083414e-05
910      6.00000000e-03    8.00000000e-01    1.56094122e-05
911      7.00000000e-03    8.00000000e-01    1.82101358e-05
912      8.00000000e-03    8.00000000e-01    2.08104369e-05
913      9.00000000e-03    8.00000000e-01    2.34102330e-05
914      1.00000000e-02    8.00000000e-01    2.60094337e-05
915      1.10000000e-02    8.00000000e-01    2.86079406e-05
916      1.20000000e-02    8.00000000e-01    3.12056478e-05
917      1.30000000e-02    8.00000000e-01    3.38024424e-05
918      1.40000000e-02    8.00000000e-01    3.63982064e-05
919      1.50000000e-02    8.00000000e-01    3.89928173e-05
920      1.60000000e-02    8.00000000e-01    4.15861507e-05
921      1.70000000e-02    8.00000000e-01    4.41780816e-05
922      1.80000000e-02    8.00000000e-01    4.67684859e-05
923      1.90000000e-02    8.00000000e-01    4.93572418e-05
924      2.00000000e-02    8.00000000e-01    5.19442305e-05
925      2.10000000e-02    8.00000000e-01    5.45293371e-05
926      2.20000000e-02    8.00000000e-01    5.71124499e-05
927      2.30000000e-02    8.00000000e-01    5.96934615e-05
928      2.40000000e-02    8.00000000e-01    6.22722676e-05
929      2.50000000e-02    8.00000000e-01    6.48487670e-05
930      2.60000000e-02    8.00000000e-01    6.74228617e-05
931      2.70000000e-02    8.00000000e-01    6.99944556e-05
932      2.80000000e-02    8.00000000e-01    7.25634551e-05
933      2.90000000e-02    8.00000000e-01    7.51297684e-05
934      3.00000000e-02    8.00000000e-01    7.76933053e-05
935      3.10000000e-02    8.00000000e-01    8.02539770e-05
936      3.20000000e-02    8.00000000e-01    8.28116961e-05
937      3.30000000e-02    8.00000000e-01    8.53663763e-05
938      3.40000000e-02    8.00000000e-01    8.79179325e-05
939      3.50000000e-02    8.00000000e-01    9.04662808e-05
940      3.60000000e-02    8.00000000e-01    9.30113381e-05
941      3.70000000e-02    8.00000000e-01    9.55530225e-05
942      3.80000000e-02    8.00000000e-01    9.80912529e-05
943      3.90000000e-02    8.00000000e-01    1.00625950e-04
944      4.00000000e-02    8.00000000e-01    1.03157033e-04
945      4.10000000e-02    8.00000000e-01    1.05684427e-04
946      4.20000000e-02    8.00000000e-01    1.08208052e-04
947      4.30000000e-02    8.00000000e-01    1.10727834e-04
948      4.40000000e-02    8.00000000e-01    1.13243698e-04
949      4.50000000e-02    8.00000000e-01    1.15755570e-04
950      4.60000000e-02    8.00000000e-01    1.18263377e-04
951      4.70000000e-02    8.00000000e-01    1.20767048e-04
952      4.80000000e-02    8.00000000e-01    1.23266513e-04
953      4.90000000e-02    8.00000000e-01    1.25761702e-04
954      5.00000000e-02    8.00000000e-01    1.28252548e-04
955      5.10000000e-02    8.00000000e-01    1.30738984e-04
956      5.20000000e-02    8.00000000e-01    1.33220944e-04
957      5.30000000e-02    8.00000000e-01    1.35698363e-04
958      5.40000000e-02    8.00000000e-01    1.38171179e-04
959      5.50000000e-02    8.00000000e-01    1.40639329e-04
960      5.60000000e-02    8.00000000e-01    1.43102754e-04
961      5.70000000e-02    8.00000000e-01    1.45561394e-04
962      5.80000000e-02    8.00000000e-01    1.48015190e-04
963      5.90000000e-02    8.00000000e-01    1.50464087e-04
964      6.00000000e-02    8.00000000e-01    1.52908028e-04
965      6.10000000e-02    8.00000000e-01    1.55346960e-04
966      6.20000000e-02    8.00000000e-01    1.57780830e-04
967      6.30000000e-02    8.00000000e-01    1.60209587e-04
968      6.40000000e-02    8.00000000e-01    1.62633180e-04
969      6.50000000e-02    8.00000000e-01    1.65051561e-04
970      6.60000000e-02    8.00000000e-01    1.67464683e-04
971      6.70000000e-02    8.00000000e-01    1.69872499e-04
972      6.80000000e-02    8.00000000e-01    1.72274966e-04
973      6.90000000e-02    8.00000000e-01    1.74672039e-04
974      7.00000000e-02    8.00000000e-01    1.77063678e-04
975      7.10000000e-02    8.00000000e-01    1.79449841e-04
976      7.20000000e-02    8.00000000e-01    1.81830489e-04
977      7.30000000e-02    8.00000000e-01    1.84205586e-04
978      7.40000000e-02    8.00000000e-01    1.86575094e-04
979      7.50000000e-02    8.00000000e-01    1.88938978e-04
980      7.60000000e-02    8.00000000e-01    1.91297205e-04
981      7.70000000e-02    8.00000000e-01    1.93649743e-04
982      7.80000000e-02    8.00000000e-01    1.95996561e-04
983      7.90000000e-02    8.00000000e-01    1.98337629e-04
984      8.00000000e-02    8.00000000e-01    2.00672920e-04
985      8.10000000e-02    8.00000000e-01    2.03002405e-04
986      8.20000000e-02    8.00000000e-01    2.05326061e-04
987      8.30000000e-02    8.00000000e-01    2.07643862e-04
988      8.40000000e-02    8.00000000e-01    2.09955785e-04
989      8.50000000e-02    8.00000000e-01    2.12261810e-04
990      8.60000000e-02    8.00000000e-01    2.14561916e-04
991      8.70000000e-02    8.00000000e-01    2.16856083e-04
992      8.80000000e-02    8.00000000e-01    2.19144295e-04
993      8.90000000e-02    8.00000000e-01    2.21426535e-04
994      9.00000000e-02    8.00000000e-01    2.23702787e-04
995      9.10000000e-02    8.00000000e-01    2.25973038e-04
996      9.20000000e-02    8.00000000e-01    2.28237275e-04
997      9.30000000e-02    8.00000000e-01    2.30495486e-04
998      9.40000000e-02    8.00000000e-01    2.32747661e-04
999      9.50000000e-02    8.00000000e-01    2.34993791e-04
1000     9.60000000e-02    8.00000000e-01    2.37233868e-04
1001     9.70000000e-02    8.00000000e-01    2.39467885e-04
1002     9.80000000e-02    8.00000000e-01    2.41695837e-04
1003     9.90000000e-02    8.00000000e-01    2.43917718e-04
1004     1.00000000e-01    8.00000000e-01    2.46133526e-04
1005    -1.00000000e-01    1.00000000e+00   -2.82747521e-04
1006    -9.90000000e-02    1.00000000e+00   -2.80127116e-04
1007    -9.80000000e-02    1.00000000e+00   -2.77501318e-04
1008    -9.70000000e-02    1.00000000e+00   -2.74870145e-04
1009    -9.60000000e-02    1.00000000e+00   -2.72233617e-04
1010    -9.50000000e-02    1.00000000e+00   -2.69591751e-04
1011    -9.40000000e-02    1.00000000e+00   -2.66944568e-04
1012    -9.30000000e-02    1.00000000e+00   -2.64292088e-04
1013    -9.20000000e-02    1.00000000e+00   -2.61634334e-04
1014    -9.10000000e-02    1.00000000e+00   -2.58971326e-04
1015    -9.00000000e-02    1.00000000e+00   -2.56303088e-04
1016    -8.90000000e-02    1.00000000e+00   -2.53629643e-04
1017    -8.80000000e-02    1.00000000e+00   -2.50951017e-04
1018    -8.70000000e-02    1.00000000e+00   -2.48267234e-04
1019    -8.60000000e-02    1.00000000e+00   -2.45578320e-04
1020    -8.50000000e-02    1.00000000e+00   -2.42884303e-04
1021    -8.40000000e-02    1.00000000e+00   -2.40185209e-04
1022    -8.30000000e-02    1.00000000e+00   -2.37481067e-04
1023    -8.20000000e-02    1.00000000e+00   -2.34771907e-04
1024    -8.10000000e-02    1.00000000e+00   -2.32057758e-04
1025    -8.00000000e-02    1.00000000e+00   -2.29338652e-04
1026    -7.90000000e-02    1.00000000e+00   -2.26614619e-04
1027    -7.80000000e-02    1.00000000e+00   -2.23885693e-04
1028    -7.70000000e-02    1.00000000e+00   -2.21151907e-04
1029    -7.60000000e-02    1.00000000e+00   -2.18413295e-04
1030    -7.50000000e-02    1.00000000e+00   -2.15669892e-04
1031    -7.40000000e-02    1.00000000e+00   -2.12921733e-04
1032    -7.30000000e-02    1.00000000e+00   -2.10168855e-04
1033    -7.20000000e-02    1.00000000e+00   -2.07411296e-04
1034    -7.10000000e-02    1.00000000e+00   -2.04649094e-04
1035    -7.00000000e-02    1.00000000e+00   -2.01882287e-04
1036    -6.90000000e-02    1.00000000e+00   -1.99110916e-04
1037    -6.80000000e-02    1.00000000e+00   -1.96335022e-04
1038    -6.70000000e-02    1.00000000e+00   -1.93554646e-04
1039    -6.60000000e-02    1.00000000e+00   -1.90769830e-04
1040    -6.50000000e-02    1.00000000e+00   -1.87980618e-04
1041    -6.40000000e-02    1.00000000e+00   -1.85187054e-04
1042    -6.30000000e-02    1.00000000e+00   -1.82389182e-04
1043    -6.20000000e-02    1.00000000e+00   -1.79587048e-04
1044    -6.10000000e-02    1.00000000e+00   -1.76780699e-04
1045    -6.00000000e-02    1.00000000e+00   -1.73970181e-04
1046    -5.90000000e-02    1.00000000e+00   -1.71155544e-04
1047    -5.80000000e-02    1.00000000e+00   -1.68336836e-04
1048    -5.70000000e-02    1.00000000e+00   -1.65514106e-04
1049    -5.60000000e-02    1.00000000e+00   -1.62687406e-04
1050    -5.50000000e-02    1.00000000e+00   -1.59856786e-04
1051    -5.40000000e-02    1.00000000e+00   -1.57022298e-04
1052    -5.30000000e-02    1.00000000e+00   -1.54183996e-04
1053    -5.20000000e-02    1.00000000e+00   -1.51341934e-04
1054    -5.10000000e-02    1.00000000e+00   -1.48496165e-04
1055    -5.00000000e-02    1.00000000e+00   -1.45646744e-04
1056    -4.90000000e-02    1.00000000e+00   -1.42793729e-04
1057    -4.80000000e-02    1.00000000e+00   -1.39937174e-04
1058    -4.70000000e-02    1.00000000e+00   -1.37077139e-04
1059    -4.60000000e-02    1.00000000e+00   -1.34213681e-04
1060    -4.50000000e-02    1.00000000e+00   -1.31346859e-04
1061    -4.40000000e-02    1.00000000e+00   -1.28476733e-04
1062    -4.30000000e-02    1.00000000e+00   -1.25603364e-04
1063    -4.20000000e-02    1.00000000e+00   -1.22726811e-04
1064    -4.10000000e-02    1.00000000e+00   -1.19847138e-04
1065    -4.00000000e-02    1.00000000e+00   -1.16964407e-04
1066    -3.90000000e-02    1.00000000e+00   -1.14078681e-04
1067    -3.80000000e-02    1.00000000e+00   -1.11190024e-04
1068    -3.70000000e-02    1.00000000e+00   -1.08298502e-04
1069    -3.60000000e-02    1.00000000e+00   -1.05404179e-04
1070    -3.50000000e-02    1.00000000e+00   -1.02507123e-04
1071    -3.40000000e-02    1.00000000e+00   -9.96074000e-05
1072    -3.30000000e-02    1.00000000e+00   -9.67050792e-05
1073    -3.20000000e-02    1.00000000e+00   -9.38002296e-05
1074    -3.10000000e-02    1.00000000e+00   -9.08929214e-05
1075    -3.00000000e-02    1.00000000e+00   -8.79832262e-05
1076    -2.90000000e-02    1.00000000e+00   -8.50712168e-05
1077    -2.80000000e-02    1.00000000e+00   -8.21569675e-05
1078    -2.70000000e-02    1.00000000e+00   -7.92405545e-05
1079    -2.60000000e-02    1.00000000e+00   -7.63220555e-05
1080    -2.50000000e-02    1.00000000e+00   -7.34015506e-05
1081    -2.40000000e-02    1.00000000e+00   -7.04791222e-05
1082    -2.30000000e-02    1.00000000e+00   -6.75548551e-05
1083    -2.20000000e-02    1.00000000e+00   -6.46288371e-05
1084    -2.10000000e-02    1.00000000e+00   -6.17011584e-05
1085    -2.00000000e-02    1.00000000e+00   -5.87719123e-05
1086    -1.90000000e-02    1.00000000e+00   -5.58411945e-05
1087    -1.80000000e-02    1.00000000e+00   -5.29091030e-05
1088    -1.70000000e-02    1.00000000e+00   -4.99757372e-05
1089    -1.60000000e-02    1.00000000e+00   -4.70411974e-05
1090    -1.50000000e-02    1.00000000e+00   -4.41055836e-05
1091    -1.40000000e-02    1.00000000e+00   -4.11689946e-05
1092    -1.30000000e-02    1.00000000e+00   -3.82315267e-05
1093    -1.20000000e-02    1.00000000e+00   -3.52932729e-05
1094    -1.10000000e-02    1.00000000e+00   -3.23543217e-05
1095    -1.00000000e-02    1.00000000e+00   -2.94147568e-05
1096    -9.00000000e-03    1.00000000e+00   -2.64746563e-05
1097    -8.00000000e-03    1.00000000e+00   -2.35340928e-05
1098    -7.00000000e-03    1.00000000e+00   -2.05931334e-05
1099    -6.00000000e-03    1.00000000e+00   -1.76518400e-05
1100    -5.00000000e-03    1.00000000e+00   -1.47102696e-05
1101    -4.00000000e-03    1.00000000e+00   -1.17684752e-05
1102    -3.00000000e-03    1.00000000e+00   -8.82650576e-06
1103    -2.00000000e-03    1.00000000e+00   -5.88440776e-06
1104    -1.00000000e-03    1.00000000e+00   -2.94222525e-06
1105     0.00000000e+00    1.00000000e+00   -8.49442234e-13
1106     1.00000000e-03    1.00000000e+00    2.94222355e-06
1107     2.00000000e-03    1.00000000e+00    5.88440606e-06
1108     3.00000000e-03    1.00000000e+00    8.82650406e-06
1109     4.00000000e-03    1.00000000e+00    1.17684735e-05
1110     5.00000000e-03    1.00000000e+00    1.47102679e-05
1111     6.00000000e-03    1.00000000e+00    1.76518383e-05
1112     7.00000000e-03    1.00000000e+00    2.05931317e-05
1113     8.00000000e-03    1.00000000e+00    2.35340911e-05
1114     9.00000000e-03    1.00000000e+00    2.64746546e-05
1115     1.00000000e-02    1.00000000e+00    2.94147551e-05
1116     1.10000000e-02    1.00000000e+00    3.23543200e-05
1117     1.20000000e-02    1.00000000e+00    3.52932712e-05
1118     1.30000000e-02    1.00000000e+00    3.82315250e-05
1119     1.40000000e-02    1.00000000e+00    4.11689929e-05
1120     1.50000000e-02    1.00000000e+00    4.41055819e-05
1121     1.60000000e-02    1.00000000e+00    4.70411957e-05
1122     1.70000000e-02    1.00000000e+00    4.99757355e-05
1123     1.80000000e-02    1.00000000e+00    5.29091013e-05
1124     1.90000000e-02    1.00000000e+00    5.58411928e-05
1125     2.00000000e-02    1.00000000e+00    5.87719106e-05
1126     2.10000000e-02    1.00000000e+00    6.17011567e-05
1127     2.20000000e-02    1.00000000e+00    6.46288354e-05
1128     2.30000000e-02    1.00000000e+00    6.75548534e-05
1129     2.40000000e-02    1.00000000e+00    7.04791205e-05
1130     2.50000000e-02    1.00000000e+00    7.34015489e-05
1131     2.60000000e-02    1.00000000e+00    7.63220538e-05
1132     2.70000000e-02    1.00000000e+00    7.92405528e-05
1133     2.80000000e-02    1.00000000e+00    8.21569658e-05
1134     2.90000000e-02    1.00000000e+00    8.50712151e-05
1135     3.00000000e-02    1.00000000e+00    8.79832245e-05
1136     3.10000000e-02    1.00000000e+00    9.08929197e-05
1137     3.20000000e-02    1.00000000e+00    9.38002279e-05
1138     3.30000000e-02    1.00000000e+00    9.67050775e-05
1139     3.40000000e-02    1.00000000e+00    9.96073983e-05
1140     3.50000000e-02    1.00000000e+00    1.02507121e-04
1141     3.60000000e-02    1.00000000e+00    1.05404177e-04
1142     3.70000000e-02    1.00000000e+00    1.08298500e-04
1143     3.80000000e-02    1.00000000e+00    1.11190023e-04
1144     3.90000000e-02    1.00000000e+00    1.14078679e-04
1145     4.00000000e-02    1.00000000e+00    1.16964405e-04
1146     4.10000000e-02    1.00000000e+00    1.19847136e-04
1147     4.20000000e-02    1.00000000e+00    1.22726810e-04
1148     4.30000000e-02    1.00000000e+00    1.25603362e-04
1149     4.40000000e-02    1.00000000e+00    1.28476732e-04
1150     4.50000000e-02    1.00000000e+00    1.31346858e-04
1151     4.60000000e-02    1.00000000e+00    1.34213680e-04
1152     4.70000000e-02    1.00000000e+00    1.37077138e-04
1153     4.80000000e-02    1.00000000e+00    1.39937173e-04
1154     4.90000000e-02    1.00000000e+00    1.42793727e-04
1155     5.00000000e-02    1.00000000e+00    1.45646742e-04
1156     5.10000000e-02    1.00000000e+00    1.48496163e-04
1157     5.20000000e-02    1.00000000e+00    1.51341932e-04
1158     5.30000000e-02    1.00000000e+00    1.54183995e-04
1159     5.40000000e-02    1.00000000e+00    1.57022297e-04
1160     5.50000000e-02    1.00000000e+00    1.59856784e-04
1161     5.60000000e-02    1.00000000e+00    1.62687404e-04
1162     5.70000000e-02    1.00000000e+00    1.65514104e-04
1163     5.80000000e-02    1.00000000e+00    1.68336834e-04
1164     5.90000000e-02    1.00000000e+00    1.71155542e-04
1165     6.00000000e-02    1.00000000e+00    1.73970180e-04
1166     6.10000000e-02    1.00000000e+00    1.76780697e-04
1167     6.20000000e-02    1.00000000e+00    1.79587046e-04
1168     6.30000000e-02    1.00000000e+00    1.82389180e-04
1169     6.40000000e-02    1.00000000e+00    1.85187052e-04
1170     6.50000000e-02    1.00000000e+00    1.87980617e-04
1171     6.60000000e-02    1.00000000e+00    1.90769829e-04
1172     6.70000000e-02    1.00000000e+00    1.93554644e-04
1173     6.80000000e-02    1.00000000e+00    1.96335021e-04
1174     6.90000000e-02    1.00000000e+00    1.99110915e-04
1175     7.00000000e-02    1.00000000e+00    2.01882285e-04
1176     7.10000000e-02    1.00000000e+00    2.04649092e-04
1177     7.20000000e-02    1.00000000e+00    2.07411294e-04
1178     7.30000000e-02    1.00000000e+00    2.10168853e-04
1179     7.40000000e-02    1.00000000e+00    2.12921731e-04
1180     7.50000000e-02    1.00000000e+00    2.15669890e-04
1181     7.60000000e-02    1.00000000e+00    2.18413293e-04
1182     7.70000000e-02    1.00000000e+00    2.21151906e-04
1183     7.80000000e-02    1.00000000e+00    2.23885692e-04
1184     7.90000000e-02    1.00000000e+00    2.26614618e-04
1185     8.00000000e-02    1.00000000e+00    2.29338650e-04
1186     8.10000000e-02    1.00000000e+00    2.32057756e-04
1187     8.20000000e-02    1.00000000e+00    2.34771905e-04
1188     8.30000000e-02    1.00000000e+00    2.37481065e-04
1189     8.40000000e-02    1.00000000e+00    2.40185207e-04
1190     8.50000000e-02    1.00000000e+00    2.42884301e-04
1191     8.60000000e-02    1.00000000e+00    2.45578318e-04
1192     8.70000000e-02    1.00000000e+00    2.48267232e-04
1193     8.80000000e-02    1.00000000e+00    2.50951015e-04
1194     8.90000000e-02    1.00000000e+00    2.53629642e-04
1195     9.00000000e-02    1.00000000e+00    2.56303086e-04
1196     9.10000000e-02    1.00000000e+00    2.58971324e-04
1197     9.20000000e-02    1.00000000e+00    2.61634332e-04
1198     9.30000000e-02    1.00000000e+00    2.64292087e-04
1199     9.40000000e-02    1.00000000e+00    2.66944566e-04
1200     9.50000000e-02    1.00000000e+00    2.69591749e-04
1201     9.60000000e-02    1.00000000e+00    2.72233615e-04
1202     9.70000000e-02    1.00000000e+00    2.74870144e-04
1203     9.80000000e-02    1.00000000e+00    2.77501316e-04
1204     9.90000000e-02    1.00000000e+00    2.80127114e-04
1205     1.00000000e-01    1.00000000e+00    2.82747519e-04
End of Xyce(TM) Simulation
