Index        TIME          {V(4)+1.0}          V(5)          {V(1)+1.0}
0       0.00000000e+00   5.99999936e+00   6.34691219e-01   1.03174088e+00   
1       5.00000000e-10   5.99999935e+00   6.34691377e-01   1.03188562e+00   
2       1.50000000e-09   5.99999917e+00   6.34692820e-01   1.03251013e+00   
3       3.50000000e-09   5.99999854e+00   6.34698878e-01   1.03445072e+00   
4       7.50000000e-09   5.99999626e+00   6.34739707e-01   1.04292315e+00   
5       1.55000000e-08   5.99998881e+00   6.34972978e-01   1.09184603e+00   
6       2.35000000e-08   5.99997430e+00   6.35330652e-01   1.21416017e+00   
7       3.15000000e-08   5.99996645e+00   6.35713290e-01   1.39219604e+00   
8       3.95000000e-08   5.99996663e+00   6.36100389e-01   1.62074429e+00   
9       4.75000000e-08   5.99996524e+00   6.36490257e-01   1.89557082e+00   
10      5.55000000e-08   5.99996958e+00   6.36881908e-01   2.21140605e+00   
11      6.35000000e-08   5.99997423e+00   6.37274379e-01   2.56164403e+00   
12      7.15000000e-08   5.99998235e+00   6.37667048e-01   2.93972258e+00   
13      7.95000000e-08   5.99999458e+00   6.38059224e-01   3.33813399e+00   
14      8.67000000e-08   6.00001003e+00   6.38411448e-01   3.70886520e+00   
15      9.39000000e-08   6.00002546e+00   6.38762775e-01   4.08758264e+00   
16      1.00000000e-07   6.00003577e+00   6.39059761e-01   4.41344531e+00   
17      1.00720000e-07   6.00003712e+00   6.39094672e-01   4.45105528e+00   
18      1.01270603e-07   6.00003830e+00   6.39121317e-01   4.47931845e+00   
19      1.02371808e-07   6.00004111e+00   6.39174500e-01   4.53491259e+00   
20      1.04574219e-07   6.00004880e+00   6.39280256e-01   4.64032039e+00   
21      1.08979040e-07   6.00006546e+00   6.39489585e-01   4.83000114e+00   
22      1.13383862e-07   6.00007808e+00   6.39696349e-01   4.99406559e+00   
23      1.17788683e-07   6.00008547e+00   6.39900938e-01   5.13573862e+00   
24      1.22193505e-07   6.00008898e+00   6.40103676e-01   5.25789809e+00   
25      1.26598327e-07   6.00008982e+00   6.40304838e-01   5.36310194e+00   
26      1.35407970e-07   6.00008708e+00   6.40703403e-01   5.53230618e+00   
27      1.44217613e-07   6.00008123e+00   6.41097977e-01   5.65690455e+00   
28      1.53027256e-07   6.00007494e+00   6.41489638e-01   5.74841654e+00   
29      1.61836899e-07   6.00006974e+00   6.41879157e-01   5.81536589e+00   
30      1.70646542e-07   6.00006545e+00   6.42267099e-01   5.86418302e+00   
31      1.88265828e-07   6.00005778e+00   6.43039947e-01   5.92703688e+00   
32      2.05885114e-07   6.00005166e+00   6.43810180e-01   5.96032037e+00   
33      2.23504400e-07   6.00004750e+00   6.44578998e-01   5.97827200e+00   
34      2.58742973e-07   6.00004305e+00   6.46114585e-01   5.99439965e+00   
35      2.93981545e-07   6.00004149e+00   6.47648662e-01   5.99886968e+00   
36      3.64458690e-07   6.00004025e+00   6.50714620e-01   6.00088388e+00   
37      4.34935834e-07   6.00003939e+00   6.53778249e-01   6.00084789e+00   
38      5.75890123e-07   6.00003702e+00   6.59899039e-01   6.00085206e+00   
39      7.16844413e-07   6.00003452e+00   6.66011208e-01   6.00085208e+00   
40      9.98752991e-07   6.00002975e+00   6.78209740e-01   6.00086703e+00   
41      1.56257015e-06   6.00002183e+00   7.02503943e-01   6.00089405e+00   
42      2.69020446e-06   6.00001113e+00   7.50683771e-01   6.00071494e+00   
43      3.81783878e-06   6.00000516e+00   7.98323403e-01   6.00015249e+00   
44      4.82072728e-06   6.00000200e+00   8.40243881e-01   6.00036041e+00   
45      5.82361578e-06   6.00000033e+00   8.81746083e-01   6.00034028e+00   
46      6.82650428e-06   5.99999916e+00   9.22834199e-01   6.00029070e+00   
47      7.82939278e-06   5.99999864e+00   9.63512375e-01   6.00037961e+00   
48      8.83228128e-06   5.99999823e+00   1.00378467e+00   6.00028369e+00   
49      1.08380583e-05   5.99999798e+00   1.08312983e+00   6.00037420e+00   
50      1.28438353e-05   5.99999794e+00   1.16089951e+00   6.00028085e+00   
51      1.68553893e-05   5.99999806e+00   1.31185188e+00   6.00035661e+00   
52      2.48784973e-05   5.99999833e+00   1.59629292e+00   6.00025501e+00   
53      3.29016053e-05   5.99999856e+00   1.85879564e+00   6.00031900e+00   
54      4.09247133e-05   5.99999862e+00   2.10104928e+00   6.00022232e+00   
55      4.21790654e-05   5.99999871e+00   2.13695364e+00   6.00025781e+00   
56      4.34334176e-05   5.99999864e+00   2.17263407e+00   6.00025852e+00   
57      4.59421218e-05   5.99999875e+00   2.24266820e+00   6.00025050e+00   
58      4.84508261e-05   5.99999872e+00   2.31096761e+00   6.00024871e+00   
59      5.09595304e-05   5.99999880e+00   2.37757644e+00   6.00024105e+00   
60      5.34682346e-05   5.99999877e+00   2.44253530e+00   6.00023917e+00   
61      5.59769389e-05   5.99999884e+00   2.50588461e+00   6.00023196e+00   
62      5.84856432e-05   5.99999882e+00   2.56766449e+00   6.00022994e+00   
63      6.35030517e-05   5.99999890e+00   2.68668863e+00   6.00021883e+00   
64      6.85204602e-05   5.99999890e+00   2.79988753e+00   6.00021263e+00   
65      7.85204602e-05   5.99999899e+00   3.00936738e+00   6.00019448e+00   
66      8.01000000e-05   5.99999900e+00   3.04055504e+00   6.00019388e+00   
67      8.01029499e-05   6.00000310e+00   3.04061130e+00   5.98500533e+00   
68      8.01054705e-05   6.00000817e+00   3.04065837e+00   5.96239027e+00   
69      8.01079910e-05   6.00001356e+00   3.04070497e+00   5.93525026e+00   
70      8.01130320e-05   6.00002297e+00   3.04079559e+00   5.85642089e+00   
71      8.01180731e-05   6.00002786e+00   3.04088319e+00   5.74977346e+00   
72      8.01231141e-05   6.00002882e+00   3.04096823e+00   5.62082278e+00   
73      8.01331962e-05   6.00002541e+00   3.04113204e+00   5.31413530e+00   
74      8.01432782e-05   6.00001939e+00   3.04128863e+00   4.96148059e+00   
75      8.01533603e-05   6.00001398e+00   3.04143871e+00   4.58182843e+00   
76      8.01735245e-05   6.00000615e+00   3.04171672e+00   3.79782769e+00   
77      8.01821222e-05   6.00000084e+00   3.04174580e+00   3.48191491e+00   
78      8.01832904e-05   5.99999473e+00   3.04173248e+00   3.45757904e+00   
79      8.01844587e-05   5.99998547e+00   3.04170792e+00   3.44022103e+00   
80      8.01867952e-05   5.99996123e+00   3.04158515e+00   3.41650180e+00   
81      8.01891316e-05   5.99994651e+00   3.04134964e+00   3.39945051e+00   
82      8.01938046e-05   5.99993721e+00   3.04048566e+00   3.37350886e+00   
83      8.01984776e-05   5.99993228e+00   3.03905176e+00   3.35177836e+00   
84      8.02000000e-05   5.99993006e+00   3.03845432e+00   3.34520760e+00   
85      8.02004673e-05   5.99992900e+00   3.03825465e+00   3.34325583e+00   
86      8.02014019e-05   5.99992665e+00   3.03783110e+00   3.33950051e+00   
87      8.02032711e-05   5.99992136e+00   3.03693625e+00   3.33229268e+00   
88      8.02070095e-05   5.99990748e+00   3.03486914e+00   3.31896132e+00   
89      8.02144862e-05   5.99986958e+00   3.02971869e+00   3.29537789e+00   
90      8.02294397e-05   5.99976765e+00   3.01608664e+00   3.25596225e+00   
91      8.02593467e-05   5.99953542e+00   2.98026162e+00   3.19394155e+00   
92      8.02892538e-05   5.99933231e+00   2.93838948e+00   3.14356343e+00   
93      8.03191608e-05   5.99918996e+00   2.89464542e+00   3.09802633e+00   
94      8.03789748e-05   5.99904963e+00   2.80701470e+00   3.01187984e+00   
95      8.04328075e-05   5.99901844e+00   2.72954487e+00   2.93729618e+00   
96      8.04866401e-05   5.99902381e+00   2.65398831e+00   2.86483959e+00   
97      8.05404727e-05   5.99904903e+00   2.58041948e+00   2.79443045e+00   
98      8.05943054e-05   5.99908205e+00   2.50883715e+00   2.72598233e+00   
99      8.07019707e-05   5.99915133e+00   2.37150229e+00   2.59484616e+00   
100     8.08096359e-05   5.99922416e+00   2.24172781e+00   2.47110364e+00   
101     8.09065347e-05   5.99929938e+00   2.13120861e+00   2.36600491e+00   
102     8.10034334e-05   5.99937060e+00   2.02653031e+00   2.26672965e+00   
103     8.11003322e-05   5.99943503e+00   1.92755160e+00   2.17307381e+00   
104     8.11972309e-05   5.99949833e+00   1.83410083e+00   2.08487606e+00   
105     8.12941297e-05   5.99955807e+00   1.74600427e+00   2.00194941e+00   
106     8.13910284e-05   5.99961478e+00   1.66307849e+00   1.92410593e+00   
107     8.15848259e-05   5.99971964e+00   1.51189663e+00   1.78281914e+00   
108     8.17786234e-05   5.99981278e+00   1.37921411e+00   1.65974634e+00   
109     8.19724209e-05   5.99989635e+00   1.26367586e+00   1.55355146e+00   
110     8.21662184e-05   5.99996878e+00   1.16388035e+00   1.46276237e+00   
111     8.23600159e-05   6.00003183e+00   1.07834026e+00   1.38584256e+00   
112     8.25538134e-05   6.00008388e+00   1.00555638e+00   1.32127823e+00   
113     8.27476109e-05   6.00012736e+00   9.44058183e-01   1.26756979e+00   
114     8.31352059e-05   6.00018672e+00   8.48754280e-01   1.18657079e+00   
115     8.35228009e-05   6.00021819e+00   7.82944744e-01   1.13316393e+00   
116     8.39103959e-05   6.00022519e+00   7.38039353e-01   1.09866251e+00   
117     8.42979909e-05   6.00021803e+00   7.07441562e-01   1.07653883e+00   
118     8.50731809e-05   6.00018160e+00   6.70949963e-01   1.05232485e+00   
119     8.58483709e-05   6.00013910e+00   6.53498976e-01   1.04189607e+00   
120     8.73987509e-05   6.00007166e+00   6.39233220e-01   1.03407830e+00   
121     8.89491309e-05   6.00003437e+00   6.35867393e-01   1.03233706e+00   
122     9.20498908e-05   6.00000447e+00   6.34600656e-01   1.03169636e+00   
123     9.51506508e-05   6.00000027e+00   6.34697994e-01   1.03174302e+00   
124     1.00000000e-04   5.99999907e+00   6.34689293e-01   1.03174120e+00   
125     1.00003143e-04   5.99999819e+00   6.34707665e-01   1.03541889e+00   
126     1.00005717e-04   5.99999715e+00   6.34741700e-01   1.04096132e+00   
127     1.00010865e-04   5.99999406e+00   6.34853543e-01   1.05983862e+00   
128     1.00021161e-04   5.99997931e+00   6.35251143e-01   1.17622243e+00   
129     1.00030388e-04   5.99996741e+00   6.35690330e-01   1.36852298e+00   
130     1.00039616e-04   5.99996580e+00   6.36136327e-01   1.62788338e+00   
131     1.00048844e-04   5.99996602e+00   6.36586141e-01   1.94901331e+00   
132     1.00058071e-04   5.99996981e+00   6.37038101e-01   2.32325297e+00   
133     1.00067299e-04   5.99997635e+00   6.37490940e-01   2.74085164e+00   
134     1.00076527e-04   5.99998380e+00   6.37943730e-01   3.19199473e+00   
135     1.00085755e-04   5.99999248e+00   6.38395780e-01   3.66751536e+00   
136     1.00100000e-04   6.00000632e+00   6.39091138e-01   4.43096862e+00   
137     1.00100950e-04   6.00000788e+00   6.39137248e-01   4.48093413e+00   
138     1.00101765e-04   6.00000972e+00   6.39176628e-01   4.52263612e+00   
139     1.00103393e-04   6.00001435e+00   6.39255158e-01   4.60401195e+00   
140     1.00106650e-04   6.00002730e+00   6.39410921e-01   4.75433625e+00   
141     1.00109907e-04   6.00004176e+00   6.39565105e-01   4.88910487e+00   
142     1.00113164e-04   6.00005527e+00   6.39717880e-01   5.00960899e+00   
143     1.00116421e-04   6.00006714e+00   6.39869399e-01   5.11712568e+00   
144     1.00122935e-04   6.00008423e+00   6.40169294e-01   5.29891581e+00   
145     1.00129448e-04   6.00009261e+00   6.40465708e-01   5.44298682e+00   
146     1.00135962e-04   6.00009445e+00   6.40759423e-01   5.55720223e+00   
147     1.00142476e-04   6.00009248e+00   6.41051037e-01   5.64782435e+00   
148     1.00148990e-04   6.00008858e+00   6.41341008e-01   5.71978740e+00   
149     1.00162018e-04   6.00007918e+00   6.41917443e-01   5.82359775e+00   
150     1.00175045e-04   6.00007016e+00   6.42490526e-01   5.88887072e+00   
151     1.00188073e-04   6.00006297e+00   6.43061503e-01   5.93003255e+00   
152     1.00214128e-04   6.00005350e+00   6.44200023e-01   5.97397038e+00   
153     1.00240183e-04   6.00004848e+00   6.45335970e-01   5.99058748e+00   
154     1.00266239e-04   6.00004617e+00   6.46470747e-01   5.99667549e+00   
155     1.00292294e-04   6.00004475e+00   6.47604886e-01   5.99864543e+00   
156     1.00318349e-04   6.00004330e+00   6.48738617e-01   5.99925552e+00   
157     1.00370460e-04   6.00004115e+00   6.51005129e-01   5.99970569e+00   
158     1.00422570e-04   6.00003978e+00   6.53270438e-01   5.99989454e+00   
159     1.00526791e-04   6.00003773e+00   6.57797503e-01   6.00009065e+00   
160     1.00735233e-04   6.00003410e+00   6.66837469e-01   6.00019515e+00   
161     1.01152117e-04   6.00002732e+00   6.84860982e-01   6.00023077e+00   
162     1.01985886e-04   6.00001704e+00   7.20683558e-01   6.00025459e+00   
163     1.02819654e-04   6.00001030e+00   7.56208739e-01   6.00028053e+00   
164     1.03653423e-04   6.00000587e+00   7.91438994e-01   6.00029921e+00   
165     1.04487191e-04   6.00000299e+00   8.26376771e-01   6.00031324e+00   
166     1.06154728e-04   5.99999980e+00   8.95385774e-01   6.00032754e+00   
167     1.09489801e-04   5.99999789e+00   1.03000863e+00   6.00033097e+00   
168     1.12824875e-04   5.99999792e+00   1.16021597e+00   6.00032319e+00   
169     1.19495022e-04   5.99999813e+00   1.40802529e+00   6.00030767e+00   
170     1.26165169e-04   5.99999844e+00   1.63984097e+00   6.00029238e+00   
171     1.32835316e-04   5.99999846e+00   1.85669523e+00   6.00027819e+00   
172     1.42835316e-04   5.99999873e+00   2.15600233e+00   6.00025774e+00   
173     1.52835316e-04   5.99999876e+00   2.42680766e+00   6.00023873e+00   
174     1.62835316e-04   5.99999891e+00   2.67182479e+00   6.00022090e+00   
175     1.64465980e-04   5.99999892e+00   2.70917233e+00   6.00021761e+00   
176     1.67727309e-04   5.99999888e+00   2.78266864e+00   6.00021303e+00   
177     1.68860325e-04   5.99999893e+00   2.80750401e+00   6.00021042e+00   
178     1.69993342e-04   5.99999891e+00   2.83219939e+00   6.00020910e+00   
179     1.72259375e-04   5.99999895e+00   2.88075961e+00   6.00020492e+00   
180     1.74525408e-04   5.99999895e+00   2.92823093e+00   6.00020177e+00   
181     1.76791440e-04   5.99999898e+00   2.97463820e+00   6.00019776e+00   
182     1.80100000e-04   5.99999898e+00   3.04054009e+00   6.00019310e+00   
183     1.80102950e-04   6.00000309e+00   3.04059635e+00   5.98500474e+00   
184     1.80105470e-04   6.00000816e+00   3.04064342e+00   5.96238990e+00   
185     1.80107991e-04   6.00001355e+00   3.04069003e+00   5.93525015e+00   
186     1.80113032e-04   6.00002296e+00   3.04078065e+00   5.85642151e+00   
187     1.80118073e-04   6.00002786e+00   3.04086825e+00   5.74977501e+00   
188     1.80123114e-04   6.00002882e+00   3.04095329e+00   5.62082540e+00   
189     1.80133196e-04   6.00002541e+00   3.04111712e+00   5.31414027e+00   
190     1.80143278e-04   6.00001939e+00   3.04127371e+00   4.96148798e+00   
191     1.80153360e-04   6.00001398e+00   3.04142381e+00   4.58183808e+00   
192     1.80173524e-04   6.00000615e+00   3.04170183e+00   3.79784008e+00   
193     1.80182122e-04   6.00000084e+00   3.04173096e+00   3.48191357e+00   
194     1.80183291e-04   5.99999473e+00   3.04171765e+00   3.45757392e+00   
195     1.80184459e-04   5.99998547e+00   3.04169309e+00   3.44021339e+00   
196     1.80186795e-04   5.99996122e+00   3.04157036e+00   3.41649168e+00   
197     1.80189132e-04   5.99994650e+00   3.04133487e+00   3.39943935e+00   
198     1.80193805e-04   5.99993720e+00   3.04047097e+00   3.37349687e+00   
199     1.80198478e-04   5.99993226e+00   3.03903715e+00   3.35176608e+00   
200     1.80200000e-04   5.99993005e+00   3.03843976e+00   3.34519544e+00   
201     1.80200467e-04   5.99992898e+00   3.03824010e+00   3.34324366e+00   
202     1.80201402e-04   5.99992664e+00   3.03781657e+00   3.33948831e+00   
203     1.80203271e-04   5.99992135e+00   3.03692176e+00   3.33228045e+00   
204     1.80207009e-04   5.99990747e+00   3.03485473e+00   3.31894905e+00   
205     1.80214486e-04   5.99986957e+00   3.02970446e+00   3.29536562e+00   
206     1.80229440e-04   5.99976763e+00   3.01607278e+00   3.25595004e+00   
207     1.80259346e-04   5.99953538e+00   2.98024841e+00   3.19392950e+00   
208     1.80289253e-04   5.99933222e+00   2.93837675e+00   3.14355149e+00   
209     1.80349067e-04   5.99909556e+00   2.85084261e+00   3.05412455e+00   
210     1.80408881e-04   5.99902364e+00   2.76373301e+00   2.97018321e+00   
211     1.80462713e-04   5.99901697e+00   2.68731408e+00   2.89676141e+00   
212     1.80516546e-04   5.99903580e+00   2.61285729e+00   2.82547174e+00   
213     1.80570378e-04   5.99906683e+00   2.54039653e+00   2.75614883e+00   
214     1.80678043e-04   5.99913752e+00   2.40134434e+00   2.62332590e+00   
215     1.80785707e-04   5.99920538e+00   2.26991225e+00   2.49795229e+00   
216     1.80882606e-04   5.99928020e+00   2.15793889e+00   2.39140062e+00   
217     1.80979504e-04   5.99935449e+00   2.05183105e+00   2.29069978e+00   
218     1.81076402e-04   5.99941905e+00   1.95146086e+00   2.19567831e+00   
219     1.81173301e-04   5.99948275e+00   1.85666248e+00   2.10614677e+00   
220     1.81270199e-04   5.99954414e+00   1.76726118e+00   2.02193920e+00   
221     1.81367097e-04   5.99960029e+00   1.68307697e+00   1.94285769e+00   
222     1.81463995e-04   5.99965678e+00   1.60392033e+00   1.86871174e+00   
223     1.81657792e-04   5.99975485e+00   1.45986317e+00   1.73443053e+00   
224     1.81851589e-04   5.99984648e+00   1.33379072e+00   1.61787344e+00   
225     1.82045385e-04   5.99992370e+00   1.22434801e+00   1.51765704e+00   
226     1.82239182e-04   5.99999478e+00   1.13009498e+00   1.43226709e+00   
227     1.82432978e-04   6.00005146e+00   1.04953088e+00   1.36017546e+00   
228     1.82626775e-04   6.00010238e+00   9.81165123e-01   1.29986960e+00   
229     1.82820571e-04   6.00013995e+00   9.23543249e-01   1.24987323e+00   
230     1.83208165e-04   6.00019562e+00   8.34496359e-01   1.17477800e+00   
231     1.83595758e-04   6.00021985e+00   7.73188173e-01   1.12550569e+00   
232     1.83983351e-04   6.00022576e+00   7.31397997e-01   1.09374597e+00   
233     1.84370944e-04   6.00021427e+00   7.02902297e-01   1.07338406e+00   
234     1.85146130e-04   6.00017852e+00   6.68828554e-01   1.05100831e+00   
235     1.85921316e-04   6.00013412e+00   6.52449266e-01   1.04130103e+00   
236     1.87471689e-04   6.00007040e+00   6.39001059e-01   1.03395264e+00   
237     1.89022061e-04   6.00003212e+00   6.35808593e-01   1.03231164e+00   
238     1.92122806e-04   6.00000536e+00   6.34605316e-01   1.03169406e+00   
239     1.95223551e-04   5.99999917e+00   6.34697683e-01   1.03174755e+00   
240     2.00000000e-04   6.00000015e+00   6.34689400e-01   1.03173655e+00   
241     2.00003143e-04   5.99999886e+00   6.34707765e-01   1.03541658e+00   
242     2.00005717e-04   5.99999749e+00   6.34741797e-01   1.04095997e+00   
243     2.00010865e-04   5.99999399e+00   6.34853634e-01   1.05983812e+00   
244     2.00021160e-04   5.99997925e+00   6.35251226e-01   1.17621783e+00   
245     2.00030388e-04   5.99996743e+00   6.35690416e-01   1.36851781e+00   
246     2.00039616e-04   5.99996580e+00   6.36136417e-01   1.62787922e+00   
247     2.00048844e-04   5.99996603e+00   6.36586234e-01   1.94901151e+00   
248     2.00058071e-04   5.99996982e+00   6.37038198e-01   2.32325471e+00   
249     2.00067299e-04   5.99997636e+00   6.37491041e-01   2.74085778e+00   
250     2.00076527e-04   5.99998381e+00   6.37943834e-01   3.19200578e+00   
251     2.00085755e-04   5.99999249e+00   6.38395889e-01   3.66753157e+00   
252     2.00100000e-04   6.00000631e+00   6.39091235e-01   4.43097582e+00   
253     2.00100951e-04   6.00000788e+00   6.39137347e-01   4.48094275e+00   
254     2.00101765e-04   6.00000972e+00   6.39176728e-01   4.52264575e+00   
255     2.00103393e-04   6.00001435e+00   6.39255259e-01   4.60402362e+00   
256     2.00106650e-04   6.00002729e+00   6.39411025e-01   4.75435224e+00   
257     2.00109907e-04   6.00004174e+00   6.39565212e-01   4.88912557e+00   
258     2.00113164e-04   6.00005524e+00   6.39717990e-01   5.00963434e+00   
259     2.00116421e-04   6.00006711e+00   6.39869512e-01   5.11715497e+00   
260     2.00122935e-04   6.00008421e+00   6.40169413e-01   5.29894973e+00   
261     2.00129449e-04   6.00009260e+00   6.40465832e-01   5.44302160e+00   
262     2.00135963e-04   6.00009445e+00   6.40759552e-01   5.55723546e+00   
263     2.00142477e-04   6.00009248e+00   6.41051171e-01   5.64785484e+00   
264     2.00148991e-04   6.00008859e+00   6.41341147e-01   5.71981466e+00   
265     2.00162019e-04   6.00007919e+00   6.41917591e-01   5.82361871e+00   
266     2.00175047e-04   6.00007017e+00   6.42490684e-01   5.88888653e+00   
267     2.00188074e-04   6.00006298e+00   6.43061672e-01   5.93004481e+00   
268     2.00214130e-04   6.00005351e+00   6.44200212e-01   5.97397875e+00   
269     2.00240186e-04   6.00004849e+00   6.45336180e-01   5.99059533e+00   
270     2.00266242e-04   6.00004617e+00   6.46470978e-01   5.99668488e+00   
271     2.00292297e-04   6.00004476e+00   6.47605138e-01   5.99865413e+00   
272     2.00318353e-04   6.00004332e+00   6.48738890e-01   5.99926069e+00   
273     2.00370465e-04   6.00004116e+00   6.51005443e-01   5.99970540e+00   
274     2.00422576e-04   6.00003978e+00   6.53270794e-01   5.99989488e+00   
275     2.00526799e-04   6.00003774e+00   6.57797942e-01   6.00009047e+00   
276     2.00735245e-04   6.00003410e+00   6.66838074e-01   6.00019475e+00   
277     2.01152137e-04   6.00002733e+00   6.84861916e-01   6.00023103e+00   
278     2.01985921e-04   6.00001704e+00   7.20685144e-01   6.00025417e+00   
279     2.02819705e-04   6.00001030e+00   7.56210965e-01   6.00028082e+00   
280     2.03653488e-04   6.00000587e+00   7.91441849e-01   6.00029877e+00   
281     2.04487272e-04   6.00000299e+00   8.26380245e-01   6.00031354e+00   
282     2.06154840e-04   5.99999980e+00   8.95390455e-01   6.00032710e+00   
283     2.09489975e-04   5.99999789e+00   1.03001560e+00   6.00033129e+00   
284     2.12825110e-04   5.99999792e+00   1.16022508e+00   6.00032276e+00   
285     2.19495381e-04   5.99999813e+00   1.40803825e+00   6.00030800e+00   
286     2.26165651e-04   5.99999844e+00   1.63985724e+00   6.00029197e+00   
287     2.32835922e-04   5.99999846e+00   1.85671433e+00   6.00027853e+00   
288     2.42835922e-04   5.99999873e+00   2.15601961e+00   6.00025734e+00   
289     2.52835922e-04   5.99999876e+00   2.42682331e+00   6.00023909e+00   
290     2.62835922e-04   5.99999891e+00   2.67183936e+00   6.00022051e+00   
291     2.72835922e-04   5.99999892e+00   2.89352095e+00   6.00020466e+00   
292     2.80100000e-04   5.99999902e+00   3.04113471e+00   6.00019242e+00   
293     2.80102950e-04   6.00000312e+00   3.04119094e+00   5.98500457e+00   
294     2.80105470e-04   6.00000819e+00   3.04123800e+00   5.96239088e+00   
295     2.80107991e-04   6.00001358e+00   3.04128459e+00   5.93525249e+00   
296     2.80113032e-04   6.00002299e+00   3.04137517e+00   5.85642771e+00   
297     2.80118073e-04   6.00002789e+00   3.04146273e+00   5.74978621e+00   
298     2.80123114e-04   6.00002885e+00   3.04154774e+00   5.62084241e+00   
299     2.80133196e-04   6.00002543e+00   3.04171149e+00   5.31417048e+00   
300     2.80143278e-04   6.00001941e+00   3.04186800e+00   4.96153322e+00   
301     2.80153359e-04   6.00001400e+00   3.04201802e+00   4.58190058e+00   
302     2.80173523e-04   6.00000616e+00   3.04229587e+00   3.79795503e+00   
303     2.80182117e-04   6.00000083e+00   3.04232437e+00   3.48231000e+00   
304     2.80183285e-04   5.99999471e+00   3.04231092e+00   3.45803114e+00   
305     2.80184453e-04   5.99998543e+00   3.04228623e+00   3.44070978e+00   
306     2.80186789e-04   5.99996119e+00   3.04216317e+00   3.41702597e+00   
307     2.80189125e-04   5.99994648e+00   3.04192736e+00   3.39999014e+00   
308     2.80193797e-04   5.99993720e+00   3.04106286e+00   3.37406211e+00   
309     2.80198469e-04   5.99993226e+00   3.03962858e+00   3.35233853e+00   
310     2.80200000e-04   5.99993003e+00   3.03902757e+00   3.34573307e+00   
311     2.80200467e-04   5.99992896e+00   3.03882777e+00   3.34378203e+00   
312     2.80201402e-04   5.99992662e+00   3.03840396e+00   3.34002794e+00   
313     2.80203271e-04   5.99992132e+00   3.03750859e+00   3.33282220e+00   
314     2.80207008e-04   5.99990743e+00   3.03544053e+00   3.31949390e+00   
315     2.80214484e-04   5.99986951e+00   3.03028845e+00   3.29591419e+00   
316     2.80229435e-04   5.99976756e+00   3.01665407e+00   3.25650211e+00   
317     2.80259336e-04   5.99953530e+00   2.98082675e+00   3.19448362e+00   
318     2.80289238e-04   5.99933212e+00   2.93895377e+00   3.14410542e+00   
319     2.80349042e-04   5.99909540e+00   2.85141780e+00   3.05467675e+00   
320     2.80408845e-04   5.99902345e+00   2.76430614e+00   2.97073292e+00   
321     2.80462669e-04   5.99901679e+00   2.68788478e+00   2.89730805e+00   
322     2.80516492e-04   5.99903564e+00   2.61342500e+00   2.82601494e+00   
323     2.80570315e-04   5.99906669e+00   2.54096080e+00   2.75668829e+00   
324     2.80677962e-04   5.99913743e+00   2.40190055e+00   2.62385666e+00   
325     2.80785608e-04   5.99920534e+00   2.27045900e+00   2.49847323e+00   
326     2.80882490e-04   5.99928007e+00   2.15847582e+00   2.39191081e+00   
327     2.80979372e-04   5.99935429e+00   2.05235677e+00   2.29119807e+00   
328     2.81076253e-04   5.99941887e+00   1.95197427e+00   2.19616380e+00   
329     2.81173135e-04   5.99948256e+00   1.85716262e+00   2.10661848e+00   
330     2.81270017e-04   5.99954395e+00   1.76774717e+00   2.02239633e+00   
331     2.81366899e-04   5.99960010e+00   1.68354808e+00   1.94329957e+00   
332     2.81463781e-04   5.99965659e+00   1.60437595e+00   1.86913781e+00   
333     2.81657544e-04   5.99975468e+00   1.46028621e+00   1.73482327e+00   
334     2.81851308e-04   5.99984631e+00   1.33417937e+00   1.61823105e+00   
335     2.82045072e-04   5.99992354e+00   1.22470129e+00   1.51797884e+00   
336     2.82238835e-04   5.99999463e+00   1.13041290e+00   1.43255340e+00   
337     2.82432599e-04   6.00005134e+00   1.04981426e+00   1.36042727e+00   
338     2.82626363e-04   6.00010227e+00   9.81415446e-01   1.30008865e+00   
339     2.82820126e-04   6.00013987e+00   9.23762547e-01   1.25006174e+00   
340     2.83207654e-04   6.00019559e+00   8.34661260e-01   1.17491378e+00   
341     2.83595181e-04   6.00021987e+00   7.73309674e-01   1.12560057e+00   
342     2.83982708e-04   6.00022580e+00   7.31486684e-01   1.09381123e+00   
343     2.84370235e-04   6.00021434e+00   7.02967050e-01   1.07342882e+00   
344     2.85145290e-04   6.00017861e+00   6.68863208e-01   1.05102968e+00   
345     2.85920345e-04   6.00013421e+00   6.52468560e-01   1.04131199e+00   
346     2.87470454e-04   6.00007045e+00   6.39006782e-01   1.03395565e+00   
347     2.89020563e-04   6.00003216e+00   6.35810386e-01   1.03231253e+00   
348     2.92120781e-04   6.00000536e+00   6.34605270e-01   1.03169406e+00   
349     2.95221000e-04   5.99999918e+00   6.34697679e-01   1.03174752e+00   
350     3.00000000e-04   6.00000014e+00   6.34689400e-01   1.03173658e+00   
351     3.00003143e-04   5.99999886e+00   6.34707765e-01   1.03541660e+00   
352     3.00005717e-04   5.99999749e+00   6.34741797e-01   1.04095997e+00   
353     3.00010865e-04   5.99999399e+00   6.34853634e-01   1.05983813e+00   
354     3.00021160e-04   5.99997925e+00   6.35251226e-01   1.17621787e+00   
355     3.00030388e-04   5.99996743e+00   6.35690416e-01   1.36851791e+00   
356     3.00039616e-04   5.99996580e+00   6.36136417e-01   1.62787940e+00   
357     3.00048844e-04   5.99996603e+00   6.36586234e-01   1.94901180e+00   
358     3.00058071e-04   5.99996982e+00   6.37038198e-01   2.32325513e+00   
359     3.00067299e-04   5.99997636e+00   6.37491041e-01   2.74085834e+00   
360     3.00076527e-04   5.99998381e+00   6.37943835e-01   3.19200647e+00   
361     3.00085755e-04   5.99999249e+00   6.38395889e-01   3.66753239e+00   
362     3.00100000e-04   6.00000631e+00   6.39091235e-01   4.43097633e+00   
363     3.00100951e-04   6.00000788e+00   6.39137347e-01   4.48094341e+00   
364     3.00101765e-04   6.00000972e+00   6.39176728e-01   4.52264653e+00   
365     3.00103393e-04   6.00001435e+00   6.39255259e-01   4.60402464e+00   
366     3.00106650e-04   6.00002729e+00   6.39411026e-01   4.75435375e+00   
367     3.00109907e-04   6.00004174e+00   6.39565213e-01   4.88912761e+00   
368     3.00113164e-04   6.00005524e+00   6.39717991e-01   5.00963689e+00   
369     3.00116421e-04   6.00006710e+00   6.39869514e-01   5.11715796e+00   
370     3.00122935e-04   6.00008421e+00   6.40169415e-01   5.29895323e+00   
371     3.00129449e-04   6.00009260e+00   6.40465835e-01   5.44302519e+00   
372     3.00135963e-04   6.00009445e+00   6.40759555e-01   5.55723889e+00   
373     3.00142477e-04   6.00009248e+00   6.41051175e-01   5.64785796e+00   
374     3.00148991e-04   6.00008859e+00   6.41341152e-01   5.71981743e+00   
375     3.00162019e-04   6.00007919e+00   6.41917597e-01   5.82362079e+00   
376     3.00175047e-04   6.00007017e+00   6.42490692e-01   5.88888804e+00   
377     3.00188075e-04   6.00006298e+00   6.43061681e-01   5.93004591e+00   
378     3.00214130e-04   6.00005351e+00   6.44200223e-01   5.97397933e+00   
379     3.00240186e-04   6.00004849e+00   6.45336194e-01   5.99059567e+00   
380     3.00266242e-04   6.00004617e+00   6.46470994e-01   5.99668516e+00   
381     3.00292298e-04   6.00004476e+00   6.47605157e-01   5.99865429e+00   
382     3.00318354e-04   6.00004332e+00   6.48738911e-01   5.99926065e+00   
383     3.00370465e-04   6.00004116e+00   6.51005469e-01   5.99970521e+00   
384     3.00422577e-04   6.00003978e+00   6.53270825e-01   5.99989474e+00   
385     3.00526800e-04   6.00003774e+00   6.57797983e-01   6.00009043e+00   
386     3.00735246e-04   6.00003410e+00   6.66838135e-01   6.00019474e+00   
387     3.01152139e-04   6.00002733e+00   6.84862017e-01   6.00023103e+00   
388     3.01985925e-04   6.00001704e+00   7.20685323e-01   6.00025416e+00   
389     3.02819711e-04   6.00001030e+00   7.56211222e-01   6.00028081e+00   
390     3.03653496e-04   6.00000587e+00   7.91442182e-01   6.00029877e+00   
391     3.04487282e-04   6.00000299e+00   8.26380652e-01   6.00031354e+00   
392     3.06154853e-04   5.99999980e+00   8.95391007e-01   6.00032710e+00   
393     3.09489996e-04   5.99999789e+00   1.03001643e+00   6.00033128e+00   
394     3.12825139e-04   5.99999792e+00   1.16022617e+00   6.00032276e+00   
395     3.19495424e-04   5.99999813e+00   1.40803979e+00   6.00030800e+00   
396     3.26165710e-04   5.99999844e+00   1.63985919e+00   6.00029197e+00   
397     3.32835995e-04   5.99999846e+00   1.85671662e+00   6.00027853e+00   
398     3.42835995e-04   5.99999873e+00   2.15602167e+00   6.00025734e+00   
399     3.52835995e-04   5.99999876e+00   2.42682519e+00   6.00023909e+00   
400     3.62835995e-04   5.99999891e+00   2.67184116e+00   6.00022051e+00   
401     3.72835995e-04   5.99999892e+00   2.89352384e+00   6.00020466e+00   
402     3.80100000e-04   5.99999902e+00   3.04113810e+00   6.00019242e+00   
403     3.80102950e-04   6.00000312e+00   3.04119434e+00   5.98500456e+00   
404     3.80105470e-04   6.00000819e+00   3.04124140e+00   5.96239086e+00   
405     3.80107991e-04   6.00001358e+00   3.04128798e+00   5.93525246e+00   
406     3.80113032e-04   6.00002299e+00   3.04137857e+00   5.85642762e+00   
407     3.80118073e-04   6.00002789e+00   3.04146613e+00   5.74978605e+00   
408     3.80123114e-04   6.00002885e+00   3.04155114e+00   5.62084218e+00   
409     3.80133196e-04   6.00002543e+00   3.04171489e+00   5.31417009e+00   
410     3.80143278e-04   6.00001941e+00   3.04187141e+00   4.96153267e+00   
411     3.80153360e-04   6.00001400e+00   3.04202143e+00   4.58189989e+00   
412     3.80173523e-04   6.00000616e+00   3.04229929e+00   3.79795425e+00   
413     3.80182117e-04   6.00000083e+00   3.04232778e+00   3.48231173e+00   
414     3.80183285e-04   5.99999471e+00   3.04231434e+00   3.45803339e+00   
415     3.80184453e-04   5.99998543e+00   3.04228964e+00   3.44071237e+00   
416     3.80186789e-04   5.99996118e+00   3.04216659e+00   3.41702889e+00   
417     3.80189125e-04   5.99994648e+00   3.04193077e+00   3.39999321e+00   
418     3.80193797e-04   5.99993720e+00   3.04106627e+00   3.37406531e+00   
419     3.80198469e-04   5.99993226e+00   3.03963199e+00   3.35234179e+00   
420     3.80200000e-04   5.99993003e+00   3.03903096e+00   3.34573617e+00   
421     3.80200467e-04   5.99992896e+00   3.03883116e+00   3.34378513e+00   
422     3.80201402e-04   5.99992661e+00   3.03840734e+00   3.34003105e+00   
423     3.80203271e-04   5.99992132e+00   3.03751198e+00   3.33282534e+00   
424     3.80207008e-04   5.99990743e+00   3.03544391e+00   3.31949706e+00   
425     3.80214484e-04   5.99986951e+00   3.03029183e+00   3.29591740e+00   
426     3.80229435e-04   5.99976756e+00   3.01665746e+00   3.25650536e+00   
427     3.80259336e-04   5.99953529e+00   2.98083015e+00   3.19448691e+00   
428     3.80289238e-04   5.99933211e+00   2.93895719e+00   3.14410872e+00   
429     3.80349042e-04   5.99909538e+00   2.85142123e+00   3.05468003e+00   
430     3.80408845e-04   5.99902342e+00   2.76430954e+00   2.97073616e+00   
431     3.80462668e-04   5.99901676e+00   2.68788814e+00   2.89731126e+00   
432     3.80516491e-04   5.99903561e+00   2.61342831e+00   2.82601809e+00   
433     3.80570314e-04   5.99906666e+00   2.54096406e+00   2.75669138e+00   
434     3.80677961e-04   5.99913742e+00   2.40190366e+00   2.62385961e+00   
435     3.80785607e-04   5.99920539e+00   2.27046198e+00   2.49847614e+00   
436     3.80882489e-04   5.99928009e+00   2.15847868e+00   2.39191352e+00   
437     3.80979370e-04   5.99935429e+00   2.05235944e+00   2.29120059e+00   
438     3.81076252e-04   5.99941887e+00   1.95197675e+00   2.19616616e+00   
439     3.81173134e-04   5.99948256e+00   1.85716493e+00   2.10662065e+00   
440     3.81270015e-04   5.99954394e+00   1.76774932e+00   2.02239836e+00   
441     3.81366897e-04   5.99960011e+00   1.68355009e+00   1.94330145e+00   
442     3.81463778e-04   5.99965658e+00   1.60437783e+00   1.86913958e+00   
443     3.81657542e-04   5.99975468e+00   1.46028790e+00   1.73482483e+00   
444     3.81851305e-04   5.99984630e+00   1.33418091e+00   1.61823247e+00   
445     3.82045068e-04   5.99992355e+00   1.22470270e+00   1.51798012e+00   
446     3.82238832e-04   5.99999463e+00   1.13041420e+00   1.43255458e+00   
447     3.82432595e-04   6.00005135e+00   1.04981547e+00   1.36042833e+00   
448     3.82626358e-04   6.00010226e+00   9.81416547e-01   1.30008962e+00   
449     3.82820122e-04   6.00013988e+00   9.23763548e-01   1.25006260e+00   
450     3.83207648e-04   6.00019558e+00   8.34662070e-01   1.17491446e+00   
451     3.83595175e-04   6.00021987e+00   7.73310310e-01   1.12560106e+00   
452     3.83982701e-04   6.00022580e+00   7.31487174e-01   1.09381161e+00   
453     3.84370228e-04   6.00021435e+00   7.02967427e-01   1.07342907e+00   
454     3.85145281e-04   6.00017860e+00   6.68863426e-01   1.05102984e+00   
455     3.85920334e-04   6.00013422e+00   6.52468689e-01   1.04131204e+00   
456     3.87470441e-04   6.00007045e+00   6.39006823e-01   1.03395569e+00   
457     3.89020547e-04   6.00003217e+00   6.35810400e-01   1.03231252e+00   
458     3.92120760e-04   6.00000536e+00   6.34605269e-01   1.03169408e+00   
459     3.95220972e-04   5.99999918e+00   6.34697679e-01   1.03174750e+00   
460     4.00000000e-04   6.00000014e+00   6.34689400e-01   1.03173660e+00   
461     4.00003143e-04   5.99999885e+00   6.34707765e-01   1.03541661e+00   
462     4.00005717e-04   5.99999749e+00   6.34741797e-01   1.04095998e+00   
463     4.00010865e-04   5.99999399e+00   6.34853634e-01   1.05983814e+00   
464     4.00021160e-04   5.99997925e+00   6.35251226e-01   1.17621791e+00   
465     4.00030388e-04   5.99996743e+00   6.35690416e-01   1.36851798e+00   
466     4.00039616e-04   5.99996580e+00   6.36136417e-01   1.62787949e+00   
467     4.00048844e-04   5.99996603e+00   6.36586234e-01   1.94901193e+00   
468     4.00058071e-04   5.99996982e+00   6.37038198e-01   2.32325529e+00   
469     4.00067299e-04   5.99997636e+00   6.37491041e-01   2.74085852e+00   
470     4.00076527e-04   5.99998381e+00   6.37943835e-01   3.19200668e+00   
471     4.00085755e-04   5.99999249e+00   6.38395889e-01   3.66753263e+00   
472     4.00100000e-04   6.00000631e+00   6.39091235e-01   4.43097635e+00   
473     4.00100951e-04   6.00000788e+00   6.39137347e-01   4.48094343e+00   
474     4.00101765e-04   6.00000972e+00   6.39176728e-01   4.52264656e+00   
475     4.00103393e-04   6.00001435e+00   6.39255259e-01   4.60402467e+00   
476     4.00106650e-04   6.00002729e+00   6.39411026e-01   4.75435380e+00   
477     4.00109907e-04   6.00004174e+00   6.39565213e-01   4.88912767e+00   
478     4.00113164e-04   6.00005524e+00   6.39717991e-01   5.00963697e+00   
479     4.00116421e-04   6.00006710e+00   6.39869514e-01   5.11715805e+00   
480     4.00122935e-04   6.00008421e+00   6.40169415e-01   5.29895333e+00   
481     4.00129449e-04   6.00009260e+00   6.40465835e-01   5.44302529e+00   
482     4.00135963e-04   6.00009445e+00   6.40759555e-01   5.55723898e+00   
483     4.00142477e-04   6.00009248e+00   6.41051175e-01   5.64785805e+00   
484     4.00148991e-04   6.00008859e+00   6.41341152e-01   5.71981751e+00   
485     4.00162019e-04   6.00007919e+00   6.41917598e-01   5.82362085e+00   
486     4.00175047e-04   6.00007017e+00   6.42490692e-01   5.88888809e+00   
487     4.00188075e-04   6.00006298e+00   6.43061681e-01   5.93004595e+00   
488     4.00214130e-04   6.00005351e+00   6.44200224e-01   5.97397936e+00   
489     4.00240186e-04   6.00004849e+00   6.45336194e-01   5.99059569e+00   
490     4.00266242e-04   6.00004617e+00   6.46470995e-01   5.99668519e+00   
491     4.00292298e-04   6.00004476e+00   6.47605157e-01   5.99865432e+00   
492     4.00318354e-04   6.00004332e+00   6.48738911e-01   5.99926067e+00   
493     4.00370465e-04   6.00004116e+00   6.51005470e-01   5.99970521e+00   
494     4.00422577e-04   6.00003978e+00   6.53270826e-01   5.99989474e+00   
495     4.00526800e-04   6.00003774e+00   6.57797984e-01   6.00009043e+00   
496     4.00735247e-04   6.00003410e+00   6.66838137e-01   6.00019474e+00   
497     4.01152139e-04   6.00002733e+00   6.84862021e-01   6.00023103e+00   
498     4.01985925e-04   6.00001704e+00   7.20685329e-01   6.00025416e+00   
499     4.02819711e-04   6.00001030e+00   7.56211231e-01   6.00028081e+00   
500     4.03653497e-04   6.00000587e+00   7.91442193e-01   6.00029877e+00   
501     4.04487282e-04   6.00000299e+00   8.26380667e-01   6.00031354e+00   
502     4.06154854e-04   5.99999980e+00   8.95391027e-01   6.00032710e+00   
503     4.09489997e-04   5.99999789e+00   1.03001646e+00   6.00033128e+00   
504     4.12825140e-04   5.99999792e+00   1.16022621e+00   6.00032276e+00   
505     4.19495426e-04   5.99999813e+00   1.40803985e+00   6.00030800e+00   
506     4.26165712e-04   5.99999844e+00   1.63985925e+00   6.00029197e+00   
507     4.32835999e-04   5.99999846e+00   1.85671670e+00   6.00027853e+00   
508     4.42835999e-04   5.99999873e+00   2.15602174e+00   6.00025734e+00   
509     4.52835999e-04   5.99999876e+00   2.42682525e+00   6.00023909e+00   
510     4.62835999e-04   5.99999891e+00   2.67184126e+00   6.00022051e+00   
511     4.72835999e-04   5.99999892e+00   2.89352451e+00   6.00020466e+00   
512     4.80100000e-04   5.99999902e+00   3.04114028e+00   6.00019243e+00   
513     4.80102950e-04   6.00000312e+00   3.04119652e+00   5.98500456e+00   
514     4.80105470e-04   6.00000819e+00   3.04124358e+00   5.96239084e+00   
515     4.80107991e-04   6.00001358e+00   3.04129017e+00   5.93525242e+00   
516     4.80113032e-04   6.00002299e+00   3.04138075e+00   5.85642754e+00   
517     4.80118073e-04   6.00002789e+00   3.04146832e+00   5.74978591e+00   
518     4.80123114e-04   6.00002885e+00   3.04155333e+00   5.62084196e+00   
519     4.80133196e-04   6.00002543e+00   3.04171708e+00   5.31416972e+00   
520     4.80143278e-04   6.00001941e+00   3.04187360e+00   4.96153214e+00   
521     4.80153360e-04   6.00001400e+00   3.04202362e+00   4.58189922e+00   
522     4.80173523e-04   6.00000616e+00   3.04230150e+00   3.79795344e+00   
523     4.80182117e-04   6.00000083e+00   3.04232998e+00   3.48231271e+00   
524     4.80183285e-04   5.99999471e+00   3.04231654e+00   3.45803475e+00   
525     4.80184453e-04   5.99998543e+00   3.04229184e+00   3.44071397e+00   
526     4.80186789e-04   5.99996118e+00   3.04216879e+00   3.41703073e+00   
527     4.80189125e-04   5.99994648e+00   3.04193297e+00   3.39999516e+00   
528     4.80193797e-04   5.99993720e+00   3.04106846e+00   3.37406735e+00   
529     4.80198469e-04   5.99993226e+00   3.03963419e+00   3.35234388e+00   
530     4.80200000e-04   5.99993003e+00   3.03903314e+00   3.34573817e+00   
531     4.80200467e-04   5.99992896e+00   3.03883334e+00   3.34378714e+00   
532     4.80201402e-04   5.99992661e+00   3.03840953e+00   3.34003306e+00   
533     4.80203270e-04   5.99992132e+00   3.03751416e+00   3.33282736e+00   
534     4.80207008e-04   5.99990743e+00   3.03544609e+00   3.31949910e+00   
535     4.80214484e-04   5.99986951e+00   3.03029402e+00   3.29591947e+00   
536     4.80229434e-04   5.99976756e+00   3.01665965e+00   3.25650746e+00   
537     4.80259336e-04   5.99953529e+00   2.98083237e+00   3.19448905e+00   
538     4.80289238e-04   5.99933211e+00   2.93895943e+00   3.14411087e+00   
539     4.80349041e-04   5.99909537e+00   2.85142349e+00   3.05468220e+00   
540     4.80408845e-04   5.99902341e+00   2.76431183e+00   2.97073835e+00   
541     4.80462668e-04   5.99901675e+00   2.68789044e+00   2.89731346e+00   
542     4.80516491e-04   5.99903561e+00   2.61343062e+00   2.82602030e+00   
543     4.80570314e-04   5.99906666e+00   2.54096637e+00   2.75669359e+00   
544     4.80677960e-04   5.99913741e+00   2.40190598e+00   2.62386183e+00   
545     4.80785606e-04   5.99920539e+00   2.27046431e+00   2.49847836e+00   
546     4.80882488e-04   5.99928009e+00   2.15848099e+00   2.39191572e+00   
547     4.80979369e-04   5.99935429e+00   2.05236172e+00   2.29120274e+00   
548     4.81076251e-04   5.99941887e+00   1.95197898e+00   2.19616826e+00   
549     4.81173132e-04   5.99948256e+00   1.85716709e+00   2.10662269e+00   
550     4.81270014e-04   5.99954394e+00   1.76775141e+00   2.02240032e+00   
551     4.81366895e-04   5.99960011e+00   1.68355209e+00   1.94330332e+00   
552     4.81463777e-04   5.99965658e+00   1.60437973e+00   1.86914136e+00   
553     4.81657540e-04   5.99975468e+00   1.46028957e+00   1.73482639e+00   
554     4.81851303e-04   5.99984630e+00   1.33418235e+00   1.61823380e+00   
555     4.82045066e-04   5.99992355e+00   1.22470392e+00   1.51798123e+00   
556     4.82238829e-04   5.99999463e+00   1.13041522e+00   1.43255549e+00   
557     4.82432592e-04   6.00005135e+00   1.04981631e+00   1.36042907e+00   
558     4.82626355e-04   6.00010226e+00   9.81417245e-01   1.30009023e+00   
559     4.82820118e-04   6.00013988e+00   9.23764128e-01   1.25006309e+00   
560     4.83207644e-04   6.00019558e+00   8.34662471e-01   1.17491479e+00   
561     4.83595170e-04   6.00021987e+00   7.73310593e-01   1.12560128e+00   
562     4.83982697e-04   6.00022580e+00   7.31487375e-01   1.09381175e+00   
563     4.84370223e-04   6.00021435e+00   7.02967571e-01   1.07342917e+00   
564     4.85145275e-04   6.00017860e+00   6.68863501e-01   1.05102988e+00   
565     4.85920327e-04   6.00013422e+00   6.52468730e-01   1.04131206e+00   
566     4.87470431e-04   6.00007045e+00   6.39006832e-01   1.03395570e+00   
567     4.89020536e-04   6.00003217e+00   6.35810400e-01   1.03231252e+00   
568     4.92120745e-04   6.00000536e+00   6.34605267e-01   1.03169408e+00   
569     4.95220953e-04   5.99999918e+00   6.34697678e-01   1.03174750e+00   
570     5.00000000e-04   6.00000014e+00   6.34689399e-01   1.03173660e+00   
571     5.00002500e-04   5.99999861e+00   6.34707597e-01   1.03624488e+00   
572     5.00004325e-04   5.99999703e+00   6.34734002e-01   1.04165994e+00   
573     5.00006149e-04   5.99999518e+00   6.34767269e-01   1.04864214e+00   
574     5.00009798e-04   5.99998985e+00   6.34876304e-01   1.07323274e+00   
575     5.00013447e-04   5.99998078e+00   6.35029587e-01   1.12136614e+00   
576     5.00017096e-04   5.99996802e+00   6.35202526e-01   1.19654830e+00   
577     5.00020746e-04   5.99995708e+00   6.35381010e-01   1.29431048e+00   
578     5.00024395e-04   5.99994951e+00   6.35561982e-01   1.41367766e+00   
579     5.00028044e-04   5.99994333e+00   6.35744718e-01   1.55348167e+00   
580     5.00031693e-04   5.99993933e+00   6.35928707e-01   1.71193741e+00   
581     5.00035342e-04   5.99993751e+00   6.36113508e-01   1.88683631e+00   
582     5.00042640e-04   5.99993963e+00   6.36484065e-01   2.27575704e+00   
583     5.00049938e-04   5.99994755e+00   6.36854550e-01   2.70411246e+00   
584     5.00057237e-04   5.99995879e+00   6.37223723e-01   3.15688822e+00   
585     5.00064535e-04   5.99997128e+00   6.37590951e-01   3.62281933e+00   
586     5.00079131e-04   5.99999519e+00   6.38318868e-01   4.56648603e+00   
587     5.00081306e-04   5.99999882e+00   6.38426498e-01   4.70611374e+00   
588     5.00085654e-04   6.00000615e+00   6.38641386e-01   4.98632895e+00   
589     5.00090003e-04   6.00001505e+00   6.38855564e-01   5.26497339e+00   
590     5.00094351e-04   6.00002677e+00   6.39069055e-01   5.54166817e+00   
591     5.00098700e-04   6.00003971e+00   6.39281916e-01   5.81650227e+00   
592     5.00100000e-04   6.00004348e+00   6.39345450e-01   5.89836410e+00   
593     5.00100870e-04   6.00004683e+00   6.39387608e-01   5.94909542e+00   
594     5.00101494e-04   6.00004994e+00   6.39417711e-01   5.98374944e+00   
595     5.00102742e-04   6.00005758e+00   6.39477623e-01   6.04975943e+00   
596     5.00105239e-04   6.00007809e+00   6.39595870e-01   6.16346029e+00   
597     5.00107736e-04   6.00009895e+00   6.39712331e-01   6.25618056e+00   
598     5.00110233e-04   6.00011475e+00   6.39827365e-01   6.33192781e+00   
599     5.00115227e-04   6.00013058e+00   6.40054302e-01   6.44583047e+00   
600     5.00125215e-04   6.00012641e+00   6.40500334e-01   6.57838584e+00   
601     5.00135202e-04   6.00010552e+00   6.40940500e-01   6.63900282e+00   
602     5.00145190e-04   6.00008723e+00   6.41378123e-01   6.66846623e+00   
603     5.00155178e-04   6.00007401e+00   6.41814549e-01   6.68351434e+00   
604     5.00175153e-04   6.00005836e+00   6.42685915e-01   6.69660482e+00   
605     5.00195128e-04   6.00005166e+00   6.43556344e-01   6.70010775e+00   
606     5.00215103e-04   6.00004850e+00   6.44426399e-01   6.70110705e+00   
607     5.00255054e-04   6.00004481e+00   6.46165869e-01   6.70160341e+00   
608     5.00295005e-04   6.00004274e+00   6.47904615e-01   6.70173243e+00   
609     5.00374906e-04   6.00004047e+00   6.51380015e-01   6.70188466e+00   
610     5.00534708e-04   6.00003751e+00   6.58322471e-01   6.70195425e+00   
611     5.00854313e-04   6.00003203e+00   6.72174150e-01   6.70199172e+00   
612     5.01493523e-04   6.00002252e+00   6.99745127e-01   6.70199681e+00   
613     5.02132733e-04   6.00001566e+00   7.27140456e-01   6.70201217e+00   
614     5.03411153e-04   6.00000683e+00   7.81409182e-01   6.70202396e+00   
615     5.05967992e-04   5.99999959e+00   8.87891853e-01   6.70204624e+00   
616     5.08524831e-04   5.99999811e+00   9.91686682e-01   6.70204265e+00   
617     5.11081670e-04   5.99999789e+00   1.09286151e+00   6.70204468e+00   
618     5.13638509e-04   5.99999794e+00   1.19148248e+00   6.70203715e+00   
619     5.18752188e-04   5.99999813e+00   1.38134928e+00   6.70203534e+00   
620     5.28752188e-04   5.99999844e+00   1.72592295e+00   6.70201940e+00   
621     5.38752188e-04   5.99999866e+00   2.03768437e+00   6.70201284e+00   
622     5.48752188e-04   5.99999871e+00   2.31975807e+00   6.70199848e+00   
623     5.58752188e-04   5.99999889e+00   2.57497110e+00   6.70199330e+00   
624     5.68752188e-04   5.99999888e+00   2.80588108e+00   6.70198030e+00   
625     5.78752188e-04   5.99999903e+00   3.01479959e+00   6.70197632e+00   
626     5.80100000e-04   5.99999896e+00   3.04137059e+00   6.70197108e+00   
627     5.80103499e-04   6.00000379e+00   3.04143723e+00   6.68189602e+00   
628     5.80106520e-04   6.00000903e+00   3.04149365e+00   6.65297711e+00   
629     5.80109541e-04   6.00001413e+00   3.04154958e+00   6.61897042e+00   
630     5.80115583e-04   6.00002034e+00   3.04165903e+00   6.52655422e+00   
631     5.80121625e-04   6.00002020e+00   3.04176619e+00   6.41158322e+00   
632     5.80133708e-04   6.00001300e+00   3.04197669e+00   6.14793660e+00   
633     5.80145792e-04   6.00000544e+00   3.04218405e+00   5.86210156e+00   
634     5.80157876e-04   6.00000061e+00   3.04238952e+00   5.56909871e+00   
635     5.80182043e-04   5.99999661e+00   3.04279564e+00   4.97969614e+00   
636     5.80200000e-04   5.99999623e+00   3.04309255e+00   4.54461569e+00   
637     5.80202417e-04   5.99999370e+00   3.04313322e+00   4.49496154e+00   
638     5.80204309e-04   5.99999067e+00   3.04316561e+00   4.46060384e+00   
639     5.80206202e-04   5.99998733e+00   3.04319826e+00   4.42841645e+00   
640     5.80209987e-04   5.99998075e+00   3.04326494e+00   4.37487653e+00   
641     5.80217557e-04   5.99997385e+00   3.04340242e+00   4.29938234e+00   
642     5.80225127e-04   5.99997374e+00   3.04354380e+00   4.25268487e+00   
643     5.80232698e-04   5.99997606e+00   3.04368760e+00   4.22326640e+00   
644     5.80247838e-04   5.99998162e+00   3.04397901e+00   4.19145797e+00   
645     5.80278119e-04   5.99999047e+00   3.04456815e+00   4.17191336e+00   
646     5.80308400e-04   5.99999655e+00   3.04515965e+00   4.16953033e+00   
647     5.80338681e-04   6.00000124e+00   3.04575103e+00   4.16763742e+00   
648     5.80368961e-04   6.00000330e+00   3.04634222e+00   4.16565822e+00   
649     5.80429523e-04   6.00000251e+00   3.04752435e+00   4.16356238e+00   
650     5.80490085e-04   6.00000148e+00   3.04870593e+00   4.16265988e+00   
651     5.80550646e-04   6.00000038e+00   3.04988685e+00   4.16209169e+00   
652     5.80671770e-04   5.99999901e+00   3.05224671e+00   4.16208383e+00   
653     5.80780781e-04   5.99999910e+00   3.05436814e+00   4.16211335e+00   
654     5.80998803e-04   5.99999899e+00   3.05860407e+00   4.16211886e+00   
655     5.81216825e-04   5.99999910e+00   3.06283076e+00   4.16212269e+00   
656     5.81652869e-04   5.99999898e+00   3.07125653e+00   4.16211865e+00   
657     5.82088913e-04   5.99999909e+00   3.07964560e+00   4.16211673e+00   
658     5.82961001e-04   5.99999897e+00   3.09631438e+00   4.16211359e+00   
659     5.83833089e-04   5.99999908e+00   3.11283826e+00   4.16211049e+00   
660     5.85577265e-04   5.99999897e+00   3.14545709e+00   4.16210966e+00   
661     5.87321442e-04   5.99999908e+00   3.17751230e+00   4.16210625e+00   
662     5.89065618e-04   5.99999898e+00   3.20901457e+00   4.16210889e+00   
663     5.90809794e-04   5.99999909e+00   3.23997264e+00   4.16210383e+00   
664     5.92553971e-04   5.99999900e+00   3.27039522e+00   4.16210951e+00   
665     5.94298147e-04   5.99999910e+00   3.30029128e+00   4.16210203e+00   
666     5.96042323e-04   5.99999901e+00   3.32966947e+00   4.16211035e+00   
667     5.97786499e-04   5.99999912e+00   3.35853868e+00   4.16210101e+00   
668     5.98690046e-04   5.99999925e+00   3.37323040e+00   4.16210616e+00   
669     5.99139980e-04   6.00000267e+00   3.38051366e+00   4.16211838e+00   
670     5.99301070e-04   6.00000824e+00   3.38311717e+00   4.16214053e+00   
671     5.99462161e-04   6.00001663e+00   3.38571865e+00   4.16216930e+00   
672     5.99502433e-04   6.00001884e+00   3.38636825e+00   4.16217145e+00   
673     5.99542706e-04   6.00002073e+00   3.38701772e+00   4.16217112e+00   
674     5.99623251e-04   6.00002380e+00   3.38831587e+00   4.16217335e+00   
675     5.99643387e-04   6.00002480e+00   3.38864021e+00   4.16217337e+00   
676     5.99683660e-04   6.00003042e+00   3.38928877e+00   4.16217125e+00   
677     5.99764205e-04   6.00053817e+00   3.39058509e+00   4.16216570e+00   
678     5.99766886e-04   6.00062442e+00   3.39062822e+00   4.16216426e+00   
679     5.99772248e-04   6.00092641e+00   3.39071449e+00   4.16216067e+00   
680     5.99782973e-04   6.00361896e+00   3.39088707e+00   4.16215395e+00   
681     5.99793697e-04   6.02565725e+00   3.39106030e+00   4.16215974e+00   
682     5.99803349e-04   6.06337830e+00   3.39121689e+00   4.16210585e+00   
683     5.99813001e-04   6.10217321e+00   3.39137364e+00   4.16203088e+00   
684     5.99822653e-04   6.07214103e+00   3.39153085e+00   4.16207939e+00   
685     5.99823516e-04   6.05811113e+00   3.39154499e+00   4.16209287e+00   
686     5.99825243e-04   6.01546382e+00   3.39157338e+00   4.16212330e+00   
687     5.99826970e-04   5.94215493e+00   3.39160195e+00   4.16216010e+00   
688     5.99828698e-04   5.83923960e+00   3.39163064e+00   4.16219583e+00   
689     5.99830425e-04   5.71333326e+00   3.39165938e+00   4.16222683e+00   
690     5.99832152e-04   5.57232905e+00   3.39168808e+00   4.16225343e+00   
691     5.99835606e-04   5.26756723e+00   3.39174205e+00   4.16229618e+00   
692     5.99839060e-04   4.88962089e+00   3.39175521e+00   4.16230859e+00   
693     5.99842514e-04   4.30446765e+00   3.39164630e+00   4.16225257e+00   
694     5.99845259e-04   3.69031230e+00   3.39144192e+00   4.16216445e+00   
695     5.99848005e-04   3.06168141e+00   3.39115407e+00   4.16206995e+00   
696     5.99850750e-04   2.50297016e+00   3.39081863e+00   4.16197831e+00   
697     5.99853220e-04   2.08951102e+00   3.39050316e+00   4.16190386e+00   
698     5.99855691e-04   1.75044673e+00   3.39019294e+00   4.16185024e+00   
699     5.99858162e-04   1.50224780e+00   3.38989843e+00   4.16180345e+00   
700     5.99860632e-04   1.33168367e+00   3.38962700e+00   4.16177680e+00   
701     5.99863103e-04   1.19719925e+00   3.38937699e+00   4.16175587e+00   
702     5.99865574e-04   1.09105934e+00   3.38913888e+00   4.16172647e+00   
703     5.99870515e-04   1.02096395e+00   3.38864098e+00   4.16166524e+00   
704     5.99874962e-04   1.01440771e+00   3.38811987e+00   4.16155743e+00   
705     5.99879409e-04   1.01060041e+00   3.38751191e+00   4.16143370e+00   
706     5.99883856e-04   1.01008782e+00   3.38683641e+00   4.16130754e+00   
707     5.99892751e-04   1.00877804e+00   3.38536377e+00   4.16106926e+00   
708     5.99910539e-04   1.00888892e+00   3.38220410e+00   4.16072706e+00   
709     5.99928328e-04   1.00842044e+00   3.37894960e+00   4.16053770e+00   
710     5.99963905e-04   1.00866617e+00   3.37238818e+00   4.16037709e+00   
711     5.99999482e-04   1.00833477e+00   3.36574773e+00   4.16032174e+00   
712     6.00000000e-04   1.00851248e+00   3.36565035e+00   4.16032181e+00   
713     6.00001036e-04   1.00850579e+00   3.36545571e+00   4.16191358e+00   
714     6.00002071e-04   1.00851185e+00   3.36526120e+00   4.16488438e+00   
715     6.00004143e-04   1.00851713e+00   3.36487243e+00   4.17342821e+00   
716     6.00008286e-04   1.00852433e+00   3.36409645e+00   4.20448320e+00   
717     6.00012429e-04   1.00854095e+00   3.36332251e+00   4.25139878e+00   
718     6.00020714e-04   1.00857707e+00   3.36177943e+00   4.38007851e+00   
719     6.00037286e-04   1.00863048e+00   3.35869679e+00   4.72448178e+00   
720     6.00053858e-04   1.00864871e+00   3.35560018e+00   5.13065372e+00   
721     6.00070429e-04   1.00865146e+00   3.35247910e+00   5.55708323e+00   
722     6.00087001e-04   1.00864796e+00   3.34933663e+00   5.98978668e+00   
723     6.00100000e-04   1.00864618e+00   3.34686143e+00   6.33079009e+00   
724     6.00102219e-04   1.00865203e+00   3.34643729e+00   6.38034871e+00   
725     6.00104182e-04   1.00865867e+00   3.34606125e+00   6.41857721e+00   
726     6.00106144e-04   1.00866512e+00   3.34568478e+00   6.45424688e+00   
727     6.00110070e-04   1.00867208e+00   3.34492915e+00   6.51194994e+00   
728     6.00113995e-04   1.00867028e+00   3.34416998e+00   6.55509557e+00   
729     6.00121846e-04   1.00865845e+00   3.34264306e+00   6.61306308e+00   
730     6.00137548e-04   1.00863910e+00   3.33957401e+00   6.66831862e+00   
731     6.00153250e-04   1.00863472e+00   3.33650591e+00   6.68672527e+00   
732     6.00168952e-04   1.00863679e+00   3.33345018e+00   6.69406928e+00   
733     6.00184654e-04   1.00863883e+00   3.33040497e+00   6.69738467e+00   
734     6.00216058e-04   1.00864103e+00   3.32433078e+00   6.70000941e+00   
735     6.00247462e-04   1.00864158e+00   3.31826760e+00   6.70062177e+00   
736     6.00310270e-04   1.00864183e+00   3.30615303e+00   6.70089063e+00   
737     6.00373078e-04   1.00864180e+00   3.29404855e+00   6.70087866e+00   
738     6.00498694e-04   1.00864181e+00   3.26986493e+00   6.70088197e+00   
739     6.00749925e-04   1.00864178e+00   3.22159932e+00   6.70089112e+00   
740     6.01001156e-04   1.00864178e+00   3.17346883e+00   6.70090189e+00   
741     6.01252388e-04   1.00864175e+00   3.12547323e+00   6.70091243e+00   
742     6.01503619e-04   1.00864175e+00   3.07761232e+00   6.70092208e+00   
743     6.02006082e-04   1.00864171e+00   2.98229350e+00   6.70094085e+00   
744     6.02508545e-04   1.00864170e+00   2.88751024e+00   6.70095734e+00   
745     6.03513471e-04   1.00864164e+00   2.69953806e+00   6.70098799e+00   
746     6.04518397e-04   1.00864160e+00   2.51367457e+00   6.70101384e+00   
747     6.06528248e-04   1.00864149e+00   2.14817054e+00   6.70106079e+00   
748     6.08538100e-04   1.00864141e+00   1.79082899e+00   6.70109917e+00   
749     6.12557803e-04   1.00864120e+00   1.09985242e+00   6.70116935e+00   
750     6.16577506e-04   1.00864095e+00   4.39656956e-01   6.70122381e+00   
751     6.17178047e-04   1.00864085e+00   3.43983999e-01   6.70123105e+00   
752     6.18379127e-04   1.00862969e+00   1.62850185e-01   6.70130774e+00   
753     6.18730259e-04   1.00860569e+00   1.24008883e-01   6.70143013e+00   
754     6.19081391e-04   1.00857375e+00   9.27119658e-02   6.70159996e+00   
755     6.19783656e-04   1.00856245e+00   6.22392092e-02   6.70180097e+00   
756     6.20485920e-04   1.00855465e+00   5.34725556e-02   6.70185209e+00   
757     6.21188184e-04   1.00856011e+00   5.07973738e-02   6.70187122e+00   
758     6.22592713e-04   1.00855456e+00   4.95337737e-02   6.70187589e+00   
759     6.23997241e-04   1.00855995e+00   4.95499803e-02   6.70187849e+00   
760     6.26806299e-04   1.00855467e+00   4.95501698e-02   6.70187587e+00   
761     6.32424413e-04   1.00855989e+00   4.95497870e-02   6.70187843e+00   
762     6.42424413e-04   1.00855470e+00   4.95501740e-02   6.70187585e+00   
763     6.52424413e-04   1.00855988e+00   4.95497523e-02   6.70187838e+00   
764     6.62424413e-04   1.00855471e+00   4.95501779e-02   6.70187584e+00   
765     6.72424413e-04   1.00855986e+00   4.95497380e-02   6.70187835e+00   
766     6.80100000e-04   1.00855474e+00   4.95501822e-02   6.70187585e+00   
767     6.80103480e-04   1.00856700e+00   4.95484165e-02   6.68079089e+00   
768     6.80106492e-04   1.00857580e+00   4.95458538e-02   6.65049931e+00   
769     6.80109503e-04   1.00858211e+00   4.95428122e-02   6.61495103e+00   
770     6.80115526e-04   1.00858018e+00   4.95342775e-02   6.51901582e+00   
771     6.80121548e-04   1.00856884e+00   4.95232784e-02   6.40062740e+00   
772     6.80133594e-04   1.00855390e+00   4.94977641e-02   6.13164543e+00   
773     6.80145639e-04   1.00855081e+00   4.94706832e-02   5.84210809e+00   
774     6.80157684e-04   1.00855266e+00   4.94439182e-02   5.54621574e+00   
775     6.80181775e-04   1.00855639e+00   4.93916487e-02   4.95076265e+00   
776     6.80200000e-04   1.00855790e+00   4.93525101e-02   4.50077444e+00   
777     6.80202409e-04   1.00855009e+00   4.93481929e-02   4.45115996e+00   
778     6.80204297e-04   1.00854289e+00   4.93452854e-02   4.41731345e+00   
779     6.80206186e-04   1.00853615e+00   4.93426050e-02   4.38582506e+00   
780     6.80209962e-04   1.00852890e+00   4.93384959e-02   4.33479607e+00   
781     6.80217516e-04   1.00853396e+00   4.93343003e-02   4.26638857e+00   
782     6.80225069e-04   1.00854546e+00   4.93340077e-02   4.22732394e+00   
783     6.80232622e-04   1.00855263e+00   4.93359581e-02   4.20454036e+00   
784     6.80247729e-04   1.00855796e+00   4.93425281e-02   4.18209153e+00   
785     6.80262835e-04   1.00855812e+00   4.93503426e-02   4.17456783e+00   
786     6.80293048e-04   1.00855873e+00   4.93655892e-02   4.16998987e+00   
787     6.80323261e-04   1.00855988e+00   4.93790214e-02   4.16808409e+00   
788     6.80353474e-04   1.00855928e+00   4.93900096e-02   4.16582591e+00   
789     6.80383687e-04   1.00855783e+00   4.93990584e-02   4.16436932e+00   
790     6.80413900e-04   1.00855802e+00   4.94069659e-02   4.16357689e+00   
791     6.80444114e-04   1.00855796e+00   4.94139866e-02   4.16287069e+00   
792     6.80474327e-04   1.00855760e+00   4.94202122e-02   4.16233708e+00   
793     6.80534753e-04   1.00855727e+00   4.94312852e-02   4.16195719e+00   
794     6.80595179e-04   1.00855731e+00   4.94412202e-02   4.16194505e+00   
795     6.80716031e-04   1.00855725e+00   4.94587093e-02   4.16196516e+00   
796     6.80957736e-04   1.00855732e+00   4.94859454e-02   4.16197923e+00   
797     6.81441144e-04   1.00855726e+00   4.95192319e-02   4.16197480e+00   
798     6.82407962e-04   1.00855732e+00   4.95445769e-02   4.16197037e+00   
799     6.84341598e-04   1.00855726e+00   4.95508334e-02   4.16196392e+00   
800     6.88208869e-04   1.00855732e+00   4.95495238e-02   4.16196353e+00   
801     6.92076141e-04   1.00855726e+00   4.95501537e-02   4.16196205e+00   
802     6.99810683e-04   1.00855732e+00   4.95498077e-02   4.16196365e+00   
803     7.00000000e-04   1.00855726e+00   4.95498415e-02   4.16196193e+00   
804     7.00003500e-04   1.00854516e+00   4.95516015e-02   4.18070779e+00   
805     7.00006523e-04   1.00853590e+00   4.95542533e-02   4.20789024e+00   
806     7.00009546e-04   1.00852883e+00   4.95574329e-02   4.24002621e+00   
807     7.00015592e-04   1.00852909e+00   4.95665444e-02   4.32831190e+00   
808     7.00021638e-04   1.00854054e+00   4.95785040e-02   4.43978319e+00   
809     7.00033729e-04   1.00856058e+00   4.96066313e-02   4.70035232e+00   
810     7.00045821e-04   1.00856996e+00   4.96363361e-02   4.98898144e+00   
811     7.00057913e-04   1.00857054e+00   4.96646213e-02   5.28965589e+00   
812     7.00070005e-04   1.00856778e+00   4.96906789e-02   5.59620041e+00   
813     7.00094189e-04   1.00856214e+00   4.97370853e-02   6.21775448e+00   
814     7.00100000e-04   1.00856103e+00   4.97472717e-02   6.36826191e+00   
815     7.00102128e-04   1.00857868e+00   4.97493051e-02   6.40275155e+00   
816     7.00103886e-04   1.00859675e+00   4.97499907e-02   6.41958000e+00   
817     7.00105643e-04   1.00861416e+00   4.97502059e-02   6.43104327e+00   
818     7.00109157e-04   1.00863210e+00   4.97480590e-02   6.42636938e+00   
819     7.00112671e-04   1.00862474e+00   4.97429371e-02   6.39296842e+00   
820     7.00116186e-04   1.00860578e+00   4.97354576e-02   6.33951475e+00   
821     7.00123215e-04   1.00856557e+00   4.97164977e-02   6.20171293e+00   
822     7.00130243e-04   1.00852511e+00   4.96974501e-02   6.07109986e+00   
823     7.00136089e-04   1.00850490e+00   4.96852984e-02   5.99839304e+00   
824     7.00141935e-04   1.00851210e+00   4.96769764e-02   5.95401585e+00   
825     7.00147781e-04   1.00852754e+00   4.96715600e-02   5.92580078e+00   
826     7.00159473e-04   1.00854663e+00   4.96657819e-02   5.89521157e+00   
827     7.00171165e-04   1.00855520e+00   4.96635434e-02   5.88442755e+00   
828     7.00194549e-04   1.00855885e+00   4.96616532e-02   5.88463586e+00   
829     7.00200000e-04   1.00855919e+00   4.96613548e-02   5.88681478e+00   
830     7.00202338e-04   1.00855457e+00   4.96616662e-02   5.89345562e+00   
831     7.00204090e-04   1.00855200e+00   4.96619942e-02   5.89945820e+00   
832     7.00205841e-04   1.00855048e+00   4.96623465e-02   5.90567790e+00   
833     7.00209344e-04   1.00855326e+00   4.96630791e-02   5.91790432e+00   
834     7.00216350e-04   1.00856178e+00   4.96642881e-02   5.93796046e+00   
835     7.00223355e-04   1.00856288e+00   4.96650010e-02   5.95278104e+00   
836     7.00237366e-04   1.00856046e+00   4.96649550e-02   5.97251707e+00   
837     7.00265389e-04   1.00855721e+00   4.96617248e-02   5.99084916e+00   
838     7.00321433e-04   1.00855688e+00   4.96527692e-02   5.99949962e+00   
839     7.00377478e-04   1.00855737e+00   4.96445282e-02   5.99983529e+00   
840     7.00433523e-04   1.00855723e+00   4.96371288e-02   5.99997155e+00   
841     7.00545612e-04   1.00855735e+00   4.96239793e-02   5.99996562e+00   
842     7.00769791e-04   1.00855723e+00   4.96032211e-02   5.99997250e+00   
843     7.01218149e-04   1.00855735e+00   4.95770162e-02   5.99997112e+00   
844     7.02114864e-04   1.00855723e+00   4.95556612e-02   5.99998508e+00   
845     7.03908294e-04   1.00855734e+00   4.95492128e-02   5.99998633e+00   
846     7.07495155e-04   1.00855723e+00   4.95502851e-02   5.99999577e+00   
847     7.11082016e-04   1.00855734e+00   4.95497974e-02   5.99998967e+00   
848     7.18255737e-04   1.00855723e+00   4.95500510e-02   5.99999565e+00   
849     7.25429459e-04   1.00855734e+00   4.95498775e-02   5.99998970e+00   
850     7.35429459e-04   1.00855723e+00   4.95500010e-02   5.99999563e+00   
851     7.45429459e-04   1.00855734e+00   4.95499062e-02   5.99998971e+00   
852     7.55429459e-04   1.00855723e+00   4.95499783e-02   5.99999561e+00   
853     7.65429459e-04   1.00855734e+00   4.95499226e-02   5.99998972e+00   
854     7.75429459e-04   1.00855723e+00   4.95499650e-02   5.99999559e+00   
855     7.80100000e-04   1.00855734e+00   4.95499357e-02   5.99998975e+00   
856     7.80102925e-04   1.00856812e+00   4.95486172e-02   5.98382669e+00   
857     7.80105437e-04   1.00857790e+00   4.95465752e-02   5.95965686e+00   
858     7.80107950e-04   1.00858643e+00   4.95440892e-02   5.93066878e+00   
859     7.80112975e-04   1.00859231e+00   4.95365773e-02   5.84675174e+00   
860     7.80118000e-04   1.00858659e+00   4.95259708e-02   5.73367489e+00   
861     7.80123025e-04   1.00857799e+00   4.95127524e-02   5.59743172e+00   
862     7.80133076e-04   1.00856425e+00   4.94807523e-02   5.27462270e+00   
863     7.80143126e-04   1.00855794e+00   4.94436504e-02   4.90379527e+00   
864     7.80153176e-04   1.00855719e+00   4.94034645e-02   4.50303031e+00   
865     7.80173277e-04   1.00855980e+00   4.93170276e-02   3.65598264e+00   
866     7.80193378e-04   1.00856208e+00   4.92233983e-02   2.78766096e+00   
867     7.80200000e-04   1.00856178e+00   4.91909492e-02   2.50344087e+00   
868     7.80201137e-04   1.00855950e+00   4.91854959e-02   2.45684311e+00   
869     7.80202128e-04   1.00855605e+00   4.91808847e-02   2.41773125e+00   
870     7.80204108e-04   1.00854788e+00   4.91719269e-02   2.34245253e+00   
871     7.80208070e-04   1.00853538e+00   4.91555338e-02   2.20654851e+00   
872     7.80212031e-04   1.00853613e+00   4.91410433e-02   2.08726212e+00   
873     7.80219954e-04   1.00856513e+00   4.91164471e-02   1.88496768e+00   
874     7.80227877e-04   1.00857977e+00   4.90959034e-02   1.72049564e+00   
875     7.80235800e-04   1.00855539e+00   4.90782555e-02   1.58839378e+00   
876     7.80243723e-04   1.00854051e+00   4.90636505e-02   1.48381084e+00   
877     7.80251646e-04   1.00854199e+00   4.90523495e-02   1.40015780e+00   
878     7.80267492e-04   1.00854488e+00   4.90382070e-02   1.27677794e+00   
879     7.80283338e-04   1.00855019e+00   4.90325449e-02   1.19463680e+00   
880     7.80299184e-04   1.00855176e+00   4.90324434e-02   1.13879057e+00   
881     7.80315030e-04   1.00855400e+00   4.90359983e-02   1.10025770e+00   
882     7.80346722e-04   1.00855548e+00   4.90493318e-02   1.05340198e+00   
883     7.80410105e-04   1.00855729e+00   4.90862168e-02   1.01605439e+00   
884     7.80473489e-04   1.00855260e+00   4.91294401e-02   1.00664455e+00   
885     7.80478596e-04   1.00855682e+00   4.91331321e-02   1.00621217e+00   
886     7.80488811e-04   1.00857544e+00   4.91400966e-02   1.00531007e+00   
887     7.80499026e-04   1.00854352e+00   4.91462412e-02   1.00430180e+00   
888     7.80508220e-04   1.00843599e+00   4.91533241e-02   1.00322921e+00   
889     7.80517413e-04   1.00798284e+00   4.91733527e-02   1.00208109e+00   
890     7.80520940e-04   1.00522474e+00   4.92118987e-02   1.00168316e+00   
891     7.80522330e-04   1.00277259e+00   4.92343435e-02   1.00151315e+00   
892     7.80523720e-04   1.00069645e+00   4.92616328e-02   1.00133099e+00   
893     7.80525110e-04   9.98141628e-01   4.93005633e-02   1.00114328e+00   
894     7.80526500e-04   9.93370783e-01   4.93524417e-02   1.00096805e+00   
895     7.80527890e-04   9.86340597e-01   4.94129535e-02   1.00080195e+00   
896     7.80529280e-04   9.80541230e-01   4.94767280e-02   1.00064378e+00   
897     7.80530670e-04   9.79422591e-01   4.95416590e-02   1.00049853e+00   
898     7.80532060e-04   9.86171797e-01   4.96074734e-02   1.00036560e+00   
899     7.80533450e-04   1.00218984e+00   4.96740603e-02   1.00023706e+00   
900     7.80534840e-04   1.02767799e+00   4.97412212e-02   1.00010730e+00   
901     7.80536230e-04   1.06637362e+00   4.98089200e-02   9.99980680e-01   
902     7.80537620e-04   1.12437098e+00   4.98772751e-02   9.99866392e-01   
903     7.80539010e-04   1.20237448e+00   4.99461721e-02   9.99757766e-01   
904     7.80540399e-04   1.29950543e+00   5.00153043e-02   9.99643589e-01   
905     7.80541789e-04   1.41562779e+00   5.00845249e-02   9.99526531e-01   
906     7.80543179e-04   1.54605575e+00   5.01537776e-02   9.99411109e-01   
907     7.80545959e-04   1.82194314e+00   5.02922820e-02   9.99199866e-01   
908     7.80548739e-04   2.09532840e+00   5.04307103e-02   9.99023993e-01   
909     7.80551519e-04   2.35385694e+00   5.05690150e-02   9.98886430e-01   
910     7.80554299e-04   2.59391609e+00   5.07071813e-02   9.98784114e-01   
911     7.80557079e-04   2.81529890e+00   5.08452176e-02   9.98712731e-01   
912     7.80559859e-04   3.01840104e+00   5.09831362e-02   9.98668591e-01   
913     7.80562639e-04   3.20450456e+00   5.11209551e-02   9.98649235e-01   
914     7.80565419e-04   3.37463250e+00   5.12586873e-02   9.98653736e-01   
915     7.80568199e-04   3.53028005e+00   5.13963480e-02   9.98681427e-01   
916     7.80570979e-04   3.67251061e+00   5.15339453e-02   9.98730534e-01   
917     7.80573758e-04   3.80272667e+00   5.16714893e-02   9.98796797e-01   
918     7.80579318e-04   4.03153326e+00   5.19464383e-02   9.98955019e-01   
919     7.80584878e-04   4.22419425e+00   5.22212335e-02   9.99119297e-01   
920     7.80590438e-04   4.38712766e+00   5.24959060e-02   9.99265891e-01   
921     7.80595998e-04   4.52585141e+00   5.27704855e-02   9.99389586e-01   
922     7.80601558e-04   4.64449253e+00   5.30449914e-02   9.99493245e-01   
923     7.80607117e-04   4.74666273e+00   5.33194420e-02   9.99580388e-01   
924     7.80612677e-04   4.83496778e+00   5.35938471e-02   9.99654640e-01   
925     7.80623797e-04   4.97948213e+00   5.41425608e-02   9.99775014e-01   
926     7.80646036e-04   5.17915119e+00   5.52397330e-02   9.99947972e-01   
927     7.80668276e-04   5.30113876e+00   5.63367073e-02   1.00007166e+00   
928     7.80690515e-04   5.37814632e+00   5.74335803e-02   1.00017380e+00   
929     7.80734994e-04   5.46377706e+00   5.96271544e-02   1.00034318e+00   
930     7.80779472e-04   5.50087171e+00   6.18204979e-02   1.00047682e+00   
931     7.80823951e-04   5.51948473e+00   6.40135259e-02   1.00058087e+00   
932     7.80868430e-04   5.53112474e+00   6.62061067e-02   1.00066057e+00   
933     7.80957387e-04   5.54913140e+00   7.05894086e-02   1.00076916e+00   
934     7.81046344e-04   5.56529538e+00   7.49697614e-02   1.00083267e+00   
935     7.81135302e-04   5.58134147e+00   7.93468034e-02   1.00087087e+00   
936     7.81313216e-04   5.61224711e+00   8.80901543e-02   1.00091069e+00   
937     7.81669046e-04   5.66873987e+00   1.05531826e-01   1.00093422e+00   
938     7.82024875e-04   5.71785208e+00   1.22912177e-01   1.00093812e+00   
939     7.82380705e-04   5.76044394e+00   1.40230844e-01   1.00094190e+00   
940     7.82736534e-04   5.79705681e+00   1.57487995e-01   1.00094643e+00   
941     7.83448193e-04   5.85553284e+00   1.91818711e-01   1.00095652e+00   
942     7.84159852e-04   5.89764472e+00   2.25905933e-01   1.00096842e+00   
943     7.84871511e-04   5.92774044e+00   2.59751354e-01   1.00098183e+00   
944     7.86294828e-04   5.96492564e+00   3.26723710e-01   1.00101691e+00   
945     7.89141463e-04   5.99376228e+00   4.57605115e-01   1.00129754e+00   
946     7.90123666e-04   5.99578039e+00   5.00903130e-01   1.00191356e+00   
947     7.91105868e-04   5.99741587e+00   5.42466036e-01   1.00434514e+00   
948     7.93070273e-04   5.99908237e+00   6.02757867e-01   1.01780440e+00   
949     7.95034678e-04   5.99966630e+00   6.28007897e-01   1.02844021e+00   
950     7.96999083e-04   5.99987996e+00   6.33603394e-01   1.03120198e+00   
951     7.98963488e-04   5.99995700e+00   6.34524899e-01   1.03164927e+00   
952     8.00000000e-04   5.99997425e+00   6.34616849e-01   1.03170897e+00   
953     8.00003143e-04   5.99997340e+00   6.34635407e-01   1.03539016e+00   
954     8.00005717e-04   5.99997230e+00   6.34669584e-01   1.04093713e+00   
955     8.00010865e-04   5.99996914e+00   6.34781668e-01   1.05983085e+00   
956     8.00021160e-04   5.99995449e+00   6.35179464e-01   1.17625543e+00   
957     8.00030388e-04   5.99994273e+00   6.35618664e-01   1.36855782e+00   
958     8.00039616e-04   5.99994121e+00   6.36064671e-01   1.62792185e+00   
959     8.00048844e-04   5.99994152e+00   6.36514494e-01   1.94905496e+00   
960     8.00058072e-04   5.99994542e+00   6.36966465e-01   2.32329851e+00   
961     8.00067300e-04   5.99995206e+00   6.37419316e-01   2.74090119e+00   
962     8.00076527e-04   5.99995961e+00   6.37872117e-01   3.19204902e+00   
963     8.00085755e-04   5.99996839e+00   6.38324180e-01   3.66757438e+00   
964     8.00100000e-04   5.99998246e+00   6.39019508e-01   4.43095681e+00   
965     8.00100950e-04   5.99998405e+00   6.39065593e-01   4.48089032e+00   
966     8.00101764e-04   5.99998591e+00   6.39104954e-01   4.52256721e+00   
967     8.00103391e-04   5.99999059e+00   6.39183443e-01   4.60389310e+00   
968     8.00106647e-04   6.00000369e+00   6.39339127e-01   4.75411679e+00   
969     8.00109902e-04   6.00001833e+00   6.39493231e-01   4.88878311e+00   
970     8.00113157e-04   6.00003200e+00   6.39645927e-01   5.00919110e+00   
971     8.00116412e-04   6.00004394e+00   6.39797369e-01   5.11662912e+00   
972     8.00122923e-04   6.00006096e+00   6.40097116e-01   5.29832878e+00   
973     8.00129433e-04   6.00006919e+00   6.40393387e-01   5.44238430e+00   
974     8.00135944e-04   6.00007095e+00   6.40686963e-01   5.55663048e+00   
975     8.00142454e-04   6.00006897e+00   6.40978441e-01   5.64730648e+00   
976     8.00148965e-04   6.00006510e+00   6.41268277e-01   5.71933239e+00   
977     8.00161986e-04   6.00005581e+00   6.41844440e-01   5.82326582e+00   
978     8.00175007e-04   6.00004693e+00   6.42417249e-01   5.88864250e+00   
979     8.00188028e-04   6.00003990e+00   6.42987951e-01   5.92988419e+00   
980     8.00214069e-04   6.00003071e+00   6.44125917e-01   5.97393886e+00   
981     8.00240111e-04   6.00002598e+00   6.45261307e-01   5.99064014e+00   
982     8.00266153e-04   6.00002395e+00   6.46395526e-01   5.99679172e+00   
983     8.00292195e-04   6.00002285e+00   6.47529104e-01   5.99879537e+00   
984     8.00318237e-04   6.00002175e+00   6.48662272e-01   5.99940127e+00   
985     8.00370321e-04   6.00002020e+00   6.50927655e-01   5.99980010e+00   
986     8.00422405e-04   6.00001935e+00   6.53191837e-01   5.99994414e+00   
987     8.00526572e-04   6.00001831e+00   6.57716655e-01   6.00010448e+00   
988     8.00734907e-04   6.00001655e+00   6.66752148e-01   6.00019675e+00   
989     8.01151578e-04   6.00001303e+00   6.84766773e-01   6.00023015e+00   
990     8.01984918e-04   6.00000761e+00   7.20571803e-01   6.00025429e+00   
991     8.02818259e-04   6.00000407e+00   7.56079738e-01   6.00028018e+00   
992     8.03651599e-04   6.00000177e+00   7.91293043e-01   6.00029879e+00   
993     8.04484940e-04   6.00000028e+00   8.26214163e-01   6.00031297e+00   
994     8.06151621e-04   5.99999866e+00   8.95190712e-01   6.00032716e+00   
995     8.09484983e-04   5.99999778e+00   1.02975198e+00   6.00033079e+00   
996     8.12818345e-04   5.99999791e+00   1.15990200e+00   6.00032290e+00   
997     8.19485069e-04   5.99999813e+00   1.40760850e+00   6.00030757e+00   
998     8.26151794e-04   5.99999844e+00   1.63933596e+00   6.00029218e+00   
999     8.32818518e-04   5.99999846e+00   1.85611512e+00   6.00027817e+00   
1000    8.42818518e-04   5.99999873e+00   2.15547749e+00   6.00025761e+00   
1001    8.52818518e-04   5.99999876e+00   2.42633287e+00   6.00023877e+00   
1002    8.62818518e-04   5.99999891e+00   2.67139575e+00   6.00022081e+00   
1003    8.72818518e-04   5.99999892e+00   2.89312066e+00   6.00020436e+00   
1004    8.80100000e-04   5.99999902e+00   3.04110533e+00   6.00019270e+00   
1005    8.80102950e-04   6.00000312e+00   3.04116157e+00   5.98500474e+00   
1006    8.80105470e-04   6.00000820e+00   3.04120863e+00   5.96239096e+00   
1007    8.80107991e-04   6.00001358e+00   3.04125522e+00   5.93525250e+00   
1008    8.80113032e-04   6.00002299e+00   3.04134580e+00   5.85642759e+00   
1009    8.80118073e-04   6.00002789e+00   3.04143337e+00   5.74978598e+00   
1010    8.80123114e-04   6.00002885e+00   3.04151838e+00   5.62084209e+00   
1011    8.80133196e-04   6.00002543e+00   3.04168213e+00   5.31416994e+00   
1012    8.80143278e-04   6.00001941e+00   3.04183865e+00   4.96153241e+00   
1013    8.80153360e-04   6.00001400e+00   3.04198867e+00   4.58189938e+00   
1014    8.80173523e-04   6.00000616e+00   3.04226654e+00   3.79795194e+00   
1015    8.80182117e-04   6.00000083e+00   3.04229507e+00   3.48229192e+00   
1016    8.80183285e-04   5.99999471e+00   3.04228164e+00   3.45800966e+00   
1017    8.80184453e-04   5.99998543e+00   3.04225695e+00   3.44068611e+00   
1018    8.80186789e-04   5.99996119e+00   3.04213391e+00   3.41700017e+00   
1019    8.80189125e-04   5.99994648e+00   3.04189812e+00   3.39996342e+00   
1020    8.80193798e-04   5.99993720e+00   3.04103366e+00   3.37403460e+00   
1021    8.80198470e-04   5.99993226e+00   3.03959942e+00   3.35231065e+00   
1022    8.80200000e-04   5.99993003e+00   3.03899857e+00   3.34570674e+00   
1023    8.80200467e-04   5.99992896e+00   3.03879878e+00   3.34375566e+00   
1024    8.80201402e-04   5.99992662e+00   3.03837498e+00   3.34000151e+00   
1025    8.80203271e-04   5.99992132e+00   3.03747965e+00   3.33279568e+00   
1026    8.80207008e-04   5.99990743e+00   3.03541165e+00   3.31946723e+00   
1027    8.80214484e-04   5.99986951e+00   3.03025969e+00   3.29588736e+00   
1028    8.80229435e-04   5.99976756e+00   3.01662549e+00   3.25647513e+00   
1029    8.80259337e-04   5.99953530e+00   2.98079841e+00   3.19445658e+00   
1030    8.80289239e-04   5.99933212e+00   2.93892557e+00   3.14407840e+00   
1031    8.80349043e-04   5.99909539e+00   2.85138972e+00   3.05464963e+00   
1032    8.80408847e-04   5.99902343e+00   2.76427807e+00   2.97070578e+00   
1033    8.80462670e-04   5.99901676e+00   2.68785677e+00   2.89728118e+00   
1034    8.80516494e-04   5.99903562e+00   2.61339714e+00   2.82598828e+00   
1035    8.80570318e-04   5.99906667e+00   2.54093312e+00   2.75666179e+00   
1036    8.80677965e-04   5.99913741e+00   2.40187322e+00   2.62383054e+00   
1037    8.80785612e-04   5.99920540e+00   2.27043205e+00   2.49844751e+00   
1038    8.80882494e-04   5.99928011e+00   2.15844927e+00   2.39188555e+00   
1039    8.80979377e-04   5.99935430e+00   2.05233069e+00   2.29117334e+00   
1040    8.81076259e-04   5.99941888e+00   1.95194871e+00   2.19613964e+00   
1041    8.81173142e-04   5.99948257e+00   1.85713764e+00   2.10659491e+00   
1042    8.81270024e-04   5.99954395e+00   1.76772282e+00   2.02237343e+00   
1043    8.81366907e-04   5.99960012e+00   1.68352440e+00   1.94327734e+00   
1044    8.81463789e-04   5.99965658e+00   1.60435297e+00   1.86911632e+00   
1045    8.81657554e-04   5.99975469e+00   1.46026476e+00   1.73480333e+00   
1046    8.81851319e-04   5.99984630e+00   1.33415960e+00   1.61821286e+00   
1047    8.82045084e-04   5.99992356e+00   1.22468330e+00   1.51796244e+00   
1048    8.82238849e-04   5.99999463e+00   1.13039671e+00   1.43253883e+00   
1049    8.82432614e-04   6.00005136e+00   1.04979986e+00   1.36041445e+00   
1050    8.82626379e-04   6.00010226e+00   9.81402756e-01   1.30007755e+00   
1051    8.82820144e-04   6.00013989e+00   9.23751467e-01   1.25005220e+00   
1052    8.83207673e-04   6.00019558e+00   8.34652994e-01   1.17490699e+00   
1053    8.83595203e-04   6.00021987e+00   7.73303636e-01   1.12559584e+00   
1054    8.83982733e-04   6.00022579e+00   7.31482313e-01   1.09380803e+00   
1055    8.84370263e-04   6.00021435e+00   7.02963885e-01   1.07342662e+00   
1056    8.85145323e-04   6.00017859e+00   6.68861538e-01   1.05102868e+00   
1057    8.85920382e-04   6.00013421e+00   6.52467641e-01   1.04131144e+00   
1058    8.87470502e-04   6.00007044e+00   6.39006513e-01   1.03395553e+00   
1059    8.89020621e-04   6.00003217e+00   6.35810301e-01   1.03231246e+00   
1060    8.92120860e-04   6.00000535e+00   6.34605270e-01   1.03169409e+00   
1061    8.95221099e-04   5.99999919e+00   6.34697678e-01   1.03174750e+00   
1062    9.00000000e-04   6.00000014e+00   6.34689399e-01   1.03173661e+00   
1063    9.00003143e-04   5.99999885e+00   6.34707764e-01   1.03541661e+00   
1064    9.00005717e-04   5.99999748e+00   6.34741796e-01   1.04095998e+00   
1065    9.00010865e-04   5.99999399e+00   6.34853633e-01   1.05983814e+00   
1066    9.00021160e-04   5.99997925e+00   6.35251225e-01   1.17621794e+00   
1067    9.00030388e-04   5.99996743e+00   6.35690416e-01   1.36851807e+00   
1068    9.00039616e-04   5.99996580e+00   6.36136417e-01   1.62787971e+00   
1069    9.00048844e-04   5.99996603e+00   6.36586234e-01   1.94901232e+00   
1070    9.00058071e-04   5.99996982e+00   6.37038198e-01   2.32325590e+00   
1071    9.00067299e-04   5.99997636e+00   6.37491041e-01   2.74085939e+00   
1072    9.00076527e-04   5.99998381e+00   6.37943835e-01   3.19200780e+00   
1073    9.00085755e-04   5.99999249e+00   6.38395889e-01   3.66753399e+00   
1074    9.00100000e-04   6.00000631e+00   6.39091235e-01   4.43097744e+00   
1075    9.00100951e-04   6.00000788e+00   6.39137346e-01   4.48094472e+00   
1076    9.00101765e-04   6.00000972e+00   6.39176728e-01   4.52264798e+00   
1077    9.00103393e-04   6.00001435e+00   6.39255259e-01   4.60402636e+00   
1078    9.00106650e-04   6.00002729e+00   6.39411026e-01   4.75435609e+00   
1079    9.00109907e-04   6.00004173e+00   6.39565214e-01   4.88913063e+00   
1080    9.00113164e-04   6.00005523e+00   6.39717992e-01   5.00964060e+00   
1081    9.00116421e-04   6.00006710e+00   6.39869515e-01   5.11716225e+00   
1082    9.00122935e-04   6.00008420e+00   6.40169417e-01   5.29895822e+00   
1083    9.00129449e-04   6.00009260e+00   6.40465837e-01   5.44303030e+00   
1084    9.00135963e-04   6.00009445e+00   6.40759559e-01   5.55724378e+00   
1085    9.00142477e-04   6.00009248e+00   6.41051179e-01   5.64786244e+00   
1086    9.00148991e-04   6.00008859e+00   6.41341156e-01   5.71982144e+00   
1087    9.00162019e-04   6.00007919e+00   6.41917603e-01   5.82362387e+00   
1088    9.00175047e-04   6.00007017e+00   6.42490699e-01   5.88889037e+00   
1089    9.00188075e-04   6.00006299e+00   6.43061689e-01   5.93004773e+00   
1090    9.00214131e-04   6.00005351e+00   6.44200234e-01   5.97398061e+00   
1091    9.00240187e-04   6.00004849e+00   6.45336208e-01   5.99059691e+00   
1092    9.00266242e-04   6.00004617e+00   6.46471011e-01   5.99668668e+00   
1093    9.00292298e-04   6.00004476e+00   6.47605176e-01   5.99865572e+00   
1094    9.00318354e-04   6.00004332e+00   6.48738932e-01   5.99926152e+00   
1095    9.00370466e-04   6.00004116e+00   6.51005496e-01   5.99970531e+00   
1096    9.00422578e-04   6.00003978e+00   6.53270858e-01   5.99989469e+00   
1097    9.00526801e-04   6.00003774e+00   6.57798026e-01   6.00009039e+00   
1098    9.00735248e-04   6.00003410e+00   6.66838200e-01   6.00019473e+00   
1099    9.01152142e-04   6.00002733e+00   6.84862124e-01   6.00023101e+00   
1100    9.01985930e-04   6.00001704e+00   7.20685513e-01   6.00025416e+00   
1101    9.02819717e-04   6.00001030e+00   7.56211494e-01   6.00028080e+00   
1102    9.03653505e-04   6.00000587e+00   7.91442536e-01   6.00029876e+00   
1103    9.04487293e-04   6.00000299e+00   8.26381086e-01   6.00031352e+00   
1104    9.06154868e-04   5.99999980e+00   8.95391596e-01   6.00032709e+00   
1105    9.09490019e-04   5.99999789e+00   1.03001732e+00   6.00033127e+00   
1106    9.12825169e-04   5.99999792e+00   1.16022733e+00   6.00032275e+00   
1107    9.19495471e-04   5.99999813e+00   1.40804145e+00   6.00030799e+00   
1108    9.26165772e-04   5.99999844e+00   1.63986127e+00   6.00029196e+00   
1109    9.32836074e-04   5.99999846e+00   1.85671906e+00   6.00027852e+00   
1110    9.42836074e-04   5.99999873e+00   2.15602388e+00   6.00025734e+00   
1111    9.52836074e-04   5.99999876e+00   2.42682719e+00   6.00023908e+00   
1112    9.62836074e-04   5.99999891e+00   2.67184301e+00   6.00022051e+00   
1113    9.72836074e-04   5.99999892e+00   2.89352611e+00   6.00020466e+00   
1114    9.80100000e-04   5.99999902e+00   3.04114035e+00   6.00019243e+00   
1115    9.80102950e-04   6.00000312e+00   3.04119660e+00   5.98500456e+00   
1116    9.80105470e-04   6.00000819e+00   3.04124366e+00   5.96239084e+00   
1117    9.80107991e-04   6.00001358e+00   3.04129024e+00   5.93525242e+00   
1118    9.80113032e-04   6.00002299e+00   3.04138083e+00   5.85642754e+00   
1119    9.80118073e-04   6.00002789e+00   3.04146839e+00   5.74978591e+00   
1120    9.80123114e-04   6.00002885e+00   3.04155340e+00   5.62084198e+00   
1121    9.80133196e-04   6.00002543e+00   3.04171716e+00   5.31416974e+00   
1122    9.80143278e-04   6.00001941e+00   3.04187368e+00   4.96153217e+00   
1123    9.80153360e-04   6.00001400e+00   3.04202370e+00   4.58189926e+00   
1124    9.80173523e-04   6.00000616e+00   3.04230157e+00   3.79795351e+00   
1125    9.80182117e-04   6.00000083e+00   3.04233006e+00   3.48231280e+00   
1126    9.80183285e-04   5.99999471e+00   3.04231662e+00   3.45803484e+00   
1127    9.80184453e-04   5.99998543e+00   3.04229192e+00   3.44071406e+00   
1128    9.80186789e-04   5.99996118e+00   3.04216886e+00   3.41703082e+00   
1129    9.80189125e-04   5.99994648e+00   3.04193304e+00   3.39999524e+00   
1130    9.80193797e-04   5.99993720e+00   3.04106854e+00   3.37406743e+00   
1131    9.80198469e-04   5.99993226e+00   3.03963427e+00   3.35234397e+00   
1132    9.80200000e-04   5.99993003e+00   3.03903322e+00   3.34573825e+00   
1133    9.80200467e-04   5.99992896e+00   3.03883342e+00   3.34378721e+00   
1134    9.80201402e-04   5.99992661e+00   3.03840961e+00   3.34003314e+00   
1135    9.80203270e-04   5.99992132e+00   3.03751424e+00   3.33282744e+00   
1136    9.80207008e-04   5.99990743e+00   3.03544617e+00   3.31949919e+00   
1137    9.80214484e-04   5.99986951e+00   3.03029410e+00   3.29591955e+00   
1138    9.80229434e-04   5.99976756e+00   3.01665973e+00   3.25650755e+00   
1139    9.80259336e-04   5.99953529e+00   2.98083245e+00   3.19448914e+00   
1140    9.80289238e-04   5.99933211e+00   2.93895952e+00   3.14411096e+00   
1141    9.80349041e-04   5.99909537e+00   2.85142359e+00   3.05468229e+00   
1142    9.80408845e-04   5.99902341e+00   2.76431193e+00   2.97073844e+00   
1143    9.80462668e-04   5.99901675e+00   2.68789054e+00   2.89731356e+00   
1144    9.80516491e-04   5.99903561e+00   2.61343073e+00   2.82602041e+00   
1145    9.80570314e-04   5.99906666e+00   2.54096649e+00   2.75669370e+00   
1146    9.80677960e-04   5.99913741e+00   2.40190611e+00   2.62386195e+00   
1147    9.80785606e-04   5.99920539e+00   2.27046444e+00   2.49847848e+00   
1148    9.80882488e-04   5.99928010e+00   2.15848112e+00   2.39191585e+00   
1149    9.80979369e-04   5.99935429e+00   2.05236185e+00   2.29120287e+00   
1150    9.81076251e-04   5.99941887e+00   1.95197912e+00   2.19616839e+00   
1151    9.81173132e-04   5.99948256e+00   1.85716724e+00   2.10662282e+00   
1152    9.81270014e-04   5.99954394e+00   1.76775155e+00   2.02240046e+00   
1153    9.81366895e-04   5.99960011e+00   1.68355223e+00   1.94330346e+00   
1154    9.81463777e-04   5.99965658e+00   1.60437987e+00   1.86914149e+00   
1155    9.81657540e-04   5.99975468e+00   1.46028971e+00   1.73482651e+00   
1156    9.81851303e-04   5.99984630e+00   1.33418248e+00   1.61823392e+00   
1157    9.82045066e-04   5.99992355e+00   1.22470404e+00   1.51798134e+00   
1158    9.82238829e-04   5.99999463e+00   1.13041533e+00   1.43255559e+00   
1159    9.82432592e-04   6.00005135e+00   1.04981640e+00   1.36042916e+00   
1160    9.82626355e-04   6.00010226e+00   9.81417329e-01   1.30009030e+00   
1161    9.82820118e-04   6.00013988e+00   9.23764201e-01   1.25006315e+00   
1162    9.83207644e-04   6.00019558e+00   8.34662525e-01   1.17491483e+00   
1163    9.83595170e-04   6.00021987e+00   7.73310632e-01   1.12560131e+00   
1164    9.83982696e-04   6.00022580e+00   7.31487403e-01   1.09381178e+00   
1165    9.84370222e-04   6.00021435e+00   7.02967592e-01   1.07342918e+00   
1166    9.85145274e-04   6.00017860e+00   6.68863512e-01   1.05102989e+00   
1167    9.85920326e-04   6.00013422e+00   6.52468736e-01   1.04131207e+00   
1168    9.87470431e-04   6.00007045e+00   6.39006834e-01   1.03395570e+00   
1169    9.89020535e-04   6.00003217e+00   6.35810400e-01   1.03231252e+00   
1170    9.92120743e-04   6.00000536e+00   6.34605266e-01   1.03169408e+00   
1171    9.95220952e-04   5.99999918e+00   6.34697678e-01   1.03174750e+00   
1172    1.00000000e-03   6.00000014e+00   6.34689399e-01   1.03173660e+00   
End of Xyce(TM) Simulation
