Index       FREQ            Re(V(1))          Im(V(1))         Re(I(VSRC))       Im(I(VSRC))   
0        1.00000000e+00    1.57913421e-06    1.25663508e-03   -1.57913421e-08   -1.25663508e-05
1        1.25892541e+00    2.50275675e-06    1.58200837e-03   -2.50275675e-08   -1.58200837e-05
2        1.58489319e+00    3.96659633e-06    1.99162762e-03   -3.96659633e-08   -1.99162762e-05
3        1.99526231e+00    6.28661693e-06    2.50730481e-03   -6.28661693e-08   -2.50730481e-05
4        2.51188643e+00    9.96357974e-06    3.15649813e-03   -9.96357974e-08   -3.15649813e-05
5        3.16227766e+00    1.57911177e-05    3.97377256e-03   -1.57911177e-07   -3.97377256e-05
6        3.98107171e+00    2.50270038e-05    5.00263705e-03   -2.50270038e-07   -5.00263705e-05
7        5.01187234e+00    3.96645473e-05    6.29785471e-03   -3.96645473e-07   -6.29785471e-05
8        6.30957344e+00    6.28626126e-05    7.92834540e-03   -6.28626126e-07   -7.92834540e-05
9        7.94328235e+00    9.96268636e-05    9.98082853e-03   -9.96268636e-07   -9.98082853e-05
10       1.00000000e+01    1.57888738e-04    1.25643865e-02   -1.57888738e-06   -1.25643865e-04
11       1.25892541e+01    2.50213679e-04    1.58161649e-02   -2.50213679e-06   -1.58161649e-04
12       1.58489319e+01    3.96503928e-04    1.99084583e-02   -3.96503928e-06   -1.99084583e-04
13       1.99526231e+01    6.28270673e-04    2.50574530e-02   -6.28270673e-06   -2.50574530e-04
14       2.51188643e+01    9.95376141e-04    3.15338765e-02   -9.95376141e-06   -3.15338765e-04
15       3.16227766e+01    1.57664696e-03    3.96756997e-02   -1.57664696e-05   -3.96756997e-04
16       3.98107171e+01    2.49651483e-03    4.99027278e-02   -2.49651483e-05   -4.99027278e-04
17       5.01187234e+01    3.95094021e-03    6.27322109e-02   -3.95094021e-05   -6.27322109e-04
18       6.30957344e+01    6.24738131e-03    7.87930932e-02   -6.24738131e-05   -7.87930932e-04
19       7.94328235e+01    9.86538350e-03    9.88334848e-02   -9.86538350e-05   -9.88334848e-04
20       1.00000000e+02    1.55458764e-02    1.23710154e-01   -1.55458764e-04   -1.23710154e-03
21       1.25892541e+02    2.44165419e-02    1.54338506e-01   -2.44165419e-04   -1.54338506e-03
22       1.58489319e+02    3.81527491e-02    1.91564915e-01   -3.81527491e-04   -1.91564915e-03
23       1.99526231e+02    5.91481251e-02    2.35901726e-01   -5.91481251e-04   -2.35901726e-03
24       2.51188643e+02    9.06088183e-02    2.87052017e-01   -9.06088183e-04   -2.87052017e-03
25       3.16227766e+02    1.36377758e-01    3.43189256e-01   -1.36377758e-03   -3.43189256e-03
26       3.98107171e+02    2.00176794e-01    4.00132534e-01   -2.00176794e-03   -4.00132534e-03
27       5.01187234e+02    2.84006747e-01    4.50940035e-01   -2.84006747e-03   -4.50940035e-03
28       6.30957344e+02    3.86000434e-01    4.86830668e-01   -3.86000434e-03   -4.86830668e-03
29       7.94328235e+02    4.99090323e-01    4.99999172e-01   -4.99090323e-03   -4.99999172e-03
30       1.00000000e+03    6.12273363e-01    4.87231661e-01   -6.12273363e-03   -4.87231661e-03
31       1.25892541e+03    7.14511088e-01    4.51646978e-01   -7.14511088e-03   -4.51646978e-03
32       1.58489319e+03    7.98655504e-01    4.01004850e-01   -7.98655504e-03   -4.01004850e-03
33       1.99526231e+03    8.62762845e-01    3.44097542e-01   -8.62762845e-03   -3.44097542e-03
0        1.00000000e+00    2.50275675e-06    1.58200837e-03   -1.98801035e-08   -1.25663392e-05
1        1.25892541e+00    3.96659633e-06    1.99162762e-03   -3.15077946e-08   -1.58200605e-05
2        1.58489319e+00    6.28661693e-06    2.50730481e-03   -4.99363733e-08   -1.99162300e-05
3        1.99526231e+00    9.96357974e-06    3.15649813e-03   -7.91435271e-08   -2.50729559e-05
4        2.51188643e+00    1.57911177e-05    3.97377256e-03   -1.25433306e-07   -3.15647974e-05
5        3.16227766e+00    2.50270038e-05    5.00263705e-03   -1.98796557e-07   -3.97373585e-05
6        3.98107171e+00    3.96645473e-05    6.29785471e-03   -3.15066698e-07   -5.00256382e-05
7        5.01187234e+00    6.28626126e-05    7.92834540e-03   -4.99335481e-07   -6.29770861e-05
8        6.30957344e+00    9.96268636e-05    9.98082853e-03   -7.91364307e-07   -7.92805391e-05
9        7.94328235e+00    1.57888738e-04    1.25643865e-02   -1.25415482e-06   -9.98024697e-05
10       1.00000000e+01    2.50213679e-04    1.58161649e-02   -1.98751790e-06   -1.25632263e-04
11       1.25892541e+01    3.96503928e-04    1.99084583e-02   -3.14954265e-06   -1.58138506e-04
12       1.58489319e+01    6.28270673e-04    2.50574530e-02   -4.99053135e-06   -1.99038424e-04
13       1.99526231e+01    9.95376141e-04    3.15338765e-02   -7.90655373e-06   -2.50482485e-04
14       2.51188643e+01    1.57664696e-03    3.96756997e-02   -1.25237520e-05   -3.15155285e-04
15       3.16227766e+01    2.49651483e-03    4.99027278e-02   -1.98305222e-05   -3.96391457e-04
16       3.98107171e+01    3.95094021e-03    6.27322109e-02   -3.13834337e-05   -4.98299663e-04
17       5.01187234e+01    6.24738131e-03    7.87930932e-02   -4.96247137e-05   -6.25875786e-04
18       6.30957344e+01    9.86538350e-03    9.88334848e-02   -7.83635266e-05   -7.85062275e-04
19       7.94328235e+01    1.55458764e-02    1.23710154e-01   -1.23485286e-04   -9.82664680e-04
20       1.00000000e+02    2.44165419e-02    1.54338506e-01   -1.93947487e-04   -1.22595433e-03
21       1.25892541e+02    3.81527491e-02    1.91564915e-01   -3.03058058e-04   -1.52165421e-03
22       1.58489319e+02    5.91481251e-02    2.35901726e-01   -4.69830258e-04   -1.87383402e-03
23       1.99526231e+02    9.06088183e-02    2.87052017e-01   -7.19731427e-04   -2.28013522e-03
24       2.51188643e+02    1.36377758e-01    3.43189256e-01   -1.08328704e-03   -2.72604916e-03
25       3.16227766e+02    2.00176794e-01    4.00132534e-01   -1.59006079e-03   -3.17836570e-03
26       3.98107171e+02    2.84006747e-01    4.50940035e-01   -2.25594578e-03   -3.58194402e-03
27       5.01187234e+02    3.86000434e-01    4.86830668e-01   -3.06611043e-03   -3.86703345e-03
28       6.30957344e+02    4.99090323e-01    4.99999172e-01   -3.96441536e-03   -3.97163460e-03
29       7.94328235e+02    6.12273363e-01    4.87231661e-01   -4.86346020e-03   -3.87021866e-03
30       1.00000000e+03    7.14511088e-01    4.51646978e-01   -5.67556332e-03   -3.58755947e-03
31       1.25892541e+03    7.98655504e-01    4.01004850e-01   -6.34394617e-03   -3.18529475e-03
32       1.58489319e+03    8.62762845e-01    3.44097542e-01   -6.85316888e-03   -2.73326393e-03
33       1.99526231e+03    9.08789741e-01    2.87907880e-01   -7.21877351e-03   -2.28693358e-03
0        1.00000000e+00    3.96659633e-06    1.99162762e-03   -2.50275308e-08   -1.25663208e-05
1        1.25892541e+00    6.28661693e-06    2.50730481e-03   -3.96658712e-08   -1.58200238e-05
2        1.58489319e+00    9.96357974e-06    3.15649813e-03   -6.28659381e-08   -1.99161568e-05
3        1.99526231e+00    1.57911177e-05    3.97377256e-03   -9.96352168e-08   -2.50728098e-05
4        2.51188643e+00    2.50270038e-05    5.00263705e-03   -1.57909718e-07   -3.15645059e-05
5        3.16227766e+00    3.96645473e-05    6.29785471e-03   -2.50266374e-07   -3.97367769e-05
6        3.98107171e+00    6.28626126e-05    7.92834540e-03   -3.96636271e-07   -5.00244776e-05
7        5.01187234e+00    9.96268636e-05    9.98082853e-03   -6.28603013e-07   -6.29747706e-05
8        6.30957344e+00    1.57888738e-04    1.25643865e-02   -9.96210586e-07   -7.92759196e-05
9        7.94328235e+00    2.50213679e-04    1.58161649e-02   -1.57874158e-06   -9.97932540e-05
10       1.00000000e+01    3.96503928e-04    1.99084583e-02   -2.50177066e-06   -1.25613880e-04
11       1.25892541e+01    6.28270673e-04    2.50574530e-02   -3.96411995e-06   -1.58101840e-04
12       1.58489319e+01    9.95376141e-04    3.15338765e-02   -6.28039886e-06   -1.98965310e-04
13       1.99526231e+01    1.57664696e-03    3.96756997e-02   -9.94796981e-06   -2.50336741e-04
14       2.51188643e+01    2.49651483e-03    4.99027278e-02   -1.57519437e-05   -3.14864926e-04
15       3.16227766e+01    3.95094021e-03    6.27322109e-02   -2.49287475e-05   -3.95813492e-04
16       3.98107171e+01    6.24738131e-03    7.87930932e-02   -3.94183112e-05   -4.97150809e-04
17       5.01187234e+01    9.86538350e-03    9.88334848e-02   -6.22463618e-05   -6.23597131e-04
18       6.30957344e+01    1.55458764e-02    1.23710154e-01   -9.80878489e-05   -7.80558301e-04
19       7.94328235e+01    2.44165419e-02    1.54338506e-01   -1.54057965e-04   -9.73810139e-04
20       1.00000000e+02    3.81527491e-02    1.91564915e-01   -2.40727572e-04   -1.20869290e-03
21       1.25892541e+02    5.91481251e-02    2.35901726e-01   -3.73199439e-04   -1.48843927e-03
22       1.58489319e+02    9.06088183e-02    2.87052017e-01   -5.71702994e-04   -1.81117578e-03
23       1.99526231e+02    1.36377758e-01    3.43189256e-01   -8.60485481e-04   -2.16537781e-03
24       2.51188643e+02    2.00176794e-01    4.00132534e-01   -1.26303018e-03   -2.52466561e-03
25       3.16227766e+02    2.84006747e-01    4.50940035e-01   -1.79196143e-03   -2.84523927e-03
26       3.98107171e+02    3.86000434e-01    4.86830668e-01   -2.43549809e-03   -3.07169385e-03
27       5.01187234e+02    4.99090323e-01    4.99999172e-01   -3.14904705e-03   -3.15478150e-03
28       6.30957344e+02    6.12273363e-01    4.87231661e-01   -3.86318375e-03   -3.07422395e-03
29       7.94328235e+02    7.14511088e-01    4.51646978e-01   -4.50826019e-03   -2.84969978e-03
30       1.00000000e+03    7.98655504e-01    4.01004850e-01   -5.03917556e-03   -2.53016955e-03
31       1.25892541e+03    8.62762845e-01    3.44097542e-01   -5.44366554e-03   -2.17110871e-03
32       1.58489319e+03    9.08789741e-01    2.87907880e-01   -5.73407562e-03   -1.81657592e-03
33       1.99526231e+03    9.40445587e-01    2.36659427e-01   -5.93381050e-03   -1.49322004e-03
0        1.00000000e+00    6.28661693e-06    2.50730481e-03   -3.15077215e-08   -1.25662916e-05
1        1.25892541e+00    9.96357974e-06    3.15649813e-03   -4.99361897e-08   -1.58199657e-05
2        1.58489319e+00    1.57911177e-05    3.97377256e-03   -7.91430659e-08   -1.99160407e-05
3        1.99526231e+00    2.50270038e-05    5.00263705e-03   -1.25432148e-07   -2.50725782e-05
4        2.51188643e+00    3.96645473e-05    6.29785471e-03   -1.98793647e-07   -3.15640438e-05
5        3.16227766e+00    6.28626126e-05    7.92834540e-03   -3.15059389e-07   -3.97358550e-05
6        3.98107171e+00    9.96268636e-05    9.98082853e-03   -4.99317122e-07   -5.00226384e-05
7        5.01187234e+00    1.57888738e-04    1.25643865e-02   -7.91318196e-07   -6.29711013e-05
8        6.30957344e+00    2.50213679e-04    1.58161649e-02   -1.25403901e-06   -7.92685993e-05
9        7.94328235e+00    3.96503928e-04    1.99084583e-02   -1.98722707e-06   -9.97786515e-05
10       1.00000000e+01    6.28270673e-04    2.50574530e-02   -3.14881241e-06   -1.25584755e-04
11       1.25892541e+01    9.95376141e-04    3.15338765e-02   -4.98869814e-06   -1.58043763e-04
12       1.58489319e+01    1.57664696e-03    3.96756997e-02   -7.90195330e-06   -1.98849542e-04
13       1.99526231e+01    2.49651483e-03    4.99027278e-02   -1.25122136e-05   -2.50106101e-04
14       2.51188643e+01    3.95094021e-03    6.27322109e-02   -1.98016080e-05   -3.14405832e-04
15       3.16227766e+01    6.24738131e-03    7.87930932e-02   -3.13110776e-05   -3.94900924e-04
16       3.98107171e+01    9.86538350e-03    9.88334848e-02   -4.94440426e-05   -4.95340808e-04
17       5.01187234e+01    1.55458764e-02    1.23710154e-01   -7.79139479e-05   -6.20019497e-04
18       6.30957344e+01    2.44165419e-02    1.54338506e-01   -1.22372591e-04   -7.73524888e-04
19       7.94328235e+01    3.81527491e-02    1.91564915e-01   -1.91216708e-04   -9.60098900e-04
20       1.00000000e+02    5.91481251e-02    2.35901726e-01   -2.96442852e-04   -1.18230934e-03
21       1.25892541e+02    9.06088183e-02    2.87052017e-01   -4.54119830e-04   -1.43866806e-03
22       1.58489319e+02    1.36377758e-01    3.43189256e-01   -6.83507913e-04   -1.72002074e-03
23       1.99526231e+02    2.00176794e-01    4.00132534e-01   -1.00326053e-03   -2.00541318e-03
24       2.51188643e+02    2.84006747e-01    4.50940035e-01   -1.42340556e-03   -2.26005388e-03
25       3.16227766e+02    3.86000434e-01    4.86830668e-01   -1.93458489e-03   -2.43993316e-03
26       3.98107171e+02    4.99090323e-01    4.99999172e-01   -2.50137698e-03   -2.50593202e-03
27       5.01187234e+02    6.12273363e-01    4.87231661e-01   -3.06863593e-03   -2.44194289e-03
28       6.30957344e+02    7.14511088e-01    4.51646978e-01   -3.58103836e-03   -2.26359700e-03
29       7.94328235e+02    7.98655504e-01    4.01004850e-01   -4.00275943e-03   -2.00978511e-03
30       1.00000000e+03    8.62762845e-01    3.44097542e-01   -4.32405724e-03   -1.72457295e-03
31       1.25892541e+03    9.08789741e-01    2.87907880e-01   -4.55473816e-03   -1.44295754e-03
32       1.58489319e+03    9.40445587e-01    2.36659427e-01   -4.71339322e-03   -1.18610684e-03
33       1.99526231e+03    9.61579291e-01    1.92209672e-01   -4.81931265e-03   -9.63330338e-04
0        1.00000000e+00    9.96357974e-06    3.15649813e-03   -3.96657254e-08   -1.25662454e-05
1        1.25892541e+00    1.57911177e-05    3.97377256e-03   -6.28655718e-08   -1.58198735e-05
2        1.58489319e+00    2.50270038e-05    5.00263705e-03   -9.96342965e-08   -1.99158568e-05
3        1.99526231e+00    3.96645473e-05    6.29785471e-03   -1.57907407e-07   -2.50722112e-05
4        2.51188643e+00    6.28626126e-05    7.92834540e-03   -2.50260568e-07   -3.15633116e-05
5        3.16227766e+00    9.96268636e-05    9.98082853e-03   -3.96621688e-07   -3.97343941e-05
6        3.98107171e+00    1.57888738e-04    1.25643865e-02   -6.28566386e-07   -5.00197237e-05
7        5.01187234e+00    2.50213679e-04    1.58161649e-02   -9.96118597e-07   -6.29652865e-05
8        6.30957344e+00    3.96503928e-04    1.99084583e-02   -1.57851057e-06   -7.92570001e-05
9        7.94328235e+00    6.28270673e-04    2.50574530e-02   -2.50119060e-06   -9.97555170e-05
10       1.00000000e+01    9.95376141e-04    3.15338765e-02   -3.96266379e-06   -1.25538623e-04
11       1.25892541e+01    1.57664696e-03    3.96756997e-02   -6.27674461e-06   -1.57951806e-04
12       1.58489319e+01    2.49651483e-03    4.99027278e-02   -9.93880454e-06   -1.98666338e-04
13       1.99526231e+01    3.95094021e-03    6.27322109e-02   -1.57289763e-05   -2.49741430e-04
14       2.51188643e+01    6.24738131e-03    7.87930932e-02   -2.48712730e-05   -3.13680954e-04
15       3.16227766e+01    9.86538350e-03    9.88334848e-02   -3.92747991e-05   -3.93463190e-04
16       3.98107171e+01    1.55458764e-02    1.23710154e-01   -6.18892487e-05   -4.92498993e-04
17       5.01187234e+01    2.44165419e-02    1.54338506e-01   -9.72040043e-05   -6.14432659e-04
18       6.30957344e+01    3.81527491e-02    1.91564915e-01   -1.51888830e-04   -7.62633664e-04
19       7.94328235e+01    5.91481251e-02    2.35901726e-01   -2.35472927e-04   -9.39141687e-04
20       1.00000000e+02    9.06088183e-02    2.87052017e-01   -3.60720203e-04   -1.14277466e-03
21       1.25892541e+02    1.36377758e-01    3.43189256e-01   -5.42929634e-04   -1.36626104e-03
22       1.58489319e+02    2.00176794e-01    4.00132534e-01   -7.96918170e-04   -1.59295631e-03
23       1.99526231e+02    2.84006747e-01    4.50940035e-01   -1.13065123e-03   -1.79522461e-03
24       2.51188643e+02    3.86000434e-01    4.86830668e-01   -1.53669540e-03   -1.93810780e-03
25       3.16227766e+02    4.99090323e-01    4.99999172e-01   -1.98691436e-03   -1.99053256e-03
26       3.98107171e+02    6.12273363e-01    4.87231661e-01   -2.43750416e-03   -1.93970418e-03
27       5.01187234e+02    7.14511088e-01    4.51646978e-01   -2.84451988e-03   -1.79803901e-03
28       6.30957344e+02    7.98655504e-01    4.01004850e-01   -3.17950483e-03   -1.59642906e-03
29       7.94328235e+02    8.62762845e-01    3.44097542e-01   -3.43472075e-03   -1.36987699e-03
30       1.00000000e+03    9.08789741e-01    2.87907880e-01   -3.61795713e-03   -1.14618192e-03
31       1.25892541e+03    9.40445587e-01    2.36659427e-01   -3.74398132e-03   -9.42158150e-04
32       1.58489319e+03    9.61579291e-01    1.92209672e-01   -3.82811611e-03   -7.65200487e-04
33       1.99526231e+03    9.75409506e-01    1.54873502e-01   -3.88317519e-03   -6.16562518e-04
0        1.00000000e+00    1.57911177e-05    3.97377256e-03   -4.99358987e-08   -1.25661722e-05
1        1.25892541e+00    2.50270038e-05    5.00263705e-03   -7.91423349e-08   -1.58197274e-05
2        1.58489319e+00    3.96645473e-05    6.29785471e-03   -1.25430312e-07   -1.99155653e-05
3        1.99526231e+00    6.28626126e-05    7.92834540e-03   -1.98789035e-07   -2.50716296e-05
4        2.51188643e+00    9.96268636e-05    9.98082853e-03   -3.15047805e-07   -3.15621511e-05
5        3.16227766e+00    1.57888738e-04    1.25643865e-02   -4.99288028e-07   -3.97320788e-05
6        3.98107171e+00    2.50213679e-04    1.58161649e-02   -7.91245126e-07   -5.00151049e-05
7        5.01187234e+00    3.96503928e-04    1.99084583e-02   -1.25385551e-06   -6.29560730e-05
8        6.30957344e+00    6.28270673e-04    2.50574530e-02   -1.98676631e-06   -7.92386237e-05
9        7.94328235e+00    9.95376141e-04    3.15338765e-02   -3.14765573e-06   -9.97188732e-05
10       1.00000000e+01    1.57664696e-03    3.96756997e-02   -4.98579547e-06   -1.25465579e-04
11       1.25892541e+01    2.49651483e-03    4.99027278e-02   -7.89467307e-06   -1.57806281e-04
12       1.58489319e+01    3.95094021e-03    6.27322109e-02   -1.24939700e-05   -1.98376669e-04
13       1.99526231e+01    6.24738131e-03    7.87930932e-02   -1.97559544e-05   -2.49165638e-04
14       2.51188643e+01    9.86538350e-03    9.88334848e-02   -3.11970819e-05   -3.12538921e-04
15       3.16227766e+01    1.55458764e-02    1.23710154e-01   -4.91603777e-05   -3.91205855e-04
16       3.98107171e+01    2.44165419e-02    1.54338506e-01   -7.72118851e-05   -4.88061210e-04
17       5.01187234e+01    3.81527491e-02    1.91564915e-01   -1.20649586e-04   -6.05781452e-04
18       6.30957344e+01    5.91481251e-02    2.35901726e-01   -1.87042795e-04   -7.45986759e-04
19       7.94328235e+01    9.06088183e-02    2.87052017e-01   -2.86530242e-04   -9.07738180e-04
20       1.00000000e+02    1.36377758e-01    3.43189256e-01   -4.31264338e-04   -1.08525972e-03
21       1.25892541e+02    2.00176794e-01    4.00132534e-01   -6.33014603e-04   -1.26533017e-03
22       1.58489319e+02    2.84006747e-01    4.50940035e-01   -8.98108192e-04   -1.42599760e-03
23       1.99526231e+02    3.86000434e-01    4.86830668e-01   -1.22064055e-03   -1.53949374e-03
24       2.51188643e+02    4.99090323e-01    4.99999172e-01   -1.57826218e-03   -1.58113621e-03
25       3.16227766e+02    6.12273363e-01    4.87231661e-01   -1.93617838e-03   -1.54076180e-03
26       3.98107171e+02    7.14511088e-01    4.51646978e-01   -2.25948245e-03   -1.42823315e-03
27       5.01187234e+02    7.98655504e-01    4.01004850e-01   -2.52557046e-03   -1.26808868e-03
28       6.30957344e+02    8.62762845e-01    3.44097542e-01   -2.72829567e-03   -1.08813197e-03
29       7.94328235e+02    9.08789741e-01    2.87907880e-01   -2.87384550e-03   -9.10444658e-04
30       1.00000000e+03    9.40445587e-01    2.36659427e-01   -2.97395007e-03   -7.48382820e-04
31       1.25892541e+03    9.61579291e-01    1.92209672e-01   -3.04078071e-03   -6.07820352e-04
32       1.58489319e+03    9.75409506e-01    1.54873502e-01   -3.08451569e-03   -4.89753017e-04
33       1.99526231e+03    9.84342355e-01    1.24147023e-01   -3.11276384e-03   -3.92587356e-04
0        1.00000000e+00    2.50270038e-05    5.00263705e-03   -6.28649912e-08   -1.25660561e-05
1        1.25892541e+00    3.96645473e-05    6.29785471e-03   -9.96328381e-08   -1.58194958e-05
2        1.58489319e+00    6.28626126e-05    7.92834540e-03   -1.57903744e-07   -1.99151032e-05
3        1.99526231e+00    9.96268636e-05    9.98082853e-03   -2.50251367e-07   -2.50707078e-05
4        2.51188643e+00    1.57888738e-04    1.25643865e-02   -3.96598578e-07   -3.15603120e-05
5        3.16227766e+00    2.50213679e-04    1.58161649e-02   -6.28508344e-07   -3.97284100e-05
6        3.98107171e+00    3.96503928e-04    1.99084583e-02   -9.95972838e-07   -5.00077863e-05
7        5.01187234e+00    6.28270673e-04    2.50574530e-02   -1.57814458e-06   -6.29414761e-05
8        6.30957344e+00    9.95376141e-04    3.15338765e-02   -2.50027182e-06   -7.92095165e-05
9        7.94328235e+00    1.57664696e-03    3.96756997e-02   -3.96035811e-06   -9.96608518e-05
10       1.00000000e+01    2.49651483e-03    4.99027278e-02   -6.27096172e-06   -1.25349985e-04
11       1.25892541e+01    3.95094021e-03    6.27322109e-02   -9.92431311e-06   -1.57576189e-04
12       1.58489319e+01    6.24738131e-03    7.87930932e-02   -1.56927124e-05   -1.97919302e-04
13       1.99526231e+01    9.86538350e-03    9.88334848e-02   -2.47807230e-05   -2.48258489e-04
14       2.51188643e+01    1.55458764e-02    1.23710154e-01   -3.90494760e-05   -3.10745857e-04
15       3.16227766e+01    2.44165419e-02    1.54338506e-01   -6.13315804e-05   -3.87680799e-04
16       3.98107171e+01    3.81527491e-02    1.91564915e-01   -9.58353727e-05   -4.81189312e-04
17       5.01187234e+01    5.91481251e-02    2.35901726e-01   -1.48573373e-04   -5.92558345e-04
18       6.30957344e+01    9.06088183e-02    2.87052017e-01   -2.27599061e-04   -7.21042066e-04
19       7.94328235e+01    1.36377758e-01    3.43189256e-01   -3.42565440e-04   -8.62052435e-04
20       1.00000000e+02    2.00176794e-01    4.00132534e-01   -5.02821372e-04   -1.00508748e-03
21       1.25892541e+02    2.84006747e-01    4.50940035e-01   -7.13392695e-04   -1.13271015e-03
22       1.58489319e+02    3.86000434e-01    4.86830668e-01   -9.69589252e-04   -1.22286335e-03
23       1.99526231e+02    4.99090323e-01    4.99999172e-01   -1.25365821e-03   -1.25594114e-03
24       2.51188643e+02    6.12273363e-01    4.87231661e-01   -1.53796115e-03   -1.22387060e-03
25       3.16227766e+02    7.14511088e-01    4.51646978e-01   -1.79477071e-03   -1.13448592e-03
26       3.98107171e+02    7.98655504e-01    4.01004850e-01   -2.00613193e-03   -1.00727864e-03
27       5.01187234e+02    8.62762845e-01    3.44097542e-01   -2.16716228e-03   -8.64333946e-04
28       6.30957344e+02    9.08789741e-01    2.87907880e-01   -2.28277662e-03   -7.23191898e-04
29       7.94328235e+02    9.40445587e-01    2.36659427e-01   -2.36229251e-03   -5.94461604e-04
30       1.00000000e+03    9.61579291e-01    1.92209672e-01   -2.41537797e-03   -4.82808867e-04
31       1.25892541e+03    9.75409506e-01    1.54873502e-01   -2.45011790e-03   -3.89024649e-04
32       1.58489319e+03    9.84342355e-01    1.24147023e-01   -2.47255621e-03   -3.11843222e-04
33       1.99526231e+03    9.90063276e-01    9.91866193e-02   -2.48692651e-03   -2.49145523e-04
0        1.00000000e+00    3.96645473e-05    6.29785471e-03   -7.91411764e-08   -1.25658722e-05
1        1.25892541e+00    6.28626126e-05    7.92834540e-03   -1.25427402e-07   -1.58191288e-05
2        1.58489319e+00    9.96268636e-05    9.98082853e-03   -1.98781727e-07   -1.99143710e-05
3        1.99526231e+00    1.57888738e-04    1.25643865e-02   -3.15029448e-07   -2.50692469e-05
4        2.51188643e+00    2.50213679e-04    1.58161649e-02   -4.99241924e-07   -3.15573978e-05
5        3.16227766e+00    3.96503928e-04    1.99084583e-02   -7.91129346e-07   -3.97225967e-05
6        3.98107171e+00    6.28270673e-04    2.50574530e-02   -1.25356480e-06   -4.99961916e-05
7        5.01187234e+00    9.95376141e-04    3.15338765e-02   -1.98603650e-06   -6.29183554e-05
8        6.30957344e+00    1.57664696e-03    3.96756997e-02   -3.14582427e-06   -7.91634285e-05
9        7.94328235e+00    2.49651483e-03    4.99027278e-02   -4.98120195e-06   -9.95690322e-05
10       1.00000000e+01    3.95094021e-03    6.27322109e-02   -7.88316212e-06   -1.25167216e-04
11       1.25892541e+01    6.24738131e-03    7.87930932e-02   -1.24651645e-05   -1.57212890e-04
12       1.58489319e+01    9.86538350e-03    9.88334848e-02   -1.96840279e-05   -1.97198728e-04
13       1.99526231e+01    1.55458764e-02    1.23710154e-01   -3.10181013e-05   -2.46834208e-04
14       2.51188643e+01    2.44165419e-02    1.54338506e-01   -4.87174060e-05   -3.07945805e-04
15       3.16227766e+01    3.81527491e-02    1.91564915e-01   -7.61247424e-05   -3.82222257e-04
16       3.98107171e+01    5.91481251e-02    2.35901726e-01   -1.18016025e-04   -4.70685824e-04
17       5.01187234e+01    9.06088183e-02    2.87052017e-01   -1.80788361e-04   -5.72744072e-04
18       6.30957344e+01    1.36377758e-01    3.43189256e-01   -2.72109401e-04   -6.84752589e-04
19       7.94328235e+01    2.00176794e-01    4.00132534e-01   -3.99405213e-04   -7.98369367e-04
20       1.00000000e+02    2.84006747e-01    4.50940035e-01   -5.66667960e-04   -8.99743657e-04
21       1.25892541e+02    3.86000434e-01    4.86830668e-01   -7.70172119e-04   -9.71354885e-04
22       1.58489319e+02    4.99090323e-01    4.99999172e-01   -9.95816114e-04   -9.97629506e-04
23       1.99526231e+02    6.12273363e-01    4.87231661e-01   -1.22164597e-03   -9.72154973e-04
24       2.51188643e+02    7.14511088e-01    4.51646978e-01   -1.42563705e-03   -9.01154195e-04
25       3.16227766e+02    7.98655504e-01    4.01004850e-01   -1.59352723e-03   -8.00109865e-04
26       3.98107171e+02    8.62762845e-01    3.44097542e-01   -1.72143819e-03   -6.86564858e-04
27       5.01187234e+02    9.08789741e-01    2.87907880e-01   -1.81327392e-03   -5.74451743e-04
28       6.30957344e+02    9.40445587e-01    2.36659427e-01   -1.87643564e-03   -4.72197637e-04
29       7.94328235e+02    9.61579291e-01    1.92209672e-01   -1.91860292e-03   -3.83508715e-04
30       1.00000000e+03    9.75409506e-01    1.54873502e-01   -1.94619783e-03   -3.09013263e-04
31       1.25892541e+03    9.84342355e-01    1.24147023e-01   -1.96402121e-03   -2.47705876e-04
32       1.58489319e+03    9.90063276e-01    9.91866193e-02   -1.97543594e-03   -1.97903324e-04
33       1.99526231e+03    9.93707275e-01    7.90767124e-02   -1.98270668e-03   -1.57778784e-04
0        1.00000000e+00    6.28626126e-05    7.92834540e-03   -9.96305267e-08   -1.25655807e-05
1        1.25892541e+00    9.96268636e-05    9.98082853e-03   -1.57897938e-07   -1.58185472e-05
2        1.58489319e+00    1.57888738e-04    1.25643865e-02   -2.50236785e-07   -1.99132107e-05
3        1.99526231e+00    2.50213679e-04    1.58161649e-02   -3.96561956e-07   -2.50669321e-05
4        2.51188643e+00    3.96503928e-04    1.99084583e-02   -6.28416377e-07   -3.15527801e-05
5        3.16227766e+00    6.28270673e-04    2.50574530e-02   -9.95741913e-07   -3.97133866e-05
6        3.98107171e+00    9.95376141e-04    3.15338765e-02   -1.57756487e-06   -4.99778262e-05
7        5.01187234e+00    1.57664696e-03    3.96756997e-02   -2.49881704e-06   -6.28817464e-05
8        6.30957344e+00    2.49651483e-03    4.99027278e-02   -3.95670935e-06   -7.90904936e-05
9        7.94328235e+00    3.95094021e-03    6.27322109e-02   -6.26181825e-06   -9.94238540e-05
10       1.00000000e+01    6.24738131e-03    7.87930932e-02   -9.90143211e-06   -1.24878637e-04
11       1.25892541e+01    9.86538350e-03    9.88334848e-02   -1.56355791e-05   -1.56640517e-04
12       1.58489319e+01    1.55458764e-02    1.23710154e-01   -2.46385537e-05   -1.96067380e-04
13       1.99526231e+01    2.44165419e-02    1.54338506e-01   -3.86976111e-05   -2.44610047e-04
14       2.51188643e+01    3.81527491e-02    1.91564915e-01   -6.04680323e-05   -3.03609930e-04
15       3.16227766e+01    5.91481251e-02    2.35901726e-01   -9.37434608e-05   -3.73879040e-04
16       3.98107171e+01    9.06088183e-02    2.87052017e-01   -1.43605299e-04   -4.54946787e-04
17       5.01187234e+01    1.36377758e-01    3.43189256e-01   -2.16144180e-04   -5.43918315e-04
18       6.30957344e+01    2.00176794e-01    4.00132534e-01   -3.17258838e-04   -6.34167330e-04
19       7.94328235e+01    2.84006747e-01    4.50940035e-01   -4.50120360e-04   -7.14691791e-04
20       1.00000000e+02    3.86000434e-01    4.86830668e-01   -6.11769459e-04   -7.71574611e-04
21       1.25892541e+02    4.99090323e-01    4.99999172e-01   -7.91004856e-04   -7.92445285e-04
22       1.58489319e+02    6.12273363e-01    4.87231661e-01   -9.70387885e-04   -7.72210143e-04
23       1.99526231e+02    7.14511088e-01    4.51646978e-01   -1.13242376e-03   -7.15812221e-04
24       2.51188643e+02    7.98655504e-01    4.01004850e-01   -1.26578367e-03   -6.35549857e-04
25       3.16227766e+02    8.62762845e-01    3.44097542e-01   -1.36738696e-03   -5.45357851e-04
26       3.98107171e+02    9.08789741e-01    2.87907880e-01   -1.44033467e-03   -4.56303239e-04
27       5.01187234e+02    9.40445587e-01    2.36659427e-01   -1.49050581e-03   -3.75079915e-04
28       6.30957344e+02    9.61579291e-01    1.92209672e-01   -1.52400047e-03   -3.04631801e-04
29       7.94328235e+02    9.75409506e-01    1.54873502e-01   -1.54591989e-03   -2.45457960e-04
30       1.00000000e+03    9.84342355e-01    1.24147023e-01   -1.56007750e-03   -1.96759771e-04
31       1.25892541e+03    9.90063276e-01    9.91866193e-02   -1.56914455e-03   -1.57200198e-04
32       1.58489319e+03    9.93707275e-01    7.90767124e-02   -1.57491990e-03   -1.25328143e-04
33       1.99526231e+03    9.96020317e-01    6.29590742e-02   -1.57858582e-03   -9.97834081e-05
0        1.00000000e+00    9.96268636e-05    9.98082853e-03   -1.25422790e-07   -1.25651187e-05
1        1.25892541e+00    1.57888738e-04    1.25643865e-02   -1.98770144e-07   -1.58176255e-05
2        1.58489319e+00    2.50213679e-04    1.58161649e-02   -3.15000358e-07   -1.99113719e-05
3        1.99526231e+00    3.96503928e-04    1.99084583e-02   -4.99168871e-07   -2.50632641e-05
4        2.51188643e+00    6.28270673e-04    2.50574530e-02   -7.90945916e-07   -3.15454643e-05
5        3.16227766e+00    9.95376141e-04    3.15338765e-02   -1.25310432e-06   -3.96987985e-05
6        3.98107171e+00    1.57664696e-03    3.96756997e-02   -1.98488093e-06   -4.99487466e-05
7        5.01187234e+00    2.49651483e-03    4.99027278e-02   -3.14292596e-06   -6.28238121e-05
8        6.30957344e+00    3.95094021e-03    6.27322109e-02   -4.97393904e-06   -7.89751744e-05
9        7.94328235e+00    6.24738131e-03    7.87930932e-02   -7.86498709e-06   -9.91946273e-05
10       1.00000000e+01    9.86538350e-03    9.88334848e-02   -1.24197820e-05   -1.24423985e-04
11       1.25892541e+01    1.55458764e-02    1.23710154e-01   -1.95710989e-05   -1.55741856e-04
12       1.58489319e+01    2.44165419e-02    1.54338506e-01   -3.07386051e-05   -1.94300667e-04
13       1.99526231e+01    3.81527491e-02    1.91564915e-01   -4.80314653e-05   -2.41165940e-04
14       2.51188643e+01    5.91481251e-02    2.35901726e-01   -7.44630777e-05   -2.96982678e-04
15       3.16227766e+01    9.06088183e-02    2.87052017e-01   -1.14069744e-04   -3.61377078e-04
16       3.98107171e+01    1.36377758e-01    3.43189256e-01   -1.71689425e-04   -4.32049675e-04
17       5.01187234e+01    2.00176794e-01    4.00132534e-01   -2.52007652e-04   -5.03737015e-04
18       6.30957344e+01    2.84006747e-01    4.50940035e-01   -3.57543311e-04   -5.67699869e-04
19       7.94328235e+01    3.86000434e-01    4.86830668e-01   -4.85945755e-04   -6.12883499e-04
20       1.00000000e+02    4.99090323e-01    4.99999172e-01   -6.28317491e-04   -6.29461664e-04
21       1.25892541e+02    6.12273363e-01    4.87231661e-01   -7.70806496e-04   -6.13388320e-04
22       1.58489319e+02    7.14511088e-01    4.51646978e-01   -8.99516166e-04   -5.68589858e-04
23       1.99526231e+02    7.98655504e-01    4.01004850e-01   -1.00544771e-03   -5.04835196e-04
24       2.51188643e+02    8.62762845e-01    3.44097542e-01   -1.08615407e-03   -4.33193139e-04
25       3.16227766e+02    9.08789741e-01    2.87907880e-01   -1.14409850e-03   -3.62454547e-04
26       3.98107171e+02    9.40445587e-01    2.36659427e-01   -1.18395085e-03   -2.97936567e-04
27       5.01187234e+02    9.61579291e-01    1.92209672e-01   -1.21055661e-03   -2.41977640e-04
28       6.30957344e+02    9.75409506e-01    1.54873502e-01   -1.22796781e-03   -1.94974188e-04
29       7.94328235e+02    9.84342355e-01    1.24147023e-01   -1.23921360e-03   -1.56291842e-04
30       1.00000000e+03    9.90063276e-01    9.91866193e-02   -1.24641582e-03   -1.24868555e-04
31       1.25892541e+03    9.93707275e-01    7.90767124e-02   -1.25100334e-03   -9.95516827e-05
32       1.58489319e+03    9.96020317e-01    6.29590742e-02   -1.25391529e-03   -7.92607784e-05
33       1.99526231e+03    9.97485297e-01    5.00837269e-02   -1.25575959e-03   -6.30516765e-05
0        1.00000000e+00    1.57888738e-04    1.25643865e-02   -1.57888738e-07   -1.25643865e-05
1        1.25892541e+00    2.50213679e-04    1.58161649e-02   -2.50213679e-07   -1.58161649e-05
2        1.58489319e+00    3.96503928e-04    1.99084583e-02   -3.96503928e-07   -1.99084583e-05
3        1.99526231e+00    6.28270673e-04    2.50574530e-02   -6.28270673e-07   -2.50574530e-05
4        2.51188643e+00    9.95376141e-04    3.15338765e-02   -9.95376141e-07   -3.15338765e-05
5        3.16227766e+00    1.57664696e-03    3.96756997e-02   -1.57664696e-06   -3.96756997e-05
6        3.98107171e+00    2.49651483e-03    4.99027278e-02   -2.49651483e-06   -4.99027278e-05
7        5.01187234e+00    3.95094021e-03    6.27322109e-02   -3.95094021e-06   -6.27322109e-05
8        6.30957344e+00    6.24738131e-03    7.87930932e-02   -6.24738131e-06   -7.87930932e-05
9        7.94328235e+00    9.86538350e-03    9.88334848e-02   -9.86538350e-06   -9.88334848e-05
10       1.00000000e+01    1.55458764e-02    1.23710154e-01   -1.55458764e-05   -1.23710154e-04
11       1.25892541e+01    2.44165419e-02    1.54338506e-01   -2.44165419e-05   -1.54338506e-04
12       1.58489319e+01    3.81527491e-02    1.91564915e-01   -3.81527491e-05   -1.91564915e-04
13       1.99526231e+01    5.91481251e-02    2.35901726e-01   -5.91481251e-05   -2.35901726e-04
14       2.51188643e+01    9.06088183e-02    2.87052017e-01   -9.06088183e-05   -2.87052017e-04
15       3.16227766e+01    1.36377758e-01    3.43189256e-01   -1.36377758e-04   -3.43189256e-04
16       3.98107171e+01    2.00176794e-01    4.00132534e-01   -2.00176794e-04   -4.00132534e-04
17       5.01187234e+01    2.84006747e-01    4.50940035e-01   -2.84006747e-04   -4.50940035e-04
18       6.30957344e+01    3.86000434e-01    4.86830668e-01   -3.86000434e-04   -4.86830668e-04
19       7.94328235e+01    4.99090323e-01    4.99999172e-01   -4.99090323e-04   -4.99999172e-04
20       1.00000000e+02    6.12273363e-01    4.87231661e-01   -6.12273363e-04   -4.87231661e-04
21       1.25892541e+02    7.14511088e-01    4.51646978e-01   -7.14511088e-04   -4.51646978e-04
22       1.58489319e+02    7.98655504e-01    4.01004850e-01   -7.98655504e-04   -4.01004850e-04
23       1.99526231e+02    8.62762845e-01    3.44097542e-01   -8.62762845e-04   -3.44097542e-04
24       2.51188643e+02    9.08789741e-01    2.87907880e-01   -9.08789741e-04   -2.87907880e-04
25       3.16227766e+02    9.40445587e-01    2.36659427e-01   -9.40445587e-04   -2.36659427e-04
26       3.98107171e+02    9.61579291e-01    1.92209672e-01   -9.61579291e-04   -1.92209672e-04
27       5.01187234e+02    9.75409506e-01    1.54873502e-01   -9.75409506e-04   -1.54873502e-04
28       6.30957344e+02    9.84342355e-01    1.24147023e-01   -9.84342355e-04   -1.24147023e-04
29       7.94328235e+02    9.90063276e-01    9.91866193e-02   -9.90063276e-04   -9.91866193e-05
30       1.00000000e+03    9.93707275e-01    7.90767124e-02   -9.93707275e-04   -7.90767124e-05
31       1.25892541e+03    9.96020317e-01    6.29590742e-02   -9.96020317e-04   -6.29590742e-05
32       1.58489319e+03    9.97485297e-01    5.00837269e-02   -9.97485297e-04   -5.00837269e-05
33       1.99526231e+03    9.98411856e-01    3.98198725e-02   -9.98411856e-04   -3.98198725e-05
0        1.00000000e+00    2.50213679e-04    1.58161649e-02   -1.98751790e-07   -1.25632263e-05
1        1.25892541e+00    3.96503928e-04    1.99084583e-02   -3.14954265e-07   -1.58138506e-05
2        1.58489319e+00    6.28270673e-04    2.50574530e-02   -4.99053135e-07   -1.99038424e-05
3        1.99526231e+00    9.95376141e-04    3.15338765e-02   -7.90655373e-07   -2.50482485e-05
4        2.51188643e+00    1.57664696e-03    3.96756997e-02   -1.25237520e-06   -3.15155285e-05
5        3.16227766e+00    2.49651483e-03    4.99027278e-02   -1.98305222e-06   -3.96391457e-05
6        3.98107171e+00    3.95094021e-03    6.27322109e-02   -3.13834337e-06   -4.98299663e-05
7        5.01187234e+00    6.24738131e-03    7.87930932e-02   -4.96247137e-06   -6.25875786e-05
8        6.30957344e+00    9.86538350e-03    9.88334848e-02   -7.83635266e-06   -7.85062275e-05
9        7.94328235e+00    1.55458764e-02    1.23710154e-01   -1.23485286e-05   -9.82664680e-05
10       1.00000000e+01    2.44165419e-02    1.54338506e-01   -1.93947487e-05   -1.22595433e-04
11       1.25892541e+01    3.81527491e-02    1.91564915e-01   -3.03058058e-05   -1.52165421e-04
12       1.58489319e+01    5.91481251e-02    2.35901726e-01   -4.69830258e-05   -1.87383402e-04
13       1.99526231e+01    9.06088183e-02    2.87052017e-01   -7.19731427e-05   -2.28013522e-04
14       2.51188643e+01    1.36377758e-01    3.43189256e-01   -1.08328704e-04   -2.72604916e-04
15       3.16227766e+01    2.00176794e-01    4.00132534e-01   -1.59006079e-04   -3.17836570e-04
16       3.98107171e+01    2.84006747e-01    4.50940035e-01   -2.25594578e-04   -3.58194402e-04
17       5.01187234e+01    3.86000434e-01    4.86830668e-01   -3.06611043e-04   -3.86703345e-04
18       6.30957344e+01    4.99090323e-01    4.99999172e-01   -3.96441536e-04   -3.97163460e-04
19       7.94328235e+01    6.12273363e-01    4.87231661e-01   -4.86346020e-04   -3.87021866e-04
20       1.00000000e+02    7.14511088e-01    4.51646978e-01   -5.67556332e-04   -3.58755947e-04
21       1.25892541e+02    7.98655504e-01    4.01004850e-01   -6.34394617e-04   -3.18529475e-04
22       1.58489319e+02    8.62762845e-01    3.44097542e-01   -6.85316888e-04   -2.73326393e-04
23       1.99526231e+02    9.08789741e-01    2.87907880e-01   -7.21877351e-04   -2.28693358e-04
24       2.51188643e+02    9.40445587e-01    2.36659427e-01   -7.47022483e-04   -1.87985265e-04
25       3.16227766e+02    9.61579291e-01    1.92209672e-01   -7.63809581e-04   -1.52677569e-04
26       3.98107171e+02    9.75409506e-01    1.54873502e-01   -7.74795311e-04   -1.23020396e-04
27       5.01187234e+02    9.84342355e-01    1.24147023e-01   -7.81890925e-04   -9.86134854e-05
28       6.30957344e+02    9.90063276e-01    9.91866193e-02   -7.86435214e-04   -7.87867322e-05
29       7.94328235e+02    9.93707275e-01    7.90767124e-02   -7.89329746e-04   -6.28128654e-05
30       1.00000000e+03    9.96020317e-01    6.29590742e-02   -7.91167060e-04   -5.00101703e-05
31       1.25892541e+03    9.97485297e-01    5.00837269e-02   -7.92330735e-04   -3.97829184e-05
32       1.58489319e+03    9.98411856e-01    3.98198725e-02   -7.93066727e-04   -3.16300490e-05
33       1.99526231e+03    9.98997361e-01    3.16485981e-02   -7.93531810e-04   -2.51393750e-05
0        1.00000000e+00    3.96503928e-04    1.99084583e-02   -2.50177066e-07   -1.25613880e-05
1        1.25892541e+00    6.28270673e-04    2.50574530e-02   -3.96411995e-07   -1.58101840e-05
2        1.58489319e+00    9.95376141e-04    3.15338765e-02   -6.28039886e-07   -1.98965310e-05
3        1.99526231e+00    1.57664696e-03    3.96756997e-02   -9.94796981e-07   -2.50336741e-05
4        2.51188643e+00    2.49651483e-03    4.99027278e-02   -1.57519437e-06   -3.14864926e-05
5        3.16227766e+00    3.95094021e-03    6.27322109e-02   -2.49287475e-06   -3.95813492e-05
6        3.98107171e+00    6.24738131e-03    7.87930932e-02   -3.94183112e-06   -4.97150809e-05
7        5.01187234e+00    9.86538350e-03    9.88334848e-02   -6.22463618e-06   -6.23597131e-05
8        6.30957344e+00    1.55458764e-02    1.23710154e-01   -9.80878489e-06   -7.80558301e-05
9        7.94328235e+00    2.44165419e-02    1.54338506e-01   -1.54057965e-05   -9.73810139e-05
10       1.00000000e+01    3.81527491e-02    1.91564915e-01   -2.40727572e-05   -1.20869290e-04
11       1.25892541e+01    5.91481251e-02    2.35901726e-01   -3.73199439e-05   -1.48843927e-04
12       1.58489319e+01    9.06088183e-02    2.87052017e-01   -5.71702994e-05   -1.81117578e-04
13       1.99526231e+01    1.36377758e-01    3.43189256e-01   -8.60485481e-05   -2.16537781e-04
14       2.51188643e+01    2.00176794e-01    4.00132534e-01   -1.26303018e-04   -2.52466561e-04
15       3.16227766e+01    2.84006747e-01    4.50940035e-01   -1.79196143e-04   -2.84523927e-04
16       3.98107171e+01    3.86000434e-01    4.86830668e-01   -2.43549809e-04   -3.07169385e-04
17       5.01187234e+01    4.99090323e-01    4.99999172e-01   -3.14904705e-04   -3.15478150e-04
18       6.30957344e+01    6.12273363e-01    4.87231661e-01   -3.86318375e-04   -3.07422395e-04
19       7.94328235e+01    7.14511088e-01    4.51646978e-01   -4.50826019e-04   -2.84969978e-04
20       1.00000000e+02    7.98655504e-01    4.01004850e-01   -5.03917556e-04   -2.53016955e-04
21       1.25892541e+02    8.62762845e-01    3.44097542e-01   -5.44366554e-04   -2.17110871e-04
22       1.58489319e+02    9.08789741e-01    2.87907880e-01   -5.73407562e-04   -1.81657592e-04
23       1.99526231e+02    9.40445587e-01    2.36659427e-01   -5.93381050e-04   -1.49322004e-04
24       2.51188643e+02    9.61579291e-01    1.92209672e-01   -6.06715516e-04   -1.21276104e-04
25       3.16227766e+02    9.75409506e-01    1.54873502e-01   -6.15441792e-04   -9.77185738e-05
26       3.98107171e+02    9.84342355e-01    1.24147023e-01   -6.21078038e-04   -7.83314757e-05
27       5.01187234e+02    9.90063276e-01    9.91866193e-02   -6.24687696e-04   -6.25825259e-05
28       6.30957344e+02    9.93707275e-01    7.90767124e-02   -6.26986904e-04   -4.98940325e-05
29       7.94328235e+02    9.96020317e-01    6.29590742e-02   -6.28446334e-04   -3.97244903e-05
30       1.00000000e+03    9.97485297e-01    5.00837269e-02   -6.29370674e-04   -3.16006953e-05
31       1.25892541e+03    9.98411856e-01    3.98198725e-02   -6.29955293e-04   -2.51246410e-05
32       1.58489319e+03    9.98997361e-01    3.16485981e-02   -6.30324722e-04   -1.99689154e-05
33       1.99526231e+03    9.99367143e-01    2.51486805e-02   -6.30558039e-04   -1.58677446e-05
0        1.00000000e+00    6.28270673e-04    2.50574530e-02   -3.14881241e-07   -1.25584755e-05
1        1.25892541e+00    9.95376141e-04    3.15338765e-02   -4.98869814e-07   -1.58043763e-05
2        1.58489319e+00    1.57664696e-03    3.96756997e-02   -7.90195330e-07   -1.98849542e-05
3        1.99526231e+00    2.49651483e-03    4.99027278e-02   -1.25122136e-06   -2.50106101e-05
4        2.51188643e+00    3.95094021e-03    6.27322109e-02   -1.98016080e-06   -3.14405832e-05
5        3.16227766e+00    6.24738131e-03    7.87930932e-02   -3.13110776e-06   -3.94900924e-05
6        3.98107171e+00    9.86538350e-03    9.88334848e-02   -4.94440426e-06   -4.95340808e-05
7        5.01187234e+00    1.55458764e-02    1.23710154e-01   -7.79139479e-06   -6.20019497e-05
8        6.30957344e+00    2.44165419e-02    1.54338506e-01   -1.22372591e-05   -7.73524888e-05
9        7.94328235e+00    3.81527491e-02    1.91564915e-01   -1.91216708e-05   -9.60098900e-05
10       1.00000000e+01    5.91481251e-02    2.35901726e-01   -2.96442852e-05   -1.18230934e-04
11       1.25892541e+01    9.06088183e-02    2.87052017e-01   -4.54119830e-05   -1.43866806e-04
12       1.58489319e+01    1.36377758e-01    3.43189256e-01   -6.83507913e-05   -1.72002074e-04
13       1.99526231e+01    2.00176794e-01    4.00132534e-01   -1.00326053e-04   -2.00541318e-04
14       2.51188643e+01    2.84006747e-01    4.50940035e-01   -1.42340556e-04   -2.26005388e-04
15       3.16227766e+01    3.86000434e-01    4.86830668e-01   -1.93458489e-04   -2.43993316e-04
16       3.98107171e+01    4.99090323e-01    4.99999172e-01   -2.50137698e-04   -2.50593202e-04
17       5.01187234e+01    6.12273363e-01    4.87231661e-01   -3.06863593e-04   -2.44194289e-04
18       6.30957344e+01    7.14511088e-01    4.51646978e-01   -3.58103836e-04   -2.26359700e-04
19       7.94328235e+01    7.98655504e-01    4.01004850e-01   -4.00275943e-04   -2.00978511e-04
20       1.00000000e+02    8.62762845e-01    3.44097542e-01   -4.32405724e-04   -1.72457295e-04
21       1.25892541e+02    9.08789741e-01    2.87907880e-01   -4.55473816e-04   -1.44295754e-04
22       1.58489319e+02    9.40445587e-01    2.36659427e-01   -4.71339322e-04   -1.18610684e-04
23       1.99526231e+02    9.61579291e-01    1.92209672e-01   -4.81931265e-04   -9.63330338e-05
24       2.51188643e+02    9.75409506e-01    1.54873502e-01   -4.88862792e-04   -7.76206222e-05
25       3.16227766e+02    9.84342355e-01    1.24147023e-01   -4.93339822e-04   -6.22209028e-05
26       3.98107171e+02    9.90063276e-01    9.91866193e-02   -4.96207074e-04   -4.97110673e-05
27       5.01187234e+02    9.93707275e-01    7.90767124e-02   -4.98033400e-04   -3.96322387e-05
28       6.30957344e+02    9.96020317e-01    6.29590742e-02   -4.99192667e-04   -3.15542842e-05
29       7.94328235e+02    9.97485297e-01    5.00837269e-02   -4.99926896e-04   -2.51013245e-05
30       1.00000000e+03    9.98411856e-01    3.98198725e-02   -5.00391276e-04   -1.99572118e-05
31       1.25892541e+03    9.98997361e-01    3.16485981e-02   -5.00684724e-04   -1.58618733e-05
32       1.58489319e+03    9.99367143e-01    2.51486805e-02   -5.00870054e-04   -1.26041976e-05
33       1.99526231e+03    9.99600601e-01    1.99809735e-02   -5.00987060e-04   -1.00142089e-05
0        1.00000000e+00    9.95376141e-04    3.15338765e-02   -3.96266379e-07   -1.25538623e-05
1        1.25892541e+00    1.57664696e-03    3.96756997e-02   -6.27674461e-07   -1.57951806e-05
2        1.58489319e+00    2.49651483e-03    4.99027278e-02   -9.93880454e-07   -1.98666338e-05
3        1.99526231e+00    3.95094021e-03    6.27322109e-02   -1.57289763e-06   -2.49741430e-05
4        2.51188643e+00    6.24738131e-03    7.87930932e-02   -2.48712730e-06   -3.13680954e-05
5        3.16227766e+00    9.86538350e-03    9.88334848e-02   -3.92747991e-06   -3.93463190e-05
6        3.98107171e+00    1.55458764e-02    1.23710154e-01   -6.18892487e-06   -4.92498993e-05
7        5.01187234e+00    2.44165419e-02    1.54338506e-01   -9.72040043e-06   -6.14432659e-05
8        6.30957344e+00    3.81527491e-02    1.91564915e-01   -1.51888830e-05   -7.62633664e-05
9        7.94328235e+00    5.91481251e-02    2.35901726e-01   -2.35472927e-05   -9.39141687e-05
10       1.00000000e+01    9.06088183e-02    2.87052017e-01   -3.60720203e-05   -1.14277466e-04
11       1.25892541e+01    1.36377758e-01    3.43189256e-01   -5.42929634e-05   -1.36626104e-04
12       1.58489319e+01    2.00176794e-01    4.00132534e-01   -7.96918170e-05   -1.59295631e-04
13       1.99526231e+01    2.84006747e-01    4.50940035e-01   -1.13065123e-04   -1.79522461e-04
14       2.51188643e+01    3.86000434e-01    4.86830668e-01   -1.53669540e-04   -1.93810780e-04
15       3.16227766e+01    4.99090323e-01    4.99999172e-01   -1.98691436e-04   -1.99053256e-04
16       3.98107171e+01    6.12273363e-01    4.87231661e-01   -2.43750416e-04   -1.93970418e-04
17       5.01187234e+01    7.14511088e-01    4.51646978e-01   -2.84451988e-04   -1.79803901e-04
18       6.30957344e+01    7.98655504e-01    4.01004850e-01   -3.17950483e-04   -1.59642906e-04
19       7.94328235e+01    8.62762845e-01    3.44097542e-01   -3.43472075e-04   -1.36987699e-04
20       1.00000000e+02    9.08789741e-01    2.87907880e-01   -3.61795713e-04   -1.14618192e-04
21       1.25892541e+02    9.40445587e-01    2.36659427e-01   -3.74398132e-04   -9.42158150e-05
22       1.58489319e+02    9.61579291e-01    1.92209672e-01   -3.82811611e-04   -7.65200487e-05
23       1.99526231e+02    9.75409506e-01    1.54873502e-01   -3.88317519e-04   -6.16562518e-05
24       2.51188643e+02    9.84342355e-01    1.24147023e-01   -3.91873750e-04   -4.94238199e-05
25       3.16227766e+02    9.90063276e-01    9.91866193e-02   -3.94151290e-04   -3.94869043e-05
26       3.98107171e+02    9.93707275e-01    7.90767124e-02   -3.95601992e-04   -3.14810062e-05
27       5.01187234e+02    9.96020317e-01    6.29590742e-02   -3.96522830e-04   -2.50644589e-05
28       6.30957344e+02    9.97485297e-01    5.00837269e-02   -3.97106049e-04   -1.99386908e-05
29       7.94328235e+02    9.98411856e-01    3.98198725e-02   -3.97474919e-04   -1.58525768e-05
30       1.00000000e+03    9.98997361e-01    3.16485981e-02   -3.97708013e-04   -1.25995338e-05
31       1.25892541e+03    9.99367143e-01    2.51486805e-02   -3.97855226e-04   -1.00118700e-05
32       1.58489319e+03    9.99600601e-01    1.99809735e-02   -3.97948167e-04   -7.95456884e-06
33       1.99526231e+03    9.99747959e-01    1.58737912e-02   -3.98006831e-04   -6.31947008e-06
0        1.00000000e+00    1.57664696e-03    3.96756997e-02   -4.98579547e-07   -1.25465579e-05
1        1.25892541e+00    2.49651483e-03    4.99027278e-02   -7.89467307e-07   -1.57806281e-05
2        1.58489319e+00    3.95094021e-03    6.27322109e-02   -1.24939700e-06   -1.98376669e-05
3        1.99526231e+00    6.24738131e-03    7.87930932e-02   -1.97559544e-06   -2.49165638e-05
4        2.51188643e+00    9.86538350e-03    9.88334848e-02   -3.11970819e-06   -3.12538921e-05
5        3.16227766e+00    1.55458764e-02    1.23710154e-01   -4.91603777e-06   -3.91205855e-05
6        3.98107171e+00    2.44165419e-02    1.54338506e-01   -7.72118851e-06   -4.88061210e-05
7        5.01187234e+00    3.81527491e-02    1.91564915e-01   -1.20649586e-05   -6.05781452e-05
8        6.30957344e+00    5.91481251e-02    2.35901726e-01   -1.87042795e-05   -7.45986759e-05
9        7.94328235e+00    9.06088183e-02    2.87052017e-01   -2.86530242e-05   -9.07738180e-05
10       1.00000000e+01    1.36377758e-01    3.43189256e-01   -4.31264338e-05   -1.08525972e-04
11       1.25892541e+01    2.00176794e-01    4.00132534e-01   -6.33014603e-05   -1.26533017e-04
12       1.58489319e+01    2.84006747e-01    4.50940035e-01   -8.98108192e-05   -1.42599760e-04
13       1.99526231e+01    3.86000434e-01    4.86830668e-01   -1.22064055e-04   -1.53949374e-04
14       2.51188643e+01    4.99090323e-01    4.99999172e-01   -1.57826218e-04   -1.58113621e-04
15       3.16227766e+01    6.12273363e-01    4.87231661e-01   -1.93617838e-04   -1.54076180e-04
16       3.98107171e+01    7.14511088e-01    4.51646978e-01   -2.25948245e-04   -1.42823315e-04
17       5.01187234e+01    7.98655504e-01    4.01004850e-01   -2.52557046e-04   -1.26808868e-04
18       6.30957344e+01    8.62762845e-01    3.44097542e-01   -2.72829567e-04   -1.08813197e-04
19       7.94328235e+01    9.08789741e-01    2.87907880e-01   -2.87384550e-04   -9.10444658e-05
20       1.00000000e+02    9.40445587e-01    2.36659427e-01   -2.97395007e-04   -7.48382820e-05
21       1.25892541e+02    9.61579291e-01    1.92209672e-01   -3.04078071e-04   -6.07820352e-05
22       1.58489319e+02    9.75409506e-01    1.54873502e-01   -3.08451569e-04   -4.89753017e-05
23       1.99526231e+02    9.84342355e-01    1.24147023e-01   -3.11276384e-04   -3.92587356e-05
24       2.51188643e+02    9.90063276e-01    9.91866193e-02   -3.13085498e-04   -3.13655630e-05
25       3.16227766e+02    9.93707275e-01    7.90767124e-02   -3.14237832e-04   -2.50062521e-05
26       3.98107171e+02    9.96020317e-01    6.29590742e-02   -3.14969280e-04   -1.99094074e-05
27       5.01187234e+02    9.97485297e-01    5.00837269e-02   -3.15432547e-04   -1.58378651e-05
28       6.30957344e+02    9.98411856e-01    3.98198725e-02   -3.15725551e-04   -1.25921493e-05
29       7.94328235e+02    9.98997361e-01    3.16485981e-02   -3.15910704e-04   -1.00081655e-05
30       1.00000000e+03    9.99367143e-01    2.51486805e-02   -3.16027639e-04   -7.95271104e-06
31       1.25892541e+03    9.99600601e-01    1.99809735e-02   -3.16101465e-04   -6.31853862e-06
32       1.58489319e+03    9.99747959e-01    1.58737912e-02   -3.16148064e-04   -5.01973352e-06
33       1.99526231e+03    9.99840958e-01    1.26101734e-02   -3.16177473e-04   -3.98768697e-06
0        1.00000000e+00    2.49651483e-03    4.99027278e-02   -6.27096172e-07   -1.25349985e-05
1        1.25892541e+00    3.95094021e-03    6.27322109e-02   -9.92431311e-07   -1.57576189e-05
2        1.58489319e+00    6.24738131e-03    7.87930932e-02   -1.56927124e-06   -1.97919302e-05
3        1.99526231e+00    9.86538350e-03    9.88334848e-02   -2.47807230e-06   -2.48258489e-05
4        2.51188643e+00    1.55458764e-02    1.23710154e-01   -3.90494760e-06   -3.10745857e-05
5        3.16227766e+00    2.44165419e-02    1.54338506e-01   -6.13315804e-06   -3.87680799e-05
6        3.98107171e+00    3.81527491e-02    1.91564915e-01   -9.58353727e-06   -4.81189312e-05
7        5.01187234e+00    5.91481251e-02    2.35901726e-01   -1.48573373e-05   -5.92558345e-05
8        6.30957344e+00    9.06088183e-02    2.87052017e-01   -2.27599061e-05   -7.21042066e-05
9        7.94328235e+00    1.36377758e-01    3.43189256e-01   -3.42565440e-05   -8.62052435e-05
10       1.00000000e+01    2.00176794e-01    4.00132534e-01   -5.02821372e-05   -1.00508748e-04
11       1.25892541e+01    2.84006747e-01    4.50940035e-01   -7.13392695e-05   -1.13271015e-04
12       1.58489319e+01    3.86000434e-01    4.86830668e-01   -9.69589252e-05   -1.22286335e-04
13       1.99526231e+01    4.99090323e-01    4.99999172e-01   -1.25365821e-04   -1.25594114e-04
14       2.51188643e+01    6.12273363e-01    4.87231661e-01   -1.53796115e-04   -1.22387060e-04
15       3.16227766e+01    7.14511088e-01    4.51646978e-01   -1.79477071e-04   -1.13448592e-04
16       3.98107171e+01    7.98655504e-01    4.01004850e-01   -2.00613193e-04   -1.00727864e-04
17       5.01187234e+01    8.62762845e-01    3.44097542e-01   -2.16716228e-04   -8.64333946e-05
18       6.30957344e+01    9.08789741e-01    2.87907880e-01   -2.28277662e-04   -7.23191898e-05
19       7.94328235e+01    9.40445587e-01    2.36659427e-01   -2.36229251e-04   -5.94461604e-05
20       1.00000000e+02    9.61579291e-01    1.92209672e-01   -2.41537797e-04   -4.82808867e-05
21       1.25892541e+02    9.75409506e-01    1.54873502e-01   -2.45011790e-04   -3.89024649e-05
22       1.58489319e+02    9.84342355e-01    1.24147023e-01   -2.47255621e-04   -3.11843222e-05
23       1.99526231e+02    9.90063276e-01    9.91866193e-02   -2.48692651e-04   -2.49145523e-05
24       2.51188643e+02    9.93707275e-01    7.90767124e-02   -2.49607982e-04   -1.98631721e-05
25       3.16227766e+02    9.96020317e-01    6.29590742e-02   -2.50188992e-04   -1.58146044e-05
26       3.98107171e+02    9.97485297e-01    5.00837269e-02   -2.50556978e-04   -1.25804634e-05
27       5.01187234e+02    9.98411856e-01    3.98198725e-02   -2.50789719e-04   -1.00022997e-05
28       6.30957344e+02    9.98997361e-01    3.16485981e-02   -2.50936792e-04   -7.94976841e-06
29       7.94328235e+02    9.99367143e-01    2.51486805e-02   -2.51029677e-04   -6.31706292e-06
30       1.00000000e+03    9.99600601e-01    1.99809735e-02   -2.51088319e-04   -5.01899363e-06
31       1.25892541e+03    9.99747959e-01    1.58737912e-02   -2.51125333e-04   -3.98731606e-06
32       1.58489319e+03    9.99840958e-01    1.26101734e-02   -2.51148694e-04   -3.16753235e-06
33       1.99526231e+03    9.99899646e-01    1.00172047e-02   -2.51163435e-04   -2.51620807e-06
0        1.00000000e+00    3.95094021e-03    6.27322109e-02   -7.88316212e-07   -1.25167216e-05
1        1.25892541e+00    6.24738131e-03    7.87930932e-02   -1.24651645e-06   -1.57212890e-05
2        1.58489319e+00    9.86538350e-03    9.88334848e-02   -1.96840279e-06   -1.97198728e-05
3        1.99526231e+00    1.55458764e-02    1.23710154e-01   -3.10181013e-06   -2.46834208e-05
4        2.51188643e+00    2.44165419e-02    1.54338506e-01   -4.87174060e-06   -3.07945805e-05
5        3.16227766e+00    3.81527491e-02    1.91564915e-01   -7.61247424e-06   -3.82222257e-05
6        3.98107171e+00    5.91481251e-02    2.35901726e-01   -1.18016025e-05   -4.70685824e-05
7        5.01187234e+00    9.06088183e-02    2.87052017e-01   -1.80788361e-05   -5.72744072e-05
8        6.30957344e+00    1.36377758e-01    3.43189256e-01   -2.72109401e-05   -6.84752589e-05
9        7.94328235e+00    2.00176794e-01    4.00132534e-01   -3.99405213e-05   -7.98369367e-05
10       1.00000000e+01    2.84006747e-01    4.50940035e-01   -5.66667960e-05   -8.99743657e-05
11       1.25892541e+01    3.86000434e-01    4.86830668e-01   -7.70172119e-05   -9.71354885e-05
12       1.58489319e+01    4.99090323e-01    4.99999172e-01   -9.95816114e-05   -9.97629506e-05
13       1.99526231e+01    6.12273363e-01    4.87231661e-01   -1.22164597e-04   -9.72154973e-05
14       2.51188643e+01    7.14511088e-01    4.51646978e-01   -1.42563705e-04   -9.01154195e-05
15       3.16227766e+01    7.98655504e-01    4.01004850e-01   -1.59352723e-04   -8.00109865e-05
16       3.98107171e+01    8.62762845e-01    3.44097542e-01   -1.72143819e-04   -6.86564858e-05
17       5.01187234e+01    9.08789741e-01    2.87907880e-01   -1.81327392e-04   -5.74451743e-05
18       6.30957344e+01    9.40445587e-01    2.36659427e-01   -1.87643564e-04   -4.72197637e-05
19       7.94328235e+01    9.61579291e-01    1.92209672e-01   -1.91860292e-04   -3.83508715e-05
20       1.00000000e+02    9.75409506e-01    1.54873502e-01   -1.94619783e-04   -3.09013263e-05
21       1.25892541e+02    9.84342355e-01    1.24147023e-01   -1.96402121e-04   -2.47705876e-05
22       1.58489319e+02    9.90063276e-01    9.91866193e-02   -1.97543594e-04   -1.97903324e-05
23       1.99526231e+02    9.93707275e-01    7.90767124e-02   -1.98270668e-04   -1.57778784e-05
24       2.51188643e+02    9.96020317e-01    6.29590742e-02   -1.98732180e-04   -1.25619868e-05
25       3.16227766e+02    9.97485297e-01    5.00837269e-02   -1.99024482e-04   -9.99301729e-06
26       3.98107171e+02    9.98411856e-01    3.98198725e-02   -1.99209355e-04   -7.94510910e-06
27       5.01187234e+02    9.98997361e-01    3.16485981e-02   -1.99326179e-04   -6.31472550e-06
28       6.30957344e+02    9.99367143e-01    2.51486805e-02   -1.99399960e-04   -5.01782144e-06
29       7.94328235e+02    9.99600601e-01    1.99809735e-02   -1.99446541e-04   -3.98672835e-06
30       1.00000000e+03    9.99747959e-01    1.58737912e-02   -1.99475943e-04   -3.16723773e-06
31       1.25892541e+03    9.99840958e-01    1.26101734e-02   -1.99494498e-04   -2.51606038e-06
32       1.58489319e+03    9.99899646e-01    1.00172047e-02   -1.99506208e-04   -1.99869511e-06
33       1.99526231e+03    9.99936678e-01    7.95724326e-03   -1.99513597e-04   -1.58767876e-06
0        1.00000000e+00    6.24738131e-03    7.87930932e-02   -9.90143211e-07   -1.24878637e-05
1        1.25892541e+00    9.86538350e-03    9.88334848e-02   -1.56355791e-06   -1.56640517e-05
2        1.58489319e+00    1.55458764e-02    1.23710154e-01   -2.46385537e-06   -1.96067380e-05
3        1.99526231e+00    2.44165419e-02    1.54338506e-01   -3.86976111e-06   -2.44610047e-05
4        2.51188643e+00    3.81527491e-02    1.91564915e-01   -6.04680323e-06   -3.03609930e-05
5        3.16227766e+00    5.91481251e-02    2.35901726e-01   -9.37434608e-06   -3.73879040e-05
6        3.98107171e+00    9.06088183e-02    2.87052017e-01   -1.43605299e-05   -4.54946787e-05
7        5.01187234e+00    1.36377758e-01    3.43189256e-01   -2.16144180e-05   -5.43918315e-05
8        6.30957344e+00    2.00176794e-01    4.00132534e-01   -3.17258838e-05   -6.34167330e-05
9        7.94328235e+00    2.84006747e-01    4.50940035e-01   -4.50120360e-05   -7.14691791e-05
10       1.00000000e+01    3.86000434e-01    4.86830668e-01   -6.11769459e-05   -7.71574611e-05
11       1.25892541e+01    4.99090323e-01    4.99999172e-01   -7.91004856e-05   -7.92445285e-05
12       1.58489319e+01    6.12273363e-01    4.87231661e-01   -9.70387885e-05   -7.72210143e-05
13       1.99526231e+01    7.14511088e-01    4.51646978e-01   -1.13242376e-04   -7.15812221e-05
14       2.51188643e+01    7.98655504e-01    4.01004850e-01   -1.26578367e-04   -6.35549857e-05
15       3.16227766e+01    8.62762845e-01    3.44097542e-01   -1.36738696e-04   -5.45357851e-05
16       3.98107171e+01    9.08789741e-01    2.87907880e-01   -1.44033467e-04   -4.56303239e-05
17       5.01187234e+01    9.40445587e-01    2.36659427e-01   -1.49050581e-04   -3.75079915e-05
18       6.30957344e+01    9.61579291e-01    1.92209672e-01   -1.52400047e-04   -3.04631801e-05
19       7.94328235e+01    9.75409506e-01    1.54873502e-01   -1.54591989e-04   -2.45457960e-05
20       1.00000000e+02    9.84342355e-01    1.24147023e-01   -1.56007750e-04   -1.96759771e-05
21       1.25892541e+02    9.90063276e-01    9.91866193e-02   -1.56914455e-04   -1.57200198e-05
22       1.58489319e+02    9.93707275e-01    7.90767124e-02   -1.57491990e-04   -1.25328143e-05
23       1.99526231e+02    9.96020317e-01    6.29590742e-02   -1.57858582e-04   -9.97834081e-06
24       2.51188643e+02    9.97485297e-01    5.00837269e-02   -1.58090766e-04   -7.93773578e-06
25       3.16227766e+02    9.98411856e-01    3.98198725e-02   -1.58237615e-04   -6.31102449e-06
26       3.98107171e+02    9.98997361e-01    3.16485981e-02   -1.58330412e-04   -5.01596476e-06
27       5.01187234e+02    9.99367143e-01    2.51486805e-02   -1.58389018e-04   -3.98579725e-06
28       6.30957344e+02    9.99600601e-01    1.99809735e-02   -1.58426019e-04   -3.16677089e-06
29       7.94328235e+02    9.99747959e-01    1.58737912e-02   -1.58449373e-04   -2.51582635e-06
30       1.00000000e+03    9.99840958e-01    1.26101734e-02   -1.58464113e-04   -1.99857780e-06
31       1.25892541e+03    9.99899646e-01    1.00172047e-02   -1.58473414e-04   -1.58761996e-06
32       1.58489319e+03    9.99936678e-01    7.95724326e-03   -1.58479283e-04   -1.26113807e-06
33       1.99526231e+03    9.99960046e-01    6.32081070e-03   -1.58482987e-04   -1.00178098e-06
0        1.00000000e+00    9.86538350e-03    9.88334848e-02   -1.24197820e-06   -1.24423985e-05
1        1.25892541e+00    1.55458764e-02    1.23710154e-01   -1.95710989e-06   -1.55741856e-05
2        1.58489319e+00    2.44165419e-02    1.54338506e-01   -3.07386051e-06   -1.94300667e-05
3        1.99526231e+00    3.81527491e-02    1.91564915e-01   -4.80314653e-06   -2.41165940e-05
4        2.51188643e+00    5.91481251e-02    2.35901726e-01   -7.44630777e-06   -2.96982678e-05
5        3.16227766e+00    9.06088183e-02    2.87052017e-01   -1.14069744e-05   -3.61377078e-05
6        3.98107171e+00    1.36377758e-01    3.43189256e-01   -1.71689425e-05   -4.32049675e-05
7        5.01187234e+00    2.00176794e-01    4.00132534e-01   -2.52007652e-05   -5.03737015e-05
8        6.30957344e+00    2.84006747e-01    4.50940035e-01   -3.57543311e-05   -5.67699869e-05
9        7.94328235e+00    3.86000434e-01    4.86830668e-01   -4.85945755e-05   -6.12883499e-05
10       1.00000000e+01    4.99090323e-01    4.99999172e-01   -6.28317491e-05   -6.29461664e-05
11       1.25892541e+01    6.12273363e-01    4.87231661e-01   -7.70806496e-05   -6.13388320e-05
12       1.58489319e+01    7.14511088e-01    4.51646978e-01   -8.99516166e-05   -5.68589858e-05
13       1.99526231e+01    7.98655504e-01    4.01004850e-01   -1.00544771e-04   -5.04835196e-05
14       2.51188643e+01    8.62762845e-01    3.44097542e-01   -1.08615407e-04   -4.33193139e-05
15       3.16227766e+01    9.08789741e-01    2.87907880e-01   -1.14409850e-04   -3.62454547e-05
16       3.98107171e+01    9.40445587e-01    2.36659427e-01   -1.18395085e-04   -2.97936567e-05
17       5.01187234e+01    9.61579291e-01    1.92209672e-01   -1.21055661e-04   -2.41977640e-05
18       6.30957344e+01    9.75409506e-01    1.54873502e-01   -1.22796781e-04   -1.94974188e-05
19       7.94328235e+01    9.84342355e-01    1.24147023e-01   -1.23921360e-04   -1.56291842e-05
20       1.00000000e+02    9.90063276e-01    9.91866193e-02   -1.24641582e-04   -1.24868555e-05
21       1.25892541e+02    9.93707275e-01    7.90767124e-02   -1.25100334e-04   -9.95516827e-06
22       1.58489319e+02    9.96020317e-01    6.29590742e-02   -1.25391529e-04   -7.92607784e-06
23       1.99526231e+02    9.97485297e-01    5.00837269e-02   -1.25575959e-04   -6.30516765e-06
24       2.51188643e+02    9.98411856e-01    3.98198725e-02   -1.25692606e-04   -5.01302494e-06
25       3.16227766e+02    9.98997361e-01    3.16485981e-02   -1.25766316e-04   -3.98432244e-06
26       3.98107171e+02    9.99367143e-01    2.51486805e-02   -1.25812869e-04   -3.16603129e-06
27       5.01187234e+02    9.99600601e-01    1.99809735e-02   -1.25842260e-04   -2.51545553e-06
28       6.30957344e+02    9.99747959e-01    1.58737912e-02   -1.25860811e-04   -1.99839191e-06
29       7.94328235e+02    9.99840958e-01    1.26101734e-02   -1.25872519e-04   -1.58752678e-06
30       1.00000000e+03    9.99899646e-01    1.00172047e-02   -1.25879907e-04   -1.26109136e-06
31       1.25892541e+03    9.99936678e-01    7.95724326e-03   -1.25884569e-04   -1.00175757e-06
32       1.58489319e+03    9.99960046e-01    6.32081070e-03   -1.25887511e-04   -7.95742921e-07
33       1.99526231e+03    9.99974790e-01    5.02087243e-03   -1.25889367e-04   -6.32090390e-07
0        1.00000000e+00    1.55458764e-02    1.23710154e-01   -1.55458764e-06   -1.23710154e-05
1        1.25892541e+00    2.44165419e-02    1.54338506e-01   -2.44165419e-06   -1.54338506e-05
2        1.58489319e+00    3.81527491e-02    1.91564915e-01   -3.81527491e-06   -1.91564915e-05
3        1.99526231e+00    5.91481251e-02    2.35901726e-01   -5.91481251e-06   -2.35901726e-05
4        2.51188643e+00    9.06088183e-02    2.87052017e-01   -9.06088183e-06   -2.87052017e-05
5        3.16227766e+00    1.36377758e-01    3.43189256e-01   -1.36377758e-05   -3.43189256e-05
6        3.98107171e+00    2.00176794e-01    4.00132534e-01   -2.00176794e-05   -4.00132534e-05
7        5.01187234e+00    2.84006747e-01    4.50940035e-01   -2.84006747e-05   -4.50940035e-05
8        6.30957344e+00    3.86000434e-01    4.86830668e-01   -3.86000434e-05   -4.86830668e-05
9        7.94328235e+00    4.99090323e-01    4.99999172e-01   -4.99090323e-05   -4.99999172e-05
10       1.00000000e+01    6.12273363e-01    4.87231661e-01   -6.12273363e-05   -4.87231661e-05
11       1.25892541e+01    7.14511088e-01    4.51646978e-01   -7.14511088e-05   -4.51646978e-05
12       1.58489319e+01    7.98655504e-01    4.01004850e-01   -7.98655504e-05   -4.01004850e-05
13       1.99526231e+01    8.62762845e-01    3.44097542e-01   -8.62762845e-05   -3.44097542e-05
14       2.51188643e+01    9.08789741e-01    2.87907880e-01   -9.08789741e-05   -2.87907880e-05
15       3.16227766e+01    9.40445587e-01    2.36659427e-01   -9.40445587e-05   -2.36659427e-05
16       3.98107171e+01    9.61579291e-01    1.92209672e-01   -9.61579291e-05   -1.92209672e-05
17       5.01187234e+01    9.75409506e-01    1.54873502e-01   -9.75409506e-05   -1.54873502e-05
18       6.30957344e+01    9.84342355e-01    1.24147023e-01   -9.84342355e-05   -1.24147023e-05
19       7.94328235e+01    9.90063276e-01    9.91866193e-02   -9.90063276e-05   -9.91866193e-06
20       1.00000000e+02    9.93707275e-01    7.90767124e-02   -9.93707275e-05   -7.90767124e-06
21       1.25892541e+02    9.96020317e-01    6.29590742e-02   -9.96020317e-05   -6.29590742e-06
22       1.58489319e+02    9.97485297e-01    5.00837269e-02   -9.97485297e-05   -5.00837269e-06
23       1.99526231e+02    9.98411856e-01    3.98198725e-02   -9.98411856e-05   -3.98198725e-06
24       2.51188643e+02    9.98997361e-01    3.16485981e-02   -9.98997361e-05   -3.16485981e-06
25       3.16227766e+02    9.99367143e-01    2.51486805e-02   -9.99367143e-05   -2.51486805e-06
26       3.98107171e+02    9.99600601e-01    1.99809735e-02   -9.99600601e-05   -1.99809735e-06
27       5.01187234e+02    9.99747959e-01    1.58737912e-02   -9.99747959e-05   -1.58737912e-06
28       6.30957344e+02    9.99840958e-01    1.26101734e-02   -9.99840958e-05   -1.26101734e-06
29       7.94328235e+02    9.99899646e-01    1.00172047e-02   -9.99899646e-05   -1.00172047e-06
30       1.00000000e+03    9.99936678e-01    7.95724326e-03   -9.99936678e-05   -7.95724326e-07
31       1.25892541e+03    9.99960046e-01    6.32081070e-03   -9.99960046e-05   -6.32081070e-07
32       1.58489319e+03    9.99974790e-01    5.02087243e-03   -9.99974790e-05   -5.02087243e-07
33       1.99526231e+03    9.99984094e-01    3.98825784e-03   -9.99984094e-05   -3.98825784e-07
End of Xyce(TM) Parameter Sweep
