Index       V(4)            I(VMON1)          I(VMON2)            V(1)              V(2)       
0        0.00000000e+00    2.54397051e-16   -6.66407964e-18   -9.59076883e-11    1.33281593e-14
1        1.00000000e-02    4.33885397e-15    4.73740026e-13    9.99999836e-03    9.99999905e-03
2        2.00000000e-02    8.69198102e-15    1.16360841e-12    1.99999967e-02    1.99999977e-02
3        3.00000000e-02    1.35085044e-14    2.16827952e-12    2.99999949e-02    2.99999957e-02
4        4.00000000e-02    1.90188510e-14    3.63148892e-12    3.99999928e-02    3.99999927e-02
5        5.00000000e-02    2.55055560e-14    5.76259496e-12    4.99999904e-02    4.99999885e-02
6        6.00000000e-02    3.33252823e-14    8.86653521e-12    5.99999874e-02    5.99999823e-02
7        7.00000000e-02    4.29388523e-14    1.33874557e-11    6.99999838e-02    6.99999732e-02
8        8.00000000e-02    5.49526986e-14    1.99722516e-11    7.99999793e-02    7.99999601e-02
9        9.00000000e-02    7.01765502e-14    2.95631057e-11    8.99999735e-02    8.99999409e-02
10       1.00000000e-01    8.97042251e-14    4.35322521e-11    9.99999662e-02    9.99999129e-02
11       1.10000000e-01    1.15027305e-13    6.38782317e-11    1.09999957e-01    1.09999872e-01
12       1.20000000e-01    1.48195649e-13    9.35116860e-11    1.19999944e-01    1.19999813e-01
13       1.30000000e-01    1.92044692e-13    1.36671530e-10    1.29999928e-01    1.29999727e-01
14       1.40000000e-01    2.50518120e-13    1.99530970e-10    1.39999906e-01    1.39999601e-01
15       1.50000000e-01    3.29126884e-13    2.91079931e-10    1.49999876e-01    1.49999418e-01
16       1.60000000e-01    4.35603447e-13    4.24409944e-10    1.59999836e-01    1.59999151e-01
17       1.70000000e-01    5.80835925e-13    6.18584980e-10    1.69999781e-01    1.69998763e-01
18       1.80000000e-01    7.80204041e-13    9.01365340e-10    1.79999706e-01    1.79998197e-01
19       1.90000000e-01    1.05549255e-12    1.31317343e-09    1.89999602e-01    1.89997374e-01
20       2.00000000e-01    1.43763551e-12    1.91286740e-09    1.99999458e-01    1.99996174e-01
21       2.10000000e-01    1.97065683e-12    2.78614621e-09    2.09999257e-01    2.09994428e-01
22       2.20000000e-01    2.71733505e-12    4.05778491e-09    2.19998976e-01    2.19991884e-01
23       2.30000000e-01    3.76735424e-12    5.90944376e-09    2.29998580e-01    2.29988181e-01
24       2.40000000e-01    5.24904242e-12    8.60558790e-09    2.39998021e-01    2.39982789e-01
25       2.50000000e-01    7.34628848e-12    1.25312056e-08    2.49997230e-01    2.49974938e-01
26       2.60000000e-01    1.03229367e-11    1.82466857e-08    2.59996108e-01    2.59963507e-01
27       2.70000000e-01    1.45579802e-11    2.65676384e-08    2.69994512e-01    2.69946865e-01
28       2.80000000e-01    2.05963486e-11    3.86809557e-08    2.79992235e-01    2.79922638e-01
29       2.90000000e-01    2.92222051e-11    5.63134757e-08    2.89988983e-01    2.89887373e-01
30       3.00000000e-01    4.15647125e-11    8.19769164e-08    2.99984330e-01    2.99836046e-01
31       3.10000000e-01    5.92505668e-11    1.19323194e-07    3.09977663e-01    3.09761354e-01
32       3.20000000e-01    8.46237518e-11    1.73659111e-07    3.19968097e-01    3.19652682e-01
33       3.30000000e-01    1.21061595e-10    2.52690286e-07    3.29954360e-01    3.29494619e-01
34       3.40000000e-01    1.73428088e-10    3.67593124e-07    3.39934618e-01    3.39264814e-01
35       3.50000000e-01    2.48721396e-10    5.34552552e-07    3.49906232e-01    3.48930895e-01
36       3.60000000e-01    3.56992987e-10    7.76953572e-07    3.59865414e-01    3.58446093e-01
37       3.70000000e-01    5.12640266e-10    1.12847500e-06    3.69806735e-01    3.67743050e-01
38       3.80000000e-01    7.36199454e-10    1.63739597e-06    3.79722453e-01    3.76725208e-01
39       3.90000000e-01    1.05678129e-09    2.37246722e-06    3.89601593e-01    3.85255066e-01
40       4.00000000e-01    1.51527743e-09    3.43066788e-06    3.99428740e-01    3.93138664e-01
41       4.10000000e-01    2.16837980e-09    4.94696709e-06    4.09182521e-01    4.00106066e-01
42       4.20000000e-01    3.09323213e-09    7.10567463e-06    4.18833851e-01    4.05788651e-01
43       4.30000000e-01    4.39209078e-09    1.01518959e-05    4.28344182e-01    4.09696208e-01
44       4.40000000e-01    6.19566810e-09    1.43998910e-05    4.37664233e-01    4.11200218e-01
45       4.50000000e-01    8.66299831e-09    2.02330877e-05    4.46734050e-01    4.09533825e-01
46       4.60000000e-01    1.19752045e-08    2.80893208e-05    4.55485348e-01    4.03821358e-01
47       4.70000000e-01    1.63213372e-08    3.84267174e-05    4.63846856e-01    3.93146565e-01
48       4.80000000e-01    2.18771817e-08    5.16721885e-05    4.71752302e-01    3.76655623e-01
49       4.90000000e-01    2.87818622e-08    6.81639401e-05    4.79149238e-01    3.53672120e-01
50       5.00000000e-01    3.71196141e-08    8.81048231e-05    4.86005905e-01    3.23790354e-01
51       5.10000000e-01    4.69126929e-08    1.11533706e-04    4.92313915e-01    2.86932587e-01
52       5.20000000e-01    5.81265278e-08    1.38258063e-04    4.98086299e-01    2.43483874e-01
53       5.30000000e-01    7.06834404e-08    1.67256040e-04    5.03352343e-01    1.95487921e-01
54       5.40000000e-01    8.44795282e-08    1.93916274e-04    5.08151218e-01    1.52167452e-01
55       5.50000000e-01    9.93986785e-08    2.12477178e-04    5.12526698e-01    1.25045645e-01
56       5.60000000e-01    1.15322048e-07    2.24986525e-04    5.16523588e-01    1.10026951e-01
57       5.70000000e-01    1.32136648e-07    2.34541177e-04    5.20184484e-01    1.00917645e-01
58       5.80000000e-01    1.49739446e-07    2.42578547e-04    5.23548229e-01    9.48429069e-02
59       5.90000000e-01    1.68038516e-07    2.49746121e-04    5.26649479e-01    9.05077572e-02
60       6.00000000e-01    1.86953022e-07    2.56369623e-04    5.29518711e-01    8.72607534e-02
61       6.10000000e-01    2.06412482e-07    2.62630147e-04    5.32182494e-01    8.47397053e-02
62       6.20000000e-01    2.26355736e-07    2.68636483e-04    5.34663887e-01    8.27270335e-02
63       6.30000000e-01    2.46729820e-07    2.74458002e-04    5.36982858e-01    8.10839953e-02
64       6.40000000e-01    2.67488868e-07    2.80141047e-04    5.39156697e-01    7.97179069e-02
65       6.50000000e-01    2.88593113e-07    2.85717757e-04    5.41200396e-01    7.85644859e-02
66       6.60000000e-01    3.10008004e-07    2.91211122e-04    5.43126983e-01    7.75777566e-02
67       6.70000000e-01    3.31703436e-07    2.96638010e-04    5.44947805e-01    7.67239799e-02
68       6.80000000e-01    3.53653103e-07    3.02011074e-04    5.46672780e-01    7.59778520e-02
69       6.90000000e-01    3.75833938e-07    3.07339976e-04    5.48310605e-01    7.53200486e-02
70       7.00000000e-01    3.98225648e-07    3.12632223e-04    5.49868931e-01    7.47355536e-02
71       7.10000000e-01    4.20810313e-07    3.17893624e-04    5.51354512e-01    7.42127515e-02
72       7.20000000e-01    4.43572060e-07    3.23128746e-04    5.52773334e-01    7.37425081e-02
73       7.30000000e-01    4.66496785e-07    3.28341692e-04    5.54130712e-01    7.33166166e-02
74       7.40000000e-01    4.89571946e-07    3.33535564e-04    5.55431376e-01    7.29288718e-02
75       7.50000000e-01    5.12786238e-07    3.38712932e-04    5.56679588e-01    7.25741362e-02
76       7.60000000e-01    5.36129570e-07    3.43875914e-04    5.57879152e-01    7.22481713e-02
77       7.70000000e-01    5.59592852e-07    3.49026290e-04    5.59033495e-01    7.19474199e-02
78       7.80000000e-01    5.83167874e-07    3.54165559e-04    5.60145711e-01    7.16688828e-02
79       7.90000000e-01    6.06847209e-07    3.59294995e-04    5.61218602e-01    7.14100090e-02
80       8.00000000e-01    6.30624114e-07    3.64415685e-04    5.62254709e-01    7.11686302e-02
81       8.10000000e-01    6.54492453e-07    3.69528560e-04    5.63256345e-01    7.09428801e-02
82       8.20000000e-01    6.78446630e-07    3.74634427e-04    5.64225620e-01    7.07311469e-02
83       8.30000000e-01    7.02481530e-07    3.79733984e-04    5.65164463e-01    7.05320322e-02
84       8.40000000e-01    7.26592463e-07    3.84827842e-04    5.66074642e-01    7.03443169e-02
85       8.50000000e-01    7.50775125e-07    3.89916533e-04    5.66957778e-01    7.01669338e-02
86       8.60000000e-01    7.75025555e-07    3.95000528e-04    5.67815366e-01    6.99989445e-02
87       8.70000000e-01    7.99340100e-07    4.00080239e-04    5.68648782e-01    6.98395210e-02
88       8.80000000e-01    8.23715387e-07    4.05156037e-04    5.69459299e-01    6.96879263e-02
89       8.90000000e-01    8.48148295e-07    4.10228246e-04    5.70248093e-01    6.95435089e-02
90       9.00000000e-01    8.72635929e-07    4.15297155e-04    5.71016255e-01    6.94056909e-02
91       9.10000000e-01    8.97175601e-07    4.20363024e-04    5.71764799e-01    6.92739522e-02
92       9.20000000e-01    9.21764812e-07    4.25426087e-04    5.72494666e-01    6.91478266e-02
93       9.30000000e-01    9.46401235e-07    4.30486553e-04    5.73206734e-01    6.90268946e-02
94       9.40000000e-01    9.71082697e-07    4.35544611e-04    5.73901823e-01    6.89107777e-02
95       9.50000000e-01    9.95807169e-07    4.40600433e-04    5.74580697e-01    6.87991337e-02
96       9.60000000e-01    1.02057275e-06    4.45654174e-04    5.75244072e-01    6.86916527e-02
97       9.70000000e-01    1.04537767e-06    4.50705974e-04    5.75892618e-01    6.85880527e-02
98       9.80000000e-01    1.07022026e-06    4.55755961e-04    5.76526964e-01    6.84880774e-02
99       9.90000000e-01    1.09509894e-06    4.60804254e-04    5.77147700e-01    6.83914926e-02
100      1.00000000e+00    1.12001225e-06    4.65850958e-04    5.77755381e-01    6.82980843e-02
101      1.01000000e+00    1.14495880e-06    4.70896172e-04    5.78350531e-01    6.82076565e-02
102      1.02000000e+00    1.16993729e-06    4.75939985e-04    5.78933641e-01    6.81200294e-02
103      1.03000000e+00    1.19494648e-06    4.80982481e-04    5.79505176e-01    6.80350375e-02
104      1.04000000e+00    1.21998521e-06    4.86023736e-04    5.80065574e-01    6.79525284e-02
105      1.05000000e+00    1.24505238e-06    4.91063822e-04    5.80615252e-01    6.78723562e-02
106      1.06000000e+00    1.27014695e-06    4.96102802e-04    5.81154599e-01    6.77943961e-02
107      1.07000000e+00    1.29526793e-06    5.01140736e-04    5.81683989e-01    6.77185286e-02
108      1.08000000e+00    1.32041439e-06    5.06177679e-04    5.82203774e-01    6.76446422e-02
109      1.09000000e+00    1.34558544e-06    5.11213683e-04    5.82714287e-01    6.75726336e-02
110      1.10000000e+00    1.37078025e-06    5.16248797e-04    5.83215847e-01    6.75024069e-02
111      1.11000000e+00    1.39599800e-06    5.21283064e-04    5.83708754e-01    6.74338726e-02
112      1.12000000e+00    1.42123794e-06    5.26316527e-04    5.84193296e-01    6.73669450e-02
113      1.13000000e+00    1.44649935e-06    5.31349227e-04    5.84669745e-01    6.73015452e-02
114      1.14000000e+00    1.47178153e-06    5.36381198e-04    5.85138362e-01    6.72376044e-02
115      1.15000000e+00    1.49708384e-06    5.41412473e-04    5.85599394e-01    6.71750549e-02
116      1.16000000e+00    1.52240563e-06    5.46443083e-04    5.86053079e-01    6.71138332e-02
117      1.17000000e+00    1.54774631e-06    5.51473060e-04    5.86499641e-01    6.70538798e-02
118      1.18000000e+00    1.57310531e-06    5.56502431e-04    5.86939297e-01    6.69951389e-02
119      1.19000000e+00    1.59848209e-06    5.61531221e-04    5.87372253e-01    6.69375579e-02
120      1.20000000e+00    1.62387611e-06    5.66559456e-04    5.87798706e-01    6.68810877e-02
121      1.21000000e+00    1.64928688e-06    5.71587159e-04    5.88218844e-01    6.68256818e-02
122      1.22000000e+00    1.67471393e-06    5.76614352e-04    5.88632849e-01    6.67712965e-02
123      1.23000000e+00    1.70015678e-06    5.81641055e-04    5.89040894e-01    6.67178907e-02
124      1.24000000e+00    1.72561500e-06    5.86667287e-04    5.89443144e-01    6.66654255e-02
125      1.25000000e+00    1.75108817e-06    5.91693068e-04    5.89839760e-01    6.66138642e-02
126      1.26000000e+00    1.77657588e-06    5.96718414e-04    5.90230893e-01    6.65631721e-02
127      1.27000000e+00    1.80207774e-06    6.01743342e-04    5.90616691e-01    6.65133163e-02
128      1.28000000e+00    1.82759338e-06    6.06767867e-04    5.90997294e-01    6.64642659e-02
129      1.29000000e+00    1.85312244e-06    6.11792004e-04    5.91372840e-01    6.64159913e-02
130      1.30000000e+00    1.87866457e-06    6.16815768e-04    5.91743457e-01    6.63684647e-02
131      1.31000000e+00    1.90421944e-06    6.21839170e-04    5.92109271e-01    6.63216596e-02
132      1.32000000e+00    1.92978673e-06    6.26862225e-04    5.92470403e-01    6.62755507e-02
133      1.33000000e+00    1.95536613e-06    6.31884943e-04    5.92826971e-01    6.62301143e-02
134      1.34000000e+00    1.98095734e-06    6.36907336e-04    5.93179085e-01    6.61853276e-02
135      1.35000000e+00    2.00656007e-06    6.41929415e-04    5.93526853e-01    6.61411690e-02
136      1.36000000e+00    2.03217406e-06    6.46951191e-04    5.93870381e-01    6.60976179e-02
137      1.37000000e+00    2.05779902e-06    6.51972673e-04    5.94209769e-01    6.60546546e-02
138      1.38000000e+00    2.08343471e-06    6.56993870e-04    5.94545113e-01    6.60122606e-02
139      1.39000000e+00    2.10908088e-06    6.62014791e-04    5.94876507e-01    6.59704178e-02
140      1.40000000e+00    2.13473729e-06    6.67035445e-04    5.95204043e-01    6.59291093e-02
141      1.41000000e+00    2.16040369e-06    6.72055841e-04    5.95527807e-01    6.58883189e-02
142      1.42000000e+00    2.18607988e-06    6.77075985e-04    5.95847885e-01    6.58480310e-02
143      1.43000000e+00    2.21176563e-06    6.82095885e-04    5.96164357e-01    6.58082307e-02
144      1.44000000e+00    2.23746073e-06    6.87115548e-04    5.96477304e-01    6.57689038e-02
145      1.45000000e+00    2.26316498e-06    6.92134982e-04    5.96786801e-01    6.57300367e-02
146      1.46000000e+00    2.28887819e-06    6.97154192e-04    5.97092923e-01    6.56916164e-02
147      1.47000000e+00    2.31460016e-06    7.02173185e-04    5.97395741e-01    6.56536304e-02
148      1.48000000e+00    2.34033070e-06    7.07191967e-04    5.97695325e-01    6.56160667e-02
149      1.49000000e+00    2.36606965e-06    7.12210543e-04    5.97991743e-01    6.55789139e-02
150      1.50000000e+00    2.39181682e-06    7.17228920e-04    5.98285060e-01    6.55421608e-02
151      1.51000000e+00    2.41757205e-06    7.22247101e-04    5.98575339e-01    6.55057970e-02
152      1.52000000e+00    2.44333517e-06    7.27265094e-04    5.98862642e-01    6.54698123e-02
153      1.53000000e+00    2.46910603e-06    7.32282902e-04    5.99147027e-01    6.54341969e-02
154      1.54000000e+00    2.49488447e-06    7.37300529e-04    5.99428554e-01    6.53989414e-02
155      1.55000000e+00    2.52067035e-06    7.42317981e-04    5.99707278e-01    6.53640372e-02
156      1.56000000e+00    2.54646352e-06    7.47335265e-04    5.99983254e-01    6.53294691e-02
157      1.57000000e+00    2.57226384e-06    7.52352382e-04    6.00256534e-01    6.52952351e-02
158      1.58000000e+00    2.59807117e-06    7.57369337e-04    6.00527170e-01    6.52613268e-02
159      1.59000000e+00    2.62388538e-06    7.62386132e-04    6.00795213e-01    6.52277367e-02
160      1.60000000e+00    2.64970634e-06    7.67402771e-04    6.01060710e-01    6.51944571e-02
161      1.61000000e+00    2.67553393e-06    7.72419260e-04    6.01323710e-01    6.51614810e-02
162      1.62000000e+00    2.70136802e-06    7.77435599e-04    6.01584257e-01    6.51288013e-02
163      1.63000000e+00    2.72720850e-06    7.82451794e-04    6.01842397e-01    6.50964113e-02
164      1.64000000e+00    2.75305524e-06    7.87467848e-04    6.02098173e-01    6.50643046e-02
165      1.65000000e+00    2.77890815e-06    7.92483763e-04    6.02351629e-01    6.50324749e-02
166      1.66000000e+00    2.80476710e-06    7.97499542e-04    6.02602803e-01    6.50009162e-02
167      1.67000000e+00    2.83063199e-06    8.02515189e-04    6.02851738e-01    6.49696225e-02
168      1.68000000e+00    2.85650273e-06    8.07530706e-04    6.03098473e-01    6.49385880e-02
169      1.69000000e+00    2.88237919e-06    8.12546099e-04    6.03343044e-01    6.49078026e-02
170      1.70000000e+00    2.90826130e-06    8.17561367e-04    6.03585490e-01    6.48772660e-02
171      1.71000000e+00    2.93414895e-06    8.22576513e-04    6.03825846e-01    6.48469731e-02
172      1.72000000e+00    2.96004205e-06    8.27591541e-04    6.04064148e-01    6.48169190e-02
173      1.73000000e+00    2.98594050e-06    8.32606451e-04    6.04300430e-01    6.47870987e-02
174      1.74000000e+00    3.01184423e-06    8.37621246e-04    6.04534727e-01    6.47575078e-02
175      1.75000000e+00    3.03775313e-06    8.42635929e-04    6.04767069e-01    6.47281416e-02
176      1.76000000e+00    3.06366713e-06    8.47650502e-04    6.04997490e-01    6.46989959e-02
177      1.77000000e+00    3.08958615e-06    8.52664967e-04    6.05226021e-01    6.46700665e-02
178      1.78000000e+00    3.11551010e-06    8.57679325e-04    6.05452692e-01    6.46413492e-02
179      1.79000000e+00    3.14143891e-06    8.62693580e-04    6.05677533e-01    6.46128400e-02
180      1.80000000e+00    3.16737249e-06    8.67707732e-04    6.05900572e-01    6.45845352e-02
181      1.81000000e+00    3.19331078e-06    8.72721785e-04    6.06121838e-01    6.45564310e-02
182      1.82000000e+00    3.21925369e-06    8.77735738e-04    6.06341359e-01    6.45285237e-02
183      1.83000000e+00    3.24520116e-06    8.82749595e-04    6.06559161e-01    6.45008098e-02
184      1.84000000e+00    3.27115313e-06    8.87763357e-04    6.06775271e-01    6.44732859e-02
185      1.85000000e+00    3.29710951e-06    8.92777026e-04    6.06989716e-01    6.44459487e-02
186      1.86000000e+00    3.32307024e-06    8.97790603e-04    6.07202519e-01    6.44187949e-02
187      1.87000000e+00    3.34903526e-06    9.02804089e-04    6.07413706e-01    6.43918215e-02
188      1.88000000e+00    3.37500451e-06    9.07817487e-04    6.07623301e-01    6.43650252e-02
189      1.89000000e+00    3.40097791e-06    9.12830798e-04    6.07831327e-01    6.43384033e-02
190      1.90000000e+00    3.42695542e-06    9.17844024e-04    6.08037807e-01    6.43119527e-02
191      1.91000000e+00    3.45293696e-06    9.22857165e-04    6.08242765e-01    6.42856706e-02
192      1.92000000e+00    3.47892249e-06    9.27870223e-04    6.08446221e-01    6.42595544e-02
193      1.93000000e+00    3.50491194e-06    9.32883199e-04    6.08648198e-01    6.42336014e-02
194      1.94000000e+00    3.53090526e-06    9.37896096e-04    6.08848716e-01    6.42078089e-02
195      1.95000000e+00    3.55690239e-06    9.42908913e-04    6.09047797e-01    6.41821744e-02
196      1.96000000e+00    3.58290329e-06    9.47921652e-04    6.09245461e-01    6.41566955e-02
197      1.97000000e+00    3.60890789e-06    9.52934315e-04    6.09441727e-01    6.41313697e-02
198      1.98000000e+00    3.63491614e-06    9.57946903e-04    6.09636615e-01    6.41061948e-02
199      1.99000000e+00    3.66092800e-06    9.62959416e-04    6.09830144e-01    6.40811684e-02
200      2.00000000e+00    3.68694342e-06    9.67971856e-04    6.10022332e-01    6.40562883e-02
201      2.01000000e+00    3.71296234e-06    9.72984224e-04    6.10213198e-01    6.40315524e-02
202      2.02000000e+00    3.73898472e-06    9.77996521e-04    6.10402759e-01    6.40069585e-02
203      2.03000000e+00    3.76501052e-06    9.83008748e-04    6.10591034e-01    6.39825046e-02
204      2.04000000e+00    3.79103501e-06    9.88021104e-04    6.10779800e-01    6.39577922e-02
205      2.05000000e+00    3.81706745e-06    9.93033196e-04    6.10965573e-01    6.39336073e-02
206      2.06000000e+00    3.84310316e-06    9.98045222e-04    6.11150111e-01    6.39095561e-02
207      2.07000000e+00    3.86914210e-06    1.00305718e-03    6.11333428e-01    6.38856370e-02
208      2.08000000e+00    3.89518424e-06    1.00806908e-03    6.11515542e-01    6.38618482e-02
209      2.09000000e+00    3.92122953e-06    1.01308091e-03    6.11696466e-01    6.38381879e-02
210      2.10000000e+00    3.94727794e-06    1.01809267e-03    6.11876218e-01    6.38146544e-02
211      2.11000000e+00    3.97332941e-06    1.02310438e-03    6.12054811e-01    6.37912460e-02
212      2.12000000e+00    3.99938393e-06    1.02811602e-03    6.12232260e-01    6.37679609e-02
213      2.13000000e+00    4.02544143e-06    1.03312760e-03    6.12408580e-01    6.37447976e-02
214      2.14000000e+00    4.05150190e-06    1.03813912e-03    6.12583785e-01    6.37217544e-02
215      2.15000000e+00    4.07756528e-06    1.04315059e-03    6.12757889e-01    6.36988299e-02
216      2.16000000e+00    4.10363155e-06    1.04816199e-03    6.12930905e-01    6.36760224e-02
217      2.17000000e+00    4.12970067e-06    1.05317333e-03    6.13102847e-01    6.36533304e-02
218      2.18000000e+00    4.15577261e-06    1.05818462e-03    6.13273727e-01    6.36307526e-02
219      2.19000000e+00    4.18184732e-06    1.06319586e-03    6.13443559e-01    6.36082875e-02
220      2.20000000e+00    4.20792479e-06    1.06820703e-03    6.13612356e-01    6.35859336e-02
221      2.21000000e+00    4.23400496e-06    1.07321816e-03    6.13780129e-01    6.35636897e-02
222      2.22000000e+00    4.26008782e-06    1.07822922e-03    6.13946892e-01    6.35415543e-02
223      2.23000000e+00    4.28617333e-06    1.08324024e-03    6.14112655e-01    6.35195262e-02
224      2.24000000e+00    4.31226145e-06    1.08825120e-03    6.14277432e-01    6.34976040e-02
225      2.25000000e+00    4.33835217e-06    1.09326211e-03    6.14441232e-01    6.34757865e-02
226      2.26000000e+00    4.36444544e-06    1.09827296e-03    6.14604069e-01    6.34540725e-02
227      2.27000000e+00    4.39054124e-06    1.10328377e-03    6.14765952e-01    6.34324608e-02
228      2.28000000e+00    4.41663954e-06    1.10829452e-03    6.14926893e-01    6.34109501e-02
229      2.29000000e+00    4.44274031e-06    1.11330523e-03    6.15086903e-01    6.33895394e-02
230      2.30000000e+00    4.46884352e-06    1.11831589e-03    6.15245993e-01    6.33682274e-02
231      2.31000000e+00    4.49494915e-06    1.12332649e-03    6.15404172e-01    6.33470130e-02
232      2.32000000e+00    4.52105716e-06    1.12833705e-03    6.15561451e-01    6.33258952e-02
233      2.33000000e+00    4.54716753e-06    1.13334756e-03    6.15717840e-01    6.33048729e-02
234      2.34000000e+00    4.57328024e-06    1.13835803e-03    6.15873349e-01    6.32839450e-02
235      2.35000000e+00    4.59939526e-06    1.14336844e-03    6.16027988e-01    6.32631105e-02
236      2.36000000e+00    4.62551256e-06    1.14837882e-03    6.16181766e-01    6.32423671e-02
237      2.37000000e+00    4.65163211e-06    1.15338914e-03    6.16334693e-01    6.32217122e-02
238      2.38000000e+00    4.67775390e-06    1.15839943e-03    6.16486778e-01    6.32011477e-02
239      2.39000000e+00    4.70387790e-06    1.16340966e-03    6.16638031e-01    6.31806726e-02
240      2.40000000e+00    4.73000409e-06    1.16841986e-03    6.16788459e-01    6.31602861e-02
241      2.41000000e+00    4.75613243e-06    1.17343001e-03    6.16938073e-01    6.31399872e-02
242      2.42000000e+00    4.78226292e-06    1.17844011e-03    6.17086880e-01    6.31197750e-02
243      2.43000000e+00    4.80839552e-06    1.18345018e-03    6.17234889e-01    6.30996485e-02
244      2.44000000e+00    4.83453021e-06    1.18846020e-03    6.17382110e-01    6.30796070e-02
245      2.45000000e+00    4.86066698e-06    1.19347018e-03    6.17528549e-01    6.30596496e-02
246      2.46000000e+00    4.88680579e-06    1.19848011e-03    6.17674216e-01    6.30397754e-02
247      2.47000000e+00    4.91294664e-06    1.20349001e-03    6.17819117e-01    6.30199836e-02
248      2.48000000e+00    4.93908949e-06    1.20849986e-03    6.17963262e-01    6.30002733e-02
249      2.49000000e+00    4.96523433e-06    1.21350968e-03    6.18106658e-01    6.29806439e-02
250      2.50000000e+00    4.99138113e-06    1.21851945e-03    6.18249312e-01    6.29610944e-02
251      2.51000000e+00    5.01752989e-06    1.22352919e-03    6.18391233e-01    6.29416241e-02
252      2.52000000e+00    5.04368057e-06    1.22853888e-03    6.18532427e-01    6.29222322e-02
253      2.53000000e+00    5.06983315e-06    1.23354854e-03    6.18672902e-01    6.29029181e-02
254      2.54000000e+00    5.09598763e-06    1.23855816e-03    6.18812665e-01    6.28836809e-02
255      2.55000000e+00    5.12214397e-06    1.24356774e-03    6.18951724e-01    6.28645199e-02
256      2.56000000e+00    5.14830216e-06    1.24857728e-03    6.19090084e-01    6.28454345e-02
257      2.57000000e+00    5.17446219e-06    1.25358679e-03    6.19227754e-01    6.28264238e-02
258      2.58000000e+00    5.20062403e-06    1.25859626e-03    6.19364740e-01    6.28074874e-02
259      2.59000000e+00    5.22678767e-06    1.26360569e-03    6.19501049e-01    6.27886243e-02
260      2.60000000e+00    5.25295309e-06    1.26861508e-03    6.19636686e-01    6.27698340e-02
261      2.61000000e+00    5.27912027e-06    1.27362444e-03    6.19771660e-01    6.27511159e-02
262      2.62000000e+00    5.30528919e-06    1.27863377e-03    6.19905976e-01    6.27324692e-02
263      2.63000000e+00    5.33145984e-06    1.28364305e-03    6.20039640e-01    6.27138934e-02
264      2.64000000e+00    5.35763220e-06    1.28865231e-03    6.20172659e-01    6.26953878e-02
265      2.65000000e+00    5.38380626e-06    1.29366152e-03    6.20305039e-01    6.26769518e-02
266      2.66000000e+00    5.40998200e-06    1.29867071e-03    6.20436786e-01    6.26585847e-02
267      2.67000000e+00    5.43615940e-06    1.30367986e-03    6.20567906e-01    6.26402861e-02
268      2.68000000e+00    5.46233845e-06    1.30868897e-03    6.20698404e-01    6.26220553e-02
269      2.69000000e+00    5.48851913e-06    1.31369805e-03    6.20828288e-01    6.26038916e-02
270      2.70000000e+00    5.51470143e-06    1.31870710e-03    6.20957561e-01    6.25857947e-02
271      2.71000000e+00    5.54088533e-06    1.32371612e-03    6.21086231e-01    6.25677638e-02
272      2.72000000e+00    5.56707082e-06    1.32872510e-03    6.21214302e-01    6.25497984e-02
273      2.73000000e+00    5.59325788e-06    1.33373405e-03    6.21341780e-01    6.25318980e-02
274      2.74000000e+00    5.61944650e-06    1.33874297e-03    6.21468671e-01    6.25140621e-02
275      2.75000000e+00    5.64563666e-06    1.34375185e-03    6.21594979e-01    6.24962901e-02
276      2.76000000e+00    5.67182835e-06    1.34876071e-03    6.21720711e-01    6.24785814e-02
277      2.77000000e+00    5.69802156e-06    1.35376953e-03    6.21845871e-01    6.24609357e-02
278      2.78000000e+00    5.72421628e-06    1.35877832e-03    6.21970464e-01    6.24433523e-02
279      2.79000000e+00    5.75041248e-06    1.36378708e-03    6.22094496e-01    6.24258308e-02
280      2.80000000e+00    5.77661016e-06    1.36879581e-03    6.22217971e-01    6.24083706e-02
281      2.81000000e+00    5.80280930e-06    1.37380451e-03    6.22340894e-01    6.23909713e-02
282      2.82000000e+00    5.82900989e-06    1.37881318e-03    6.22463271e-01    6.23736325e-02
283      2.83000000e+00    5.85521192e-06    1.38382182e-03    6.22585106e-01    6.23563535e-02
284      2.84000000e+00    5.88141537e-06    1.38883043e-03    6.22706404e-01    6.23391340e-02
285      2.85000000e+00    5.90762024e-06    1.39383901e-03    6.22827169e-01    6.23219736e-02
286      2.86000000e+00    5.93382651e-06    1.39884756e-03    6.22947406e-01    6.23048716e-02
287      2.87000000e+00    5.96003416e-06    1.40385609e-03    6.23067120e-01    6.22878278e-02
288      2.88000000e+00    5.98624320e-06    1.40886458e-03    6.23186315e-01    6.22708416e-02
289      2.89000000e+00    6.01245359e-06    1.41387304e-03    6.23304995e-01    6.22539127e-02
290      2.90000000e+00    6.03866534e-06    1.41888148e-03    6.23423166e-01    6.22370405e-02
291      2.91000000e+00    6.06487843e-06    1.42388989e-03    6.23540831e-01    6.22202247e-02
292      2.92000000e+00    6.09109285e-06    1.42889827e-03    6.23657994e-01    6.22034648e-02
293      2.93000000e+00    6.11730859e-06    1.43390662e-03    6.23774660e-01    6.21867605e-02
294      2.94000000e+00    6.14352564e-06    1.43891494e-03    6.23890833e-01    6.21701113e-02
295      2.95000000e+00    6.16974399e-06    1.44392324e-03    6.24006517e-01    6.21535168e-02
296      2.96000000e+00    6.19596362e-06    1.44893151e-03    6.24121716e-01    6.21369766e-02
297      2.97000000e+00    6.22218452e-06    1.45393975e-03    6.24236435e-01    6.21204904e-02
298      2.98000000e+00    6.24840669e-06    1.45894797e-03    6.24350676e-01    6.21040577e-02
299      2.99000000e+00    6.27463012e-06    1.46395616e-03    6.24464445e-01    6.20876781e-02
300      3.00000000e+00    6.30085479e-06    1.46896432e-03    6.24577744e-01    6.20713514e-02
301      3.01000000e+00    6.32708069e-06    1.47397246e-03    6.24690578e-01    6.20550770e-02
302      3.02000000e+00    6.35330782e-06    1.47898057e-03    6.24802951e-01    6.20388547e-02
303      3.03000000e+00    6.37953617e-06    1.48398866e-03    6.24914865e-01    6.20226840e-02
304      3.04000000e+00    6.40576571e-06    1.48899672e-03    6.25026326e-01    6.20065647e-02
305      3.05000000e+00    6.43199646e-06    1.49400475e-03    6.25137336e-01    6.19904963e-02
306      3.06000000e+00    6.45822838e-06    1.49901276e-03    6.25247899e-01    6.19744785e-02
307      3.07000000e+00    6.48446149e-06    1.50402074e-03    6.25358019e-01    6.19585110e-02
308      3.08000000e+00    6.51069576e-06    1.50902870e-03    6.25467700e-01    6.19425934e-02
309      3.09000000e+00    6.53693118e-06    1.51403664e-03    6.25576943e-01    6.19267254e-02
310      3.10000000e+00    6.56316776e-06    1.51904455e-03    6.25685754e-01    6.19109066e-02
311      3.11000000e+00    6.58940548e-06    1.52405243e-03    6.25794136e-01    6.18951367e-02
312      3.12000000e+00    6.61564432e-06    1.52906029e-03    6.25902091e-01    6.18794154e-02
313      3.13000000e+00    6.64188429e-06    1.53406813e-03    6.26009623e-01    6.18637424e-02
314      3.14000000e+00    6.66812537e-06    1.53907594e-03    6.26116736e-01    6.18481173e-02
315      3.15000000e+00    6.69436755e-06    1.54408373e-03    6.26223432e-01    6.18325399e-02
316      3.16000000e+00    6.72061083e-06    1.54909150e-03    6.26329715e-01    6.18170097e-02
317      3.17000000e+00    6.74685520e-06    1.55409924e-03    6.26435589e-01    6.18015266e-02
318      3.18000000e+00    6.77310065e-06    1.55910695e-03    6.26541055e-01    6.17860902e-02
319      3.19000000e+00    6.79934717e-06    1.56411465e-03    6.26646117e-01    6.17707001e-02
320      3.20000000e+00    6.82559475e-06    1.56912232e-03    6.26750779e-01    6.17553562e-02
321      3.21000000e+00    6.85184339e-06    1.57412997e-03    6.26855043e-01    6.17400581e-02
322      3.22000000e+00    6.87809307e-06    1.57913760e-03    6.26958913e-01    6.17248055e-02
323      3.23000000e+00    6.90434379e-06    1.58414520e-03    6.27062391e-01    6.17095981e-02
324      3.24000000e+00    6.93059555e-06    1.58915278e-03    6.27165479e-01    6.16944357e-02
325      3.25000000e+00    6.95684832e-06    1.59416034e-03    6.27268182e-01    6.16793179e-02
326      3.26000000e+00    6.98310212e-06    1.59916788e-03    6.27370502e-01    6.16642446e-02
327      3.27000000e+00    7.00935692e-06    1.60417539e-03    6.27472441e-01    6.16492153e-02
328      3.28000000e+00    7.03561272e-06    1.60918289e-03    6.27574004e-01    6.16342299e-02
329      3.29000000e+00    7.06186952e-06    1.61419036e-03    6.27675191e-01    6.16192880e-02
330      3.30000000e+00    7.08812730e-06    1.61919781e-03    6.27776006e-01    6.16043894e-02
331      3.31000000e+00    7.11438607e-06    1.62420523e-03    6.27876452e-01    6.15895339e-02
332      3.32000000e+00    7.14064580e-06    1.62921264e-03    6.27976532e-01    6.15747211e-02
333      3.33000000e+00    7.16690651e-06    1.63422002e-03    6.28076247e-01    6.15599509e-02
334      3.34000000e+00    7.19316817e-06    1.63922739e-03    6.28175601e-01    6.15452229e-02
335      3.35000000e+00    7.21943078e-06    1.64423473e-03    6.28274597e-01    6.15305369e-02
336      3.36000000e+00    7.24569433e-06    1.64924205e-03    6.28373236e-01    6.15158927e-02
337      3.37000000e+00    7.27195883e-06    1.65424936e-03    6.28471521e-01    6.15012893e-02
338      3.38000000e+00    7.29822425e-06    1.65925664e-03    6.28569456e-01    6.14867246e-02
339      3.39000000e+00    7.32449061e-06    1.66426390e-03    6.28667042e-01    6.14722011e-02
340      3.40000000e+00    7.35075787e-06    1.66927114e-03    6.28764281e-01    6.14577183e-02
341      3.41000000e+00    7.37702606e-06    1.67427836e-03    6.28861177e-01    6.14432762e-02
342      3.42000000e+00    7.40329514e-06    1.67928556e-03    6.28957731e-01    6.14288743e-02
343      3.43000000e+00    7.42956513e-06    1.68429274e-03    6.29053947e-01    6.14145125e-02
344      3.44000000e+00    7.45583601e-06    1.68929990e-03    6.29149825e-01    6.14001906e-02
345      3.45000000e+00    7.48210777e-06    1.69430705e-03    6.29245370e-01    6.13859084e-02
346      3.46000000e+00    7.50838042e-06    1.69931417e-03    6.29340582e-01    6.13716655e-02
347      3.47000000e+00    7.53465394e-06    1.70432127e-03    6.29435465e-01    6.13574618e-02
348      3.48000000e+00    7.56092833e-06    1.70932835e-03    6.29530020e-01    6.13432971e-02
349      3.49000000e+00    7.58720358e-06    1.71433541e-03    6.29624250e-01    6.13291712e-02
350      3.50000000e+00    7.61347969e-06    1.71934246e-03    6.29718157e-01    6.13150837e-02
351      3.51000000e+00    7.63975665e-06    1.72434948e-03    6.29811743e-01    6.13010346e-02
352      3.52000000e+00    7.66603445e-06    1.72935649e-03    6.29905011e-01    6.12870236e-02
353      3.53000000e+00    7.69231310e-06    1.73436347e-03    6.29997962e-01    6.12730504e-02
354      3.54000000e+00    7.71859258e-06    1.73937044e-03    6.30090598e-01    6.12591149e-02
355      3.55000000e+00    7.74487288e-06    1.74437739e-03    6.30182922e-01    6.12452169e-02
356      3.56000000e+00    7.77115401e-06    1.74938432e-03    6.30274937e-01    6.12313562e-02
357      3.57000000e+00    7.79743596e-06    1.75439123e-03    6.30366643e-01    6.12175325e-02
358      3.58000000e+00    7.82371872e-06    1.75939813e-03    6.30458042e-01    6.12037457e-02
359      3.59000000e+00    7.85000229e-06    1.76440500e-03    6.30549138e-01    6.11899956e-02
360      3.60000000e+00    7.87628665e-06    1.76941186e-03    6.30639932e-01    6.11762819e-02
361      3.61000000e+00    7.90257181e-06    1.77441870e-03    6.30730426e-01    6.11626045e-02
362      3.62000000e+00    7.92885777e-06    1.77942552e-03    6.30820621e-01    6.11489631e-02
363      3.63000000e+00    7.95514451e-06    1.78443232e-03    6.30910521e-01    6.11353576e-02
364      3.64000000e+00    7.98143203e-06    1.78943911e-03    6.31000126e-01    6.11217878e-02
365      3.65000000e+00    8.00772032e-06    1.79444587e-03    6.31089439e-01    6.11082536e-02
366      3.66000000e+00    8.03400939e-06    1.79945262e-03    6.31178461e-01    6.10947546e-02
367      3.67000000e+00    8.06029922e-06    1.80445935e-03    6.31267195e-01    6.10812908e-02
368      3.68000000e+00    8.08658981e-06    1.80946607e-03    6.31355642e-01    6.10678619e-02
369      3.69000000e+00    8.11288116e-06    1.81447277e-03    6.31443804e-01    6.10544677e-02
370      3.70000000e+00    8.13917325e-06    1.81947945e-03    6.31531683e-01    6.10411082e-02
371      3.71000000e+00    8.16546610e-06    1.82448611e-03    6.31619281e-01    6.10277830e-02
372      3.72000000e+00    8.19175968e-06    1.82949275e-03    6.31706600e-01    6.10144921e-02
373      3.73000000e+00    8.21805400e-06    1.83449938e-03    6.31793640e-01    6.10012353e-02
374      3.74000000e+00    8.24434906e-06    1.83950599e-03    6.31880405e-01    6.09880123e-02
375      3.75000000e+00    8.27064484e-06    1.84451259e-03    6.31966895e-01    6.09748230e-02
376      3.76000000e+00    8.29694134e-06    1.84951917e-03    6.32053113e-01    6.09616672e-02
377      3.77000000e+00    8.32323857e-06    1.85452573e-03    6.32139060e-01    6.09485448e-02
378      3.78000000e+00    8.34953650e-06    1.85953227e-03    6.32224738e-01    6.09354556e-02
379      3.79000000e+00    8.37583515e-06    1.86453880e-03    6.32310149e-01    6.09223995e-02
380      3.80000000e+00    8.40213450e-06    1.86954531e-03    6.32395293e-01    6.09093762e-02
381      3.81000000e+00    8.42843455e-06    1.87455181e-03    6.32480174e-01    6.08963855e-02
382      3.82000000e+00    8.45473530e-06    1.87955829e-03    6.32564792e-01    6.08834275e-02
383      3.83000000e+00    8.48103674e-06    1.88456475e-03    6.32649149e-01    6.08705018e-02
384      3.84000000e+00    8.50733887e-06    1.88957120e-03    6.32733246e-01    6.08576083e-02
385      3.85000000e+00    8.53364168e-06    1.89457763e-03    6.32817086e-01    6.08447469e-02
386      3.86000000e+00    8.55994517e-06    1.89958404e-03    6.32900670e-01    6.08319173e-02
387      3.87000000e+00    8.58624934e-06    1.90459044e-03    6.32983999e-01    6.08191196e-02
388      3.88000000e+00    8.61255418e-06    1.90959682e-03    6.33067075e-01    6.08063534e-02
389      3.89000000e+00    8.63885968e-06    1.91460319e-03    6.33149899e-01    6.07936186e-02
390      3.90000000e+00    8.66516585e-06    1.91960954e-03    6.33232474e-01    6.07809151e-02
391      3.91000000e+00    8.69147268e-06    1.92461588e-03    6.33314799e-01    6.07682428e-02
392      3.92000000e+00    8.71778016e-06    1.92962220e-03    6.33396878e-01    6.07556014e-02
393      3.93000000e+00    8.74408830e-06    1.93462850e-03    6.33478711e-01    6.07429908e-02
394      3.94000000e+00    8.77039708e-06    1.93963480e-03    6.33560300e-01    6.07304089e-02
395      3.95000000e+00    8.79670651e-06    1.94464107e-03    6.33641646e-01    6.07178569e-02
396      3.96000000e+00    8.82301658e-06    1.94964733e-03    6.33722751e-01    6.07053354e-02
397      3.97000000e+00    8.84932728e-06    1.95465358e-03    6.33803616e-01    6.06928442e-02
398      3.98000000e+00    8.87563861e-06    1.95965981e-03    6.33884243e-01    6.06803831e-02
399      3.99000000e+00    8.90195058e-06    1.96466602e-03    6.33964632e-01    6.06679520e-02
400      4.00000000e+00    8.92826317e-06    1.96967222e-03    6.34044786e-01    6.06555508e-02
401      4.01000000e+00    8.95457638e-06    1.97467841e-03    6.34124705e-01    6.06431792e-02
402      4.02000000e+00    8.98089021e-06    1.97968458e-03    6.34204392e-01    6.06308372e-02
403      4.03000000e+00    9.00720465e-06    1.98469074e-03    6.34283847e-01    6.06185247e-02
404      4.04000000e+00    9.03351970e-06    1.98969688e-03    6.34363071e-01    6.06062414e-02
405      4.05000000e+00    9.05983537e-06    1.99470301e-03    6.34442067e-01    6.05939873e-02
406      4.06000000e+00    9.08615163e-06    1.99970912e-03    6.34520835e-01    6.05817622e-02
407      4.07000000e+00    9.11246850e-06    2.00471522e-03    6.34599377e-01    6.05695660e-02
408      4.08000000e+00    9.13878596e-06    2.00972130e-03    6.34677694e-01    6.05573985e-02
409      4.09000000e+00    9.16510401e-06    2.01472737e-03    6.34755787e-01    6.05452597e-02
410      4.10000000e+00    9.19142266e-06    2.01973343e-03    6.34833657e-01    6.05331494e-02
411      4.11000000e+00    9.21774189e-06    2.02473947e-03    6.34911307e-01    6.05210674e-02
412      4.12000000e+00    9.24406171e-06    2.02974549e-03    6.34988736e-01    6.05090137e-02
413      4.13000000e+00    9.27038210e-06    2.03475151e-03    6.35065946e-01    6.04969881e-02
414      4.14000000e+00    9.29670308e-06    2.03975750e-03    6.35142940e-01    6.04849905e-02
415      4.15000000e+00    9.32302463e-06    2.04476349e-03    6.35219716e-01    6.04730208e-02
416      4.16000000e+00    9.34934674e-06    2.04976946e-03    6.35296278e-01    6.04610788e-02
417      4.17000000e+00    9.37566943e-06    2.05477542e-03    6.35372626e-01    6.04491644e-02
418      4.18000000e+00    9.40199268e-06    2.05978136e-03    6.35448761e-01    6.04372775e-02
419      4.19000000e+00    9.42831649e-06    2.06478729e-03    6.35524684e-01    6.04254179e-02
420      4.20000000e+00    9.45464086e-06    2.06979321e-03    6.35600397e-01    6.04135856e-02
421      4.21000000e+00    9.48096578e-06    2.07479911e-03    6.35675901e-01    6.04017805e-02
422      4.22000000e+00    9.50729125e-06    2.07980500e-03    6.35751197e-01    6.03900024e-02
423      4.23000000e+00    9.53361728e-06    2.08481087e-03    6.35826286e-01    6.03782511e-02
424      4.24000000e+00    9.55994385e-06    2.08981674e-03    6.35901169e-01    6.03665266e-02
425      4.25000000e+00    9.58627096e-06    2.09482259e-03    6.35975848e-01    6.03548288e-02
426      4.26000000e+00    9.61259861e-06    2.09982842e-03    6.36050323e-01    6.03431576e-02
427      4.27000000e+00    9.63892680e-06    2.10483424e-03    6.36124596e-01    6.03315127e-02
428      4.28000000e+00    9.66525553e-06    2.10984005e-03    6.36198667e-01    6.03198942e-02
429      4.29000000e+00    9.69158478e-06    2.11484585e-03    6.36272538e-01    6.03083019e-02
430      4.30000000e+00    9.71791456e-06    2.11985163e-03    6.36346209e-01    6.02967357e-02
431      4.31000000e+00    9.74424487e-06    2.12485740e-03    6.36419683e-01    6.02851955e-02
432      4.32000000e+00    9.77057570e-06    2.12986316e-03    6.36492959e-01    6.02736811e-02
433      4.33000000e+00    9.79690706e-06    2.13486890e-03    6.36566040e-01    6.02621925e-02
434      4.34000000e+00    9.82323892e-06    2.13987464e-03    6.36638925e-01    6.02507295e-02
435      4.35000000e+00    9.84957131e-06    2.14488035e-03    6.36711617e-01    6.02392921e-02
436      4.36000000e+00    9.87591843e-06    2.14988536e-03    6.36778752e-01    6.02292815e-02
437      4.37000000e+00    9.90225233e-06    2.15489103e-03    6.36850871e-01    6.02179443e-02
438      4.38000000e+00    9.92858643e-06    2.15989670e-03    6.36922917e-01    6.02066019e-02
439      4.39000000e+00    9.95492102e-06    2.16490236e-03    6.36994774e-01    6.01952840e-02
440      4.40000000e+00    9.98125612e-06    2.16990800e-03    6.37066442e-01    6.01839914e-02
441      4.41000000e+00    1.00075917e-05    2.17491364e-03    6.37137922e-01    6.01727239e-02
442      4.42000000e+00    1.00339278e-05    2.17991926e-03    6.37209213e-01    6.01614814e-02
443      4.43000000e+00    1.00602644e-05    2.18492487e-03    6.37280318e-01    6.01502639e-02
444      4.44000000e+00    1.00866015e-05    2.18993046e-03    6.37351237e-01    6.01390711e-02
445      4.45000000e+00    1.01129391e-05    2.19493605e-03    6.37421971e-01    6.01279031e-02
446      4.46000000e+00    1.01392771e-05    2.19994162e-03    6.37492522e-01    6.01167598e-02
447      4.47000000e+00    1.01656157e-05    2.20494718e-03    6.37562889e-01    6.01056409e-02
448      4.48000000e+00    1.01919547e-05    2.20995273e-03    6.37633074e-01    6.00945465e-02
449      4.49000000e+00    1.02182942e-05    2.21495826e-03    6.37703078e-01    6.00834765e-02
450      4.50000000e+00    1.02446342e-05    2.21996378e-03    6.37772902e-01    6.00724307e-02
451      4.51000000e+00    1.02709747e-05    2.22496930e-03    6.37842547e-01    6.00614090e-02
452      4.52000000e+00    1.02973156e-05    2.22997479e-03    6.37912013e-01    6.00504114e-02
453      4.53000000e+00    1.03236570e-05    2.23498028e-03    6.37981302e-01    6.00394378e-02
454      4.54000000e+00    1.03499989e-05    2.23998576e-03    6.38050414e-01    6.00284880e-02
455      4.55000000e+00    1.03763412e-05    2.24499122e-03    6.38119350e-01    6.00175621e-02
456      4.56000000e+00    1.04026841e-05    2.24999667e-03    6.38188111e-01    6.00066598e-02
457      4.57000000e+00    1.04290273e-05    2.25500211e-03    6.38256698e-01    5.99957811e-02
458      4.58000000e+00    1.04553711e-05    2.26000754e-03    6.38325112e-01    5.99849259e-02
459      4.59000000e+00    1.04817152e-05    2.26501295e-03    6.38393354e-01    5.99740942e-02
460      4.60000000e+00    1.05080599e-05    2.27001836e-03    6.38461424e-01    5.99632858e-02
461      4.61000000e+00    1.05344050e-05    2.27502375e-03    6.38529324e-01    5.99525006e-02
462      4.62000000e+00    1.05607505e-05    2.28002913e-03    6.38597054e-01    5.99417386e-02
463      4.63000000e+00    1.05870965e-05    2.28503450e-03    6.38664614e-01    5.99309997e-02
464      4.64000000e+00    1.06134430e-05    2.29003986e-03    6.38732007e-01    5.99202838e-02
465      4.65000000e+00    1.06397898e-05    2.29504520e-03    6.38799232e-01    5.99095907e-02
466      4.66000000e+00    1.06661372e-05    2.30005054e-03    6.38866290e-01    5.98989205e-02
467      4.67000000e+00    1.06924849e-05    2.30505586e-03    6.38933183e-01    5.98882730e-02
468      4.68000000e+00    1.07188331e-05    2.31006118e-03    6.38999911e-01    5.98776482e-02
469      4.69000000e+00    1.07451818e-05    2.31506648e-03    6.39066475e-01    5.98670459e-02
470      4.70000000e+00    1.07715308e-05    2.32007177e-03    6.39132875e-01    5.98564662e-02
471      4.71000000e+00    1.07978803e-05    2.32507705e-03    6.39199112e-01    5.98459088e-02
472      4.72000000e+00    1.08242303e-05    2.33008231e-03    6.39265188e-01    5.98353738e-02
473      4.73000000e+00    1.08505806e-05    2.33508757e-03    6.39331102e-01    5.98248610e-02
474      4.74000000e+00    1.08769314e-05    2.34009281e-03    6.39396856e-01    5.98143704e-02
475      4.75000000e+00    1.09032826e-05    2.34509805e-03    6.39462451e-01    5.98039018e-02
476      4.76000000e+00    1.09296343e-05    2.35010327e-03    6.39527887e-01    5.97934553e-02
477      4.77000000e+00    1.09559863e-05    2.35510848e-03    6.39593164e-01    5.97830307e-02
478      4.78000000e+00    1.09823388e-05    2.36011369e-03    6.39658284e-01    5.97726280e-02
479      4.79000000e+00    1.10086917e-05    2.36511888e-03    6.39723248e-01    5.97622470e-02
480      4.80000000e+00    1.10350449e-05    2.37012406e-03    6.39788055e-01    5.97518877e-02
481      4.81000000e+00    1.10613987e-05    2.37512922e-03    6.39852707e-01    5.97415501e-02
482      4.82000000e+00    1.10877528e-05    2.38013438e-03    6.39917205e-01    5.97312340e-02
483      4.83000000e+00    1.11141073e-05    2.38513953e-03    6.39981549e-01    5.97209394e-02
484      4.84000000e+00    1.11404622e-05    2.39014467e-03    6.40045740e-01    5.97106662e-02
485      4.85000000e+00    1.11668176e-05    2.39514979e-03    6.40109778e-01    5.97004143e-02
486      4.86000000e+00    1.11931733e-05    2.40015491e-03    6.40173665e-01    5.96901837e-02
487      4.87000000e+00    1.12195294e-05    2.40516001e-03    6.40237400e-01    5.96799743e-02
488      4.88000000e+00    1.12458860e-05    2.41016511e-03    6.40300985e-01    5.96697859e-02
489      4.89000000e+00    1.12722429e-05    2.41517019e-03    6.40364421e-01    5.96596187e-02
490      4.90000000e+00    1.12986002e-05    2.42017526e-03    6.40427707e-01    5.96494724e-02
491      4.91000000e+00    1.13249580e-05    2.42518033e-03    6.40490846e-01    5.96393470e-02
492      4.92000000e+00    1.13513161e-05    2.43018538e-03    6.40553836e-01    5.96292424e-02
493      4.93000000e+00    1.13776746e-05    2.43519042e-03    6.40616679e-01    5.96191586e-02
494      4.94000000e+00    1.14040335e-05    2.44019545e-03    6.40679376e-01    5.96090955e-02
495      4.95000000e+00    1.14303928e-05    2.44520047e-03    6.40741927e-01    5.95990530e-02
496      4.96000000e+00    1.14567524e-05    2.45020548e-03    6.40804333e-01    5.95890311e-02
497      4.97000000e+00    1.14831125e-05    2.45521049e-03    6.40866595e-01    5.95790297e-02
498      4.98000000e+00    1.15094729e-05    2.46021548e-03    6.40928713e-01    5.95690487e-02
499      4.99000000e+00    1.15358157e-05    2.46522136e-03    6.40997472e-01    5.95572775e-02
500      5.00000000e+00    1.15621936e-05    2.47022549e-03    6.41053001e-01    5.95490192e-02
501      5.01000000e+00    1.15885379e-05    2.47523132e-03    6.41121220e-01    5.95373556e-02
502      5.02000000e+00    1.16149170e-05    2.48023540e-03    6.41176272e-01    5.95291902e-02
503      5.03000000e+00    1.16412615e-05    2.48524125e-03    6.41244428e-01    5.95175076e-02
504      5.04000000e+00    1.16676420e-05    2.49024528e-03    6.41298985e-01    5.95094407e-02
505      5.05000000e+00    1.16939865e-05    2.49525113e-03    6.41367084e-01    5.94977372e-02
506      5.06000000e+00    1.17203683e-05    2.50025511e-03    6.41421141e-01    5.94897704e-02
507      5.07000000e+00    1.17467130e-05    2.50526098e-03    6.41489194e-01    5.94780438e-02
508      5.08000000e+00    1.17730776e-05    2.51026585e-03    6.41549732e-01    5.94683098e-02
509      5.09000000e+00    1.17994418e-05    2.51527074e-03    6.41610451e-01    5.94585103e-02
510      5.10000000e+00    1.18258063e-05    2.52027563e-03    6.41671022e-01    5.94487336e-02
511      5.11000000e+00    1.18521712e-05    2.52528051e-03    6.41731459e-01    5.94389757e-02
512      5.12000000e+00    1.18785364e-05    2.53028538e-03    6.41791764e-01    5.94292367e-02
513      5.13000000e+00    1.19049020e-05    2.53529024e-03    6.41851935e-01    5.94195166e-02
514      5.14000000e+00    1.19312680e-05    2.54029509e-03    6.41911975e-01    5.94098153e-02
515      5.15000000e+00    1.19576343e-05    2.54529993e-03    6.41971883e-01    5.94001327e-02
516      5.16000000e+00    1.19840009e-05    2.55030477e-03    6.42031661e-01    5.93904687e-02
517      5.17000000e+00    1.20103679e-05    2.55530959e-03    6.42091308e-01    5.93808233e-02
518      5.18000000e+00    1.20367352e-05    2.56031440e-03    6.42150825e-01    5.93711964e-02
519      5.19000000e+00    1.20631029e-05    2.56531921e-03    6.42210213e-01    5.93615880e-02
520      5.20000000e+00    1.20894709e-05    2.57032400e-03    6.42269473e-01    5.93519980e-02
521      5.21000000e+00    1.21158392e-05    2.57532879e-03    6.42328605e-01    5.93424262e-02
522      5.22000000e+00    1.21422079e-05    2.58033356e-03    6.42387609e-01    5.93328727e-02
523      5.23000000e+00    1.21685770e-05    2.58533833e-03    6.42446486e-01    5.93233374e-02
524      5.24000000e+00    1.21949463e-05    2.59034309e-03    6.42505238e-01    5.93138202e-02
525      5.25000000e+00    1.22213160e-05    2.59534784e-03    6.42563863e-01    5.93043211e-02
526      5.26000000e+00    1.22476860e-05    2.60035258e-03    6.42622363e-01    5.92948399e-02
527      5.27000000e+00    1.22740564e-05    2.60535731e-03    6.42680739e-01    5.92853767e-02
528      5.28000000e+00    1.23004271e-05    2.61036203e-03    6.42738991e-01    5.92759313e-02
529      5.29000000e+00    1.23267981e-05    2.61536675e-03    6.42797119e-01    5.92665037e-02
530      5.30000000e+00    1.23531694e-05    2.62037145e-03    6.42855124e-01    5.92570938e-02
531      5.31000000e+00    1.23795411e-05    2.62537615e-03    6.42913007e-01    5.92477016e-02
532      5.32000000e+00    1.24059131e-05    2.63038084e-03    6.42970767e-01    5.92383270e-02
533      5.33000000e+00    1.24322854e-05    2.63538552e-03    6.43028407e-01    5.92289699e-02
534      5.34000000e+00    1.24586580e-05    2.64039018e-03    6.43085925e-01    5.92196303e-02
535      5.35000000e+00    1.24850310e-05    2.64539485e-03    6.43143323e-01    5.92103081e-02
536      5.36000000e+00    1.25114042e-05    2.65039950e-03    6.43200601e-01    5.92010033e-02
537      5.37000000e+00    1.25377778e-05    2.65540414e-03    6.43257760e-01    5.91917158e-02
538      5.38000000e+00    1.25641517e-05    2.66040878e-03    6.43314800e-01    5.91824455e-02
539      5.39000000e+00    1.25905259e-05    2.66541340e-03    6.43371722e-01    5.91731923e-02
540      5.40000000e+00    1.26169005e-05    2.67041802e-03    6.43428526e-01    5.91639563e-02
541      5.41000000e+00    1.26432753e-05    2.67542263e-03    6.43485213e-01    5.91547373e-02
542      5.42000000e+00    1.26696504e-05    2.68042723e-03    6.43541783e-01    5.91455353e-02
543      5.43000000e+00    1.26960259e-05    2.68543182e-03    6.43598237e-01    5.91363503e-02
544      5.44000000e+00    1.27224017e-05    2.69043641e-03    6.43654575e-01    5.91271821e-02
545      5.45000000e+00    1.27487777e-05    2.69544098e-03    6.43710798e-01    5.91180307e-02
546      5.46000000e+00    1.27751541e-05    2.70044555e-03    6.43766905e-01    5.91088960e-02
547      5.47000000e+00    1.28015519e-05    2.70544904e-03    6.43814938e-01    5.91019296e-02
548      5.48000000e+00    1.28279306e-05    2.71045350e-03    6.43870155e-01    5.90930080e-02
549      5.49000000e+00    1.28543085e-05    2.71545801e-03    6.43925713e-01    5.90839802e-02
550      5.50000000e+00    1.28806865e-05    2.72046252e-03    6.43981184e-01    5.90749620e-02
551      5.51000000e+00    1.29070649e-05    2.72546702e-03    6.44036540e-01    5.90659607e-02
552      5.52000000e+00    1.29334436e-05    2.73047151e-03    6.44091781e-01    5.90569769e-02
553      5.53000000e+00    1.29598225e-05    2.73547599e-03    6.44146907e-01    5.90480106e-02
554      5.54000000e+00    1.29862018e-05    2.74048047e-03    6.44201917e-01    5.90390616e-02
555      5.55000000e+00    1.30125814e-05    2.74548493e-03    6.44256813e-01    5.90301301e-02
556      5.56000000e+00    1.30389613e-05    2.75048939e-03    6.44311594e-01    5.90212158e-02
557      5.57000000e+00    1.30653415e-05    2.75549384e-03    6.44366261e-01    5.90123190e-02
558      5.58000000e+00    1.30917220e-05    2.76049828e-03    6.44420815e-01    5.90034394e-02
559      5.59000000e+00    1.31181028e-05    2.76550271e-03    6.44475255e-01    5.89945771e-02
560      5.60000000e+00    1.31444839e-05    2.77050713e-03    6.44529583e-01    5.89857320e-02
561      5.61000000e+00    1.31708426e-05    2.77551270e-03    6.44592333e-01    5.89745903e-02
562      5.62000000e+00    1.31972449e-05    2.78051606e-03    6.44638682e-01    5.89678817e-02
563      5.63000000e+00    1.32236052e-05    2.78552156e-03    6.44700851e-01    5.89568701e-02
564      5.64000000e+00    1.32500089e-05    2.79052486e-03    6.44746632e-01    5.89502900e-02
565      5.65000000e+00    1.32763687e-05    2.79553040e-03    6.44808992e-01    5.89391995e-02
566      5.66000000e+00    1.33027741e-05    2.80053362e-03    6.44854150e-01    5.89327634e-02
567      5.67000000e+00    1.33291334e-05    2.80553921e-03    6.44916718e-01    5.89215894e-02
568      5.68000000e+00    1.33555405e-05    2.81054235e-03    6.44961235e-01    5.89153025e-02
569      5.69000000e+00    1.33818991e-05    2.81554798e-03    6.45024033e-01    5.89040393e-02
570      5.70000000e+00    1.34082843e-05    2.82055226e-03    6.45076805e-01    5.88954855e-02
571      5.71000000e+00    1.34346678e-05    2.82555663e-03    6.45130228e-01    5.88867424e-02
572      5.72000000e+00    1.34610518e-05    2.83056098e-03    6.45183489e-01    5.88780304e-02
573      5.73000000e+00    1.34874359e-05    2.83556533e-03    6.45236653e-01    5.88693322e-02
574      5.74000000e+00    1.35138204e-05    2.84056968e-03    6.45289715e-01    5.88606491e-02
575      5.75000000e+00    1.35402051e-05    2.84557401e-03    6.45342676e-01    5.88519810e-02
576      5.76000000e+00    1.35665901e-05    2.85057834e-03    6.45395536e-01    5.88433278e-02
577      5.77000000e+00    1.35929753e-05    2.85558266e-03    6.45448296e-01    5.88346895e-02
578      5.78000000e+00    1.36193609e-05    2.86058697e-03    6.45500957e-01    5.88260660e-02
579      5.79000000e+00    1.36457466e-05    2.86559127e-03    6.45553518e-01    5.88174572e-02
580      5.80000000e+00    1.36721327e-05    2.87059557e-03    6.45605980e-01    5.88088630e-02
581      5.81000000e+00    1.36985190e-05    2.87559986e-03    6.45658343e-01    5.88002835e-02
582      5.82000000e+00    1.37249055e-05    2.88060414e-03    6.45710609e-01    5.87917186e-02
583      5.83000000e+00    1.37512924e-05    2.88560842e-03    6.45762777e-01    5.87831682e-02
584      5.84000000e+00    1.37777035e-05    2.89061145e-03    6.45805772e-01    5.87771045e-02
585      5.85000000e+00    1.38040936e-05    2.89561557e-03    6.45856704e-01    5.87688674e-02
586      5.86000000e+00    1.38304822e-05    2.90061977e-03    6.45908216e-01    5.87604601e-02
587      5.87000000e+00    1.38568709e-05    2.90562397e-03    6.45959684e-01    5.87520532e-02
588      5.88000000e+00    1.38832349e-05    2.91062945e-03    6.46020432e-01    5.87411044e-02
589      5.89000000e+00    1.39096465e-05    2.91563249e-03    6.46063267e-01    5.87350277e-02
590      5.90000000e+00    1.39360120e-05    2.92063790e-03    6.46123490e-01    5.87241976e-02
591      5.91000000e+00    1.39624254e-05    2.92564085e-03    6.46165613e-01    5.87182923e-02
592      5.92000000e+00    1.39887898e-05    2.93064634e-03    6.46226245e-01    5.87073265e-02
593      5.93000000e+00    1.40152054e-05    2.93564919e-03    6.46267567e-01    5.87016176e-02
594      5.94000000e+00    1.40415686e-05    2.94065475e-03    6.46328641e-01    5.86905071e-02
595      5.95000000e+00    1.40679609e-05    2.94565881e-03    6.46378730e-01    5.86823830e-02
596      5.96000000e+00    1.40943508e-05    2.95066300e-03    6.46429734e-01    5.86739976e-02
597      5.97000000e+00    1.41207412e-05    2.95566717e-03    6.46480551e-01    5.86656521e-02
598      5.98000000e+00    1.41471319e-05    2.96067134e-03    6.46531286e-01    5.86573173e-02
599      5.99000000e+00    1.41735227e-05    2.96567550e-03    6.46581930e-01    5.86489962e-02
600      6.00000000e+00    1.41999138e-05    2.97067966e-03    6.46632485e-01    5.86406883e-02
End of Xyce(TM) Simulation
