Index       V(4)            I(VMON1)          I(VMON2)            V(1)              V(2)       
0        0.00000000e+00    6.55133278e-17   -5.34962056e-18   -2.46985246e-11    1.06992411e-14
1        1.00000000e-02    1.86602126e-15    1.36056979e-13    9.99999930e-03    9.99999973e-03
2        2.00000000e-02    3.77131725e-15    3.36192033e-13    1.99999986e-02    1.99999993e-02
3        3.00000000e-02    5.86475197e-15    6.30598082e-13    2.99999978e-02    2.99999987e-02
4        4.00000000e-02    8.24279282e-15    1.06370548e-12    3.99999969e-02    3.99999979e-02
5        5.00000000e-02    1.10212849e-14    1.70088353e-12    4.99999958e-02    4.99999966e-02
6        6.00000000e-02    1.43437054e-14    2.63830754e-12    5.99999946e-02    5.99999947e-02
7        7.00000000e-02    1.83922842e-14    4.01747495e-12    6.99999931e-02    6.99999920e-02
8        8.00000000e-02    2.34032285e-14    6.04656065e-12    7.99999912e-02    7.99999879e-02
9        9.00000000e-02    2.96878200e-14    9.03183292e-12    8.99999888e-02    8.99999819e-02
10       1.00000000e-01    3.76619003e-14    1.34238688e-11    9.99999858e-02    9.99999732e-02
11       1.10000000e-01    4.78873642e-14    1.98855390e-11    1.09999982e-01    1.09999960e-01
12       1.20000000e-01    6.11308346e-14    2.93920141e-11    1.19999977e-01    1.19999941e-01
13       1.30000000e-01    7.84469759e-14    4.33778704e-11    1.29999970e-01    1.29999913e-01
14       1.40000000e-01    1.01297154e-13    6.39534729e-11    1.39999962e-01    1.39999872e-01
15       1.50000000e-01    1.31718919e-13    9.42232500e-11    1.49999950e-01    1.49999812e-01
16       1.60000000e-01    1.72568657e-13    1.38753828e-10    1.59999935e-01    1.59999722e-01
17       1.70000000e-01    2.27869710e-13    2.04262568e-10    1.69999914e-01    1.69999591e-01
18       1.80000000e-01    3.03312865e-13    3.00630237e-10    1.79999886e-01    1.79999399e-01
19       1.90000000e-01    4.06977198e-13    4.42390375e-10    1.89999847e-01    1.89999115e-01
20       2.00000000e-01    5.50370114e-13    6.50919653e-10    1.99999793e-01    1.99998698e-01
21       2.10000000e-01    7.49930298e-13    9.57659071e-10    2.09999717e-01    2.09998085e-01
22       2.20000000e-01    1.02920281e-12    1.40885092e-09    2.19999612e-01    2.19997182e-01
23       2.30000000e-01    1.42199110e-12    2.07250444e-09    2.29999464e-01    2.29995855e-01
24       2.40000000e-01    1.97692997e-12    3.04863823e-09    2.39999255e-01    2.39993903e-01
25       2.50000000e-01    2.76412736e-12    4.48433963e-09    2.49998958e-01    2.49991031e-01
26       2.60000000e-01    3.88481946e-12    6.59590467e-09    2.59998535e-01    2.59986808e-01
27       2.70000000e-01    5.48541791e-12    9.70138369e-09    2.69997932e-01    2.69980597e-01
28       2.80000000e-01    7.77796100e-12    1.42684157e-08    2.79997068e-01    2.79971463e-01
29       2.90000000e-01    1.10699045e-11    2.09845182e-08    2.89995827e-01    2.89958031e-01
30       3.00000000e-01    1.58075354e-11    3.08603424e-08    2.99994041e-01    2.99938279e-01
31       3.10000000e-01    2.26392509e-11    4.53812897e-08    3.09991465e-01    3.09909237e-01
32       3.20000000e-01    3.25077916e-11    6.67300048e-08    3.19987745e-01    3.19866540e-01
33       3.30000000e-01    4.67846338e-11    9.81125940e-08    3.29982362e-01    3.29803775e-01
34       3.40000000e-01    6.74656595e-11    1.44236323e-07    3.39974565e-01    3.39711527e-01
35       3.50000000e-01    9.74556584e-11    2.12007865e-07    3.49963259e-01    3.49575984e-01
36       3.60000000e-01    1.40981063e-10    3.11551225e-07    3.59946850e-01    3.59376898e-01
37       3.70000000e-01    2.04186627e-10    4.57685985e-07    3.69923022e-01    3.69084628e-01
38       3.80000000e-01    2.95993418e-10    6.72061903e-07    3.79888410e-01    3.78655876e-01
39       3.90000000e-01    4.29322674e-10    9.86215732e-07    3.89838145e-01    3.88027569e-01
40       4.00000000e-01    6.22820443e-10    1.44589499e-06    3.99765197e-01    3.97108210e-01
41       4.10000000e-01    9.03243837e-10    2.11706207e-06    4.09659477e-01    4.05765876e-01
42       4.20000000e-01    1.30867185e-09    3.09400243e-06    4.19506631e-01    4.13811995e-01
43       4.30000000e-01    1.89264228e-09    4.50981148e-06    4.29286474e-01    4.20980377e-01
44       4.40000000e-01    2.72912109e-09    6.54904810e-06    4.38971121e-01    4.26901904e-01
45       4.50000000e-01    3.91778170e-09    9.46126144e-06    4.48522996e-01    4.31077477e-01
46       4.60000000e-01    5.58832759e-09    1.35722065e-05    4.57893200e-01    4.32855587e-01
47       4.70000000e-01    7.90160494e-09    1.92870365e-05    4.67021095e-01    4.31425927e-01
48       4.80000000e-01    1.10444997e-08    2.70777927e-05    4.75836224e-01    4.25844415e-01
49       4.90000000e-01    1.52161057e-08    3.74486597e-05    4.84263528e-01    4.15102681e-01
50       5.00000000e-01    2.06053877e-08    5.08793522e-05    4.92231769e-01    3.98241296e-01
51       5.10000000e-01    2.73651551e-08    6.77585839e-05    4.99683337e-01    3.74482832e-01
52       5.20000000e-01    3.55906910e-08    8.83283443e-05    5.06582310e-01    3.43343311e-01
53       5.30000000e-01    4.53104516e-08    1.12654557e-04    5.12917960e-01    3.04690885e-01
54       5.40000000e-01    5.64907894e-08    1.40597806e-04    5.18702972e-01    2.58804388e-01
55       5.50000000e-01    6.90507387e-08    1.71451127e-04    5.23967872e-01    2.07097746e-01
56       5.60000000e-01    8.28806638e-08    2.01185686e-04    5.28753990e-01    1.57628628e-01
57       5.70000000e-01    9.78584405e-08    2.22002356e-04    5.33107368e-01    1.25995287e-01
58       5.80000000e-01    1.13859091e-07    2.35312603e-04    5.37075123e-01    1.09374793e-01
59       5.90000000e-01    1.30764166e-07    2.45146573e-04    5.40701909e-01    9.97068539e-02
60       6.00000000e-01    1.48466294e-07    2.53292506e-04    5.44028207e-01    9.34149879e-02
61       6.10000000e-01    1.66870219e-07    2.60503903e-04    5.47089927e-01    8.89921941e-02
62       6.20000000e-01    1.85892611e-07    2.67143521e-04    5.49918486e-01    8.57129574e-02
63       6.30000000e-01    2.05461168e-07    2.73407356e-04    5.52541140e-01    8.31852873e-02
64       6.40000000e-01    2.25513434e-07    2.79410856e-04    5.54981435e-01    8.11782887e-02
65       6.50000000e-01    2.45995542e-07    2.85226595e-04    5.57259680e-01    7.95468095e-02
66       6.60000000e-01    2.66861014e-07    2.90902538e-04    5.59393398e-01    7.81949245e-02
67       6.70000000e-01    2.88069680e-07    2.96471672e-04    5.61397731e-01    7.70566556e-02
68       6.80000000e-01    3.09586740e-07    3.01957434e-04    5.63285799e-01    7.60851319e-02
69       6.90000000e-01    3.31381936e-07    3.07376757e-04    5.65069010e-01    7.52464863e-02
70       7.00000000e-01    3.53428910e-07    3.12742283e-04    5.66757301e-01    7.45154334e-02
71       7.10000000e-01    3.75704579e-07    3.18064066e-04    5.68359374e-01    7.38718683e-02
72       7.20000000e-01    3.98175560e-07    3.23350835e-04    5.69887814e-01    7.32983305e-02
73       7.30000000e-01    4.20847921e-07    3.28606206e-04    5.71340334e-01    7.27875883e-02
74       7.40000000e-01    4.43694905e-07    3.33835955e-04    5.72727021e-01    7.23280906e-02
75       7.50000000e-01    4.66702482e-07    3.39043869e-04    5.74053164e-01    7.19122613e-02
76       7.60000000e-01    4.89858166e-07    3.44233036e-04    5.75323471e-01    7.15339283e-02
77       7.70000000e-01    5.13150798e-07    3.49405986e-04    5.76542149e-01    7.11880273e-02
78       7.80000000e-01    5.36570373e-07    3.54564822e-04    5.77712969e-01    7.08703558e-02
79       7.90000000e-01    5.60107892e-07    3.59711301e-04    5.78839325e-01    7.05773977e-02
80       8.00000000e-01    5.83755237e-07    3.64846903e-04    5.79924276e-01    7.03061935e-02
81       8.10000000e-01    6.07505065e-07    3.69972881e-04    5.80970590e-01    7.00542387e-02
82       8.20000000e-01    6.31350715e-07    3.75090303e-04    5.81980780e-01    6.98193939e-02
83       8.30000000e-01    6.55286129e-07    3.80200088e-04    5.82957129e-01    6.95998234e-02
84       8.40000000e-01    6.79305783e-07    3.85303028e-04    5.83901720e-01    6.93939437e-02
85       8.50000000e-01    7.03404630e-07    3.90399809e-04    5.84816455e-01    6.92003818e-02
86       8.60000000e-01    7.27578046e-07    3.95491029e-04    5.85703077e-01    6.90179420e-02
87       8.70000000e-01    7.51821787e-07    4.00577211e-04    5.86563186e-01    6.88455778e-02
88       8.80000000e-01    7.76106918e-07    4.05660223e-04    5.87407692e-01    6.86795533e-02
89       8.90000000e-01    8.00478047e-07    4.10737736e-04    5.88219776e-01    6.85245273e-02
90       9.00000000e-01    8.24908905e-07    4.15811422e-04    5.89009343e-01    6.83771563e-02
91       9.10000000e-01    8.49396201e-07    4.20881611e-04    5.89777632e-01    6.82367789e-02
92       9.20000000e-01    8.73937086e-07    4.25948587e-04    5.90525719e-01    6.81028268e-02
93       9.30000000e-01    8.98528920e-07    4.31012604e-04    5.91254597e-01    6.79747920e-02
94       9.40000000e-01    9.23169245e-07    4.36073890e-04    5.91965195e-01    6.78522191e-02
95       9.50000000e-01    9.47855775e-07    4.41132651e-04    5.92658373e-01    6.77346985e-02
96       9.60000000e-01    9.72586374e-07    4.46189070e-04    5.93334937e-01    6.76218608e-02
97       9.70000000e-01    9.97359050e-07    4.51243314e-04    5.93995638e-01    6.75133724e-02
98       9.80000000e-01    1.02217194e-06    4.56295535e-04    5.94641179e-01    6.74089307e-02
99       9.90000000e-01    1.04702329e-06    4.61345869e-04    5.95272219e-01    6.73082610e-02
100      1.00000000e+00    1.07191147e-06    4.66394443e-04    5.95889374e-01    6.72111134e-02
101      1.01000000e+00    1.09683495e-06    4.71441370e-04    5.96493225e-01    6.71172596e-02
102      1.02000000e+00    1.12179227e-06    4.76486754e-04    5.97084316e-01    6.70264913e-02
103      1.03000000e+00    1.14678207e-06    4.81530691e-04    5.97663160e-01    6.69386175e-02
104      1.04000000e+00    1.17180308e-06    4.86573271e-04    5.98230240e-01    6.68534572e-02
105      1.05000000e+00    1.19685408e-06    4.91614573e-04    5.98786014e-01    6.67708549e-02
106      1.06000000e+00    1.22193393e-06    4.96654669e-04    5.99330910e-01    6.66906627e-02
107      1.07000000e+00    1.24704155e-06    5.01693628e-04    5.99865335e-01    6.66127440e-02
108      1.08000000e+00    1.27217593e-06    5.06731514e-04    6.00389675e-01    6.65369724e-02
109      1.09000000e+00    1.29733609e-06    5.11768384e-04    6.00904293e-01    6.64632310e-02
110      1.10000000e+00    1.32252113e-06    5.16804294e-04    6.01409536e-01    6.63914117e-02
111      1.11000000e+00    1.34773016e-06    5.21839293e-04    6.01905730e-01    6.63214139e-02
112      1.12000000e+00    1.37296237e-06    5.26873429e-04    6.02393186e-01    6.62531413e-02
113      1.13000000e+00    1.39821697e-06    5.31906747e-04    6.02872201e-01    6.61865066e-02
114      1.14000000e+00    1.42349322e-06    5.36939284e-04    6.03343055e-01    6.61214325e-02
115      1.15000000e+00    1.44879041e-06    5.41971078e-04    6.03806017e-01    6.60578434e-02
116      1.16000000e+00    1.47410785e-06    5.47002165e-04    6.04261339e-01    6.59956691e-02
117      1.17000000e+00    1.49940766e-06    5.52034212e-04    6.04723311e-01    6.59315760e-02
118      1.18000000e+00    1.52479756e-06    5.57062497e-04    6.05151320e-01    6.58750058e-02
119      1.19000000e+00    1.55013680e-06    5.62093186e-04    6.05598427e-01    6.58136270e-02
120      1.20000000e+00    1.57556395e-06    5.67120237e-04    6.06012392e-01    6.57595269e-02
121      1.21000000e+00    1.60093764e-06    5.72149799e-04    6.06446509e-01    6.57004029e-02
122      1.22000000e+00    1.62636088e-06    5.77177400e-04    6.06861947e-01    6.56452001e-02
123      1.23000000e+00    1.65180279e-06    5.82204384e-04    6.07270349e-01    6.55912314e-02
124      1.24000000e+00    1.67726073e-06    5.87230866e-04    6.07672706e-01    6.55382675e-02
125      1.25000000e+00    1.70273410e-06    5.92256873e-04    6.08069245e-01    6.54862547e-02
126      1.26000000e+00    1.72822245e-06    5.97282423e-04    6.08460136e-01    6.54351543e-02
127      1.27000000e+00    1.75372538e-06    6.02307535e-04    6.08845533e-01    6.53849304e-02
128      1.28000000e+00    1.77924248e-06    6.07332225e-04    6.09225586e-01    6.53355495e-02
129      1.29000000e+00    1.80477337e-06    6.12356510e-04    6.09600440e-01    6.52869796e-02
130      1.30000000e+00    1.83031769e-06    6.17380405e-04    6.09970232e-01    6.52391906e-02
131      1.31000000e+00    1.85587508e-06    6.22403923e-04    6.10335095e-01    6.51921540e-02
132      1.32000000e+00    1.88144521e-06    6.27427079e-04    6.10695156e-01    6.51458427e-02
133      1.33000000e+00    1.90702775e-06    6.32449885e-04    6.11050538e-01    6.51002309e-02
134      1.34000000e+00    1.93262239e-06    6.37472353e-04    6.11401359e-01    6.50552944e-02
135      1.35000000e+00    1.95822882e-06    6.42494495e-04    6.11747733e-01    6.50110099e-02
136      1.36000000e+00    1.98384676e-06    6.47516322e-04    6.12089770e-01    6.49673553e-02
137      1.37000000e+00    2.00947593e-06    6.52537845e-04    6.12427575e-01    6.49243098e-02
138      1.38000000e+00    2.03511605e-06    6.57559073e-04    6.12761249e-01    6.48818533e-02
139      1.39000000e+00    2.06076686e-06    6.62580017e-04    6.13090892e-01    6.48399668e-02
140      1.40000000e+00    2.08642812e-06    6.67600684e-04    6.13416599e-01    6.47986323e-02
141      1.41000000e+00    2.11209958e-06    6.72621084e-04    6.13738459e-01    6.47578323e-02
142      1.42000000e+00    2.13778100e-06    6.77641225e-04    6.14056563e-01    6.47175504e-02
143      1.43000000e+00    2.16347216e-06    6.82661115e-04    6.14370996e-01    6.46777709e-02
144      1.44000000e+00    2.18917284e-06    6.87680761e-04    6.14681839e-01    6.46384786e-02
145      1.45000000e+00    2.21488283e-06    6.92700170e-04    6.14989174e-01    6.45996592e-02
146      1.46000000e+00    2.24060192e-06    6.97719351e-04    6.15293077e-01    6.45612989e-02
147      1.47000000e+00    2.26632991e-06    7.02738308e-04    6.15593623e-01    6.45233844e-02
148      1.48000000e+00    2.29206662e-06    7.07757048e-04    6.15890884e-01    6.44859033e-02
149      1.49000000e+00    2.31781186e-06    7.12775578e-04    6.16184931e-01    6.44488433e-02
150      1.50000000e+00    2.34356544e-06    7.17793904e-04    6.16475830e-01    6.44121929e-02
151      1.51000000e+00    2.36932719e-06    7.22812030e-04    6.16763649e-01    6.43759410e-02
152      1.52000000e+00    2.39509695e-06    7.27829962e-04    6.17048451e-01    6.43400768e-02
153      1.53000000e+00    2.42087454e-06    7.32847705e-04    6.17330297e-01    6.43045902e-02
154      1.54000000e+00    2.44665982e-06    7.37865265e-04    6.17609248e-01    6.42694705e-02
155      1.55000000e+00    2.47245263e-06    7.42882648e-04    6.17885360e-01    6.42347042e-02
156      1.56000000e+00    2.49825281e-06    7.47899857e-04    6.18158692e-01    6.42002870e-02
157      1.57000000e+00    2.52406022e-06    7.52916895e-04    6.18429298e-01    6.41662102e-02
158      1.58000000e+00    2.54987472e-06    7.57933767e-04    6.18697231e-01    6.41324654e-02
159      1.59000000e+00    2.57569617e-06    7.62950478e-04    6.18962542e-01    6.40990446e-02
160      1.60000000e+00    2.60152445e-06    7.67967030e-04    6.19225283e-01    6.40659400e-02
161      1.61000000e+00    2.62735942e-06    7.72983428e-04    6.19485500e-01    6.40331439e-02
162      1.62000000e+00    2.65320095e-06    7.77999675e-04    6.19743243e-01    6.40006493e-02
163      1.63000000e+00    2.67904892e-06    7.83015775e-04    6.19998556e-01    6.39684491e-02
164      1.64000000e+00    2.70490322e-06    7.88031732e-04    6.20251485e-01    6.39365352e-02
165      1.65000000e+00    2.73076373e-06    7.93047551e-04    6.20502072e-01    6.39048986e-02
166      1.66000000e+00    2.75663034e-06    7.98063232e-04    6.20750362e-01    6.38735368e-02
167      1.67000000e+00    2.78250293e-06    8.03078778e-04    6.20996395e-01    6.38424438e-02
168      1.68000000e+00    2.80838140e-06    8.08094193e-04    6.21240211e-01    6.38116139e-02
169      1.69000000e+00    2.83426565e-06    8.13109479e-04    6.21481850e-01    6.37810414e-02
170      1.70000000e+00    2.86015557e-06    8.18124640e-04    6.21721349e-01    6.37507207e-02
171      1.71000000e+00    2.88605107e-06    8.23139677e-04    6.21958745e-01    6.37206467e-02
172      1.72000000e+00    2.91195206e-06    8.28154593e-04    6.22194075e-01    6.36908143e-02
173      1.73000000e+00    2.93785842e-06    8.33169391e-04    6.22427374e-01    6.36612184e-02
174      1.74000000e+00    2.96377009e-06    8.38184073e-04    6.22658676e-01    6.36318543e-02
175      1.75000000e+00    2.98968696e-06    8.43198641e-04    6.22888015e-01    6.36027174e-02
176      1.76000000e+00    3.01560896e-06    8.48213098e-04    6.23115423e-01    6.35738032e-02
177      1.77000000e+00    3.04153599e-06    8.53227446e-04    6.23340933e-01    6.35451073e-02
178      1.78000000e+00    3.06746797e-06    8.58241687e-04    6.23564575e-01    6.35166255e-02
179      1.79000000e+00    3.09340483e-06    8.63255823e-04    6.23786379e-01    6.34883537e-02
180      1.80000000e+00    3.11934648e-06    8.68269856e-04    6.24006376e-01    6.34602880e-02
181      1.81000000e+00    3.14529285e-06    8.73283788e-04    6.24224594e-01    6.34324245e-02
182      1.82000000e+00    3.17124387e-06    8.78297620e-04    6.24441062e-01    6.34047596e-02
183      1.83000000e+00    3.19719945e-06    8.83311355e-04    6.24655806e-01    6.33772895e-02
184      1.84000000e+00    3.22315954e-06    8.88324995e-04    6.24868854e-01    6.33500107e-02
185      1.85000000e+00    3.24912405e-06    8.93338540e-04    6.25080233e-01    6.33229199e-02
186      1.86000000e+00    3.27509293e-06    8.98351993e-04    6.25289967e-01    6.32960138e-02
187      1.87000000e+00    3.30106610e-06    9.03365355e-04    6.25498081e-01    6.32692890e-02
188      1.88000000e+00    3.32704350e-06    9.08378629e-04    6.25704602e-01    6.32427426e-02
189      1.89000000e+00    3.35302506e-06    9.13391814e-04    6.25909552e-01    6.32163714e-02
190      1.90000000e+00    3.37901073e-06    9.18404914e-04    6.26112954e-01    6.31901725e-02
191      1.91000000e+00    3.40500044e-06    9.23417929e-04    6.26314832e-01    6.31641430e-02
192      1.92000000e+00    3.43099414e-06    9.28430860e-04    6.26515209e-01    6.31382801e-02
193      1.93000000e+00    3.45699176e-06    9.33443709e-04    6.26714105e-01    6.31125810e-02
194      1.94000000e+00    3.48299325e-06    9.38456478e-04    6.26911543e-01    6.30870433e-02
195      1.95000000e+00    3.50899856e-06    9.43469168e-04    6.27107544e-01    6.30616641e-02
196      1.96000000e+00    3.53505108e-06    9.48479924e-04    6.27285741e-01    6.30401514e-02
197      1.97000000e+00    3.56103589e-06    9.53493652e-04    6.27489471e-01    6.30126959e-02
198      1.98000000e+00    3.58704239e-06    9.58506534e-04    6.27685020e-01    6.29869311e-02
199      1.99000000e+00    3.61305886e-06    9.63519071e-04    6.27876811e-01    6.29618585e-02
200      2.00000000e+00    3.63912432e-06    9.68529589e-04    6.28050133e-01    6.29408230e-02
201      2.01000000e+00    3.66512373e-06    9.73543011e-04    6.28248354e-01    6.29139776e-02
202      2.02000000e+00    3.69114408e-06    9.78555615e-04    6.28438683e-01    6.28887701e-02
203      2.03000000e+00    3.71717423e-06    9.83567875e-04    6.28625315e-01    6.28642506e-02
204      2.04000000e+00    3.74325288e-06    9.88578127e-04    6.28793666e-01    6.28437452e-02
205      2.05000000e+00    3.76926658e-06    9.93591243e-04    6.28986498e-01    6.28175143e-02
206      2.06000000e+00    3.79530021e-06    9.98603577e-04    6.29171820e-01    6.27928464e-02
207      2.07000000e+00    3.82138605e-06    1.00361374e-03    6.29337457e-01    6.27725272e-02
208      2.08000000e+00    3.84740892e-06    1.00862668e-03    6.29526835e-01    6.27466427e-02
209      2.09000000e+00    3.87345165e-06    1.01363884e-03    6.29708729e-01    6.27223241e-02
210      2.10000000e+00    3.89954634e-06    1.01864883e-03    6.29871029e-01    6.27023492e-02
211      2.11000000e+00    3.92557896e-06    1.02366156e-03    6.30056732e-01    6.26768773e-02
212      2.12000000e+00    3.95163079e-06    1.02867354e-03    6.30235193e-01    6.26529246e-02
213      2.13000000e+00    3.97773410e-06    1.03368336e-03    6.30394243e-01    6.26332891e-02
214      2.14000000e+00    4.00377617e-06    1.03869589e-03    6.30576385e-01    6.26082192e-02
215      2.15000000e+00    4.02983678e-06    1.04370769e-03    6.30751532e-01    6.25846203e-02
216      2.16000000e+00    4.05594839e-06    1.04871734e-03    6.30907457e-01    6.25653105e-02
217      2.17000000e+00    4.08199956e-06    1.05372969e-03    6.31086167e-01    6.25406279e-02
218      2.18000000e+00    4.10811078e-06    1.05873948e-03    6.31242238e-01    6.25210303e-02
219      2.19000000e+00    4.13416480e-06    1.06375183e-03    6.31419869e-01    6.24963355e-02
220      2.20000000e+00    4.16028013e-06    1.06876158e-03    6.31574392e-01    6.24768446e-02
221      2.21000000e+00    4.18633927e-06    1.07377383e-03    6.31750094e-01    6.24523389e-02
222      2.22000000e+00    4.21245947e-06    1.07878349e-03    6.31902781e-01    6.24330273e-02
223      2.23000000e+00    4.23852407e-06    1.08379563e-03    6.32076427e-01    6.24087460e-02
224      2.24000000e+00    4.26464919e-06    1.08880519e-03    6.32227256e-01    6.23896242e-02
225      2.25000000e+00    4.29071921e-06    1.09381721e-03    6.32398859e-01    6.23655700e-02
226      2.26000000e+00    4.31684917e-06    1.09882668e-03    6.32547861e-01    6.23466364e-02
227      2.27000000e+00    4.34292451e-06    1.10383860e-03    6.32717461e-01    6.23228059e-02
228      2.28000000e+00    4.36905921e-06    1.10884797e-03    6.32864678e-01    6.23040563e-02
229      2.29000000e+00    4.39513974e-06    1.11385978e-03    6.33032318e-01    6.22804449e-02
230      2.30000000e+00    4.42127907e-06    1.11886906e-03    6.33177792e-01    6.22618751e-02
231      2.31000000e+00    4.44736468e-06    1.12388076e-03    6.33343515e-01    6.22384780e-02
232      2.32000000e+00    4.47350853e-06    1.12888996e-03    6.33487286e-01    6.22200837e-02
233      2.33000000e+00    4.49959911e-06    1.13390155e-03    6.33651135e-01    6.21968964e-02
234      2.34000000e+00    4.52574737e-06    1.13891067e-03    6.33793241e-01    6.21786697e-02
235      2.35000000e+00    4.55184282e-06    1.14392216e-03    6.33955256e-01    6.21556833e-02
236      2.36000000e+00    4.57799539e-06    1.14893119e-03    6.34095738e-01    6.21376239e-02
237      2.37000000e+00    4.60409560e-06    1.15394258e-03    6.34255960e-01    6.21148384e-02
238      2.38000000e+00    4.63025238e-06    1.15895153e-03    6.34394853e-01    6.20969427e-02
239      2.39000000e+00    4.65635724e-06    1.16396282e-03    6.34553321e-01    6.20743540e-02
240      2.40000000e+00    4.68251814e-06    1.16897169e-03    6.34690661e-01    6.20566183e-02
241      2.41000000e+00    4.70862756e-06    1.17398289e-03    6.34847411e-01    6.20342225e-02
242      2.42000000e+00    4.73479249e-06    1.17899168e-03    6.34983231e-01    6.20166433e-02
243      2.43000000e+00    4.76090637e-06    1.18400278e-03    6.35138300e-01    6.19944366e-02
244      2.44000000e+00    4.78707524e-06    1.18901149e-03    6.35272635e-01    6.19770105e-02
245      2.45000000e+00    4.81319348e-06    1.19402251e-03    6.35426057e-01    6.19549891e-02
246      2.46000000e+00    4.83936621e-06    1.19903114e-03    6.35558938e-01    6.19377128e-02
247      2.47000000e+00    4.86552923e-06    1.20404026e-03    6.35695481e-01    6.19194787e-02
248      2.48000000e+00    4.89164669e-06    1.20905145e-03    6.35849196e-01    6.18970915e-02
249      2.49000000e+00    4.91782183e-06    1.21406013e-03    6.35981171e-01    6.18797469e-02
250      2.50000000e+00    4.94398895e-06    1.21906920e-03    6.36116166e-01    6.18615963e-02
251      2.51000000e+00    4.97011159e-06    1.22408031e-03    6.36267930e-01    6.18393807e-02
252      2.52000000e+00    4.99629167e-06    1.22908890e-03    6.36398040e-01    6.18222024e-02
253      2.53000000e+00    5.02246420e-06    1.23409787e-03    6.36530996e-01    6.18042602e-02
254      2.54000000e+00    5.04859275e-06    1.23910885e-03    6.36680533e-01    6.17822902e-02
255      2.55000000e+00    5.07477802e-06    1.24411735e-03    6.36808686e-01    6.17653085e-02
256      2.56000000e+00    5.10095602e-06    1.24912621e-03    6.36939582e-01    6.17475881e-02
257      2.57000000e+00    5.12709043e-06    1.25413707e-03    6.37086906e-01    6.17258694e-02
258      2.58000000e+00    5.15328080e-06    1.25914546e-03    6.37213138e-01    6.17090843e-02
259      2.59000000e+00    5.17946413e-06    1.26415421e-03    6.37342024e-01    6.16915822e-02
260      2.60000000e+00    5.20564415e-06    1.26916315e-03    6.37472157e-01    6.16736981e-02
261      2.61000000e+00    5.23178288e-06    1.27417399e-03    6.37617856e-01    6.16520116e-02
262      2.62000000e+00    5.25797825e-06    1.27918233e-03    6.37742199e-01    6.16353403e-02
263      2.63000000e+00    5.28416753e-06    1.28419098e-03    6.37868843e-01    6.16180376e-02
264      2.64000000e+00    5.31035394e-06    1.28919980e-03    6.37996565e-01    6.16003952e-02
265      2.65000000e+00    5.33653937e-06    1.29420871e-03    6.38124658e-01    6.15825822e-02
266      2.66000000e+00    5.36268512e-06    1.29921945e-03    6.38267710e-01    6.15611009e-02
267      2.67000000e+00    5.38888732e-06    1.30422768e-03    6.38389482e-01    6.15446405e-02
268      2.68000000e+00    5.41508416e-06    1.30923619e-03    6.38513271e-01    6.15276180e-02
269      2.69000000e+00    5.44127848e-06    1.31424486e-03    6.38638012e-01    6.15102882e-02
270      2.70000000e+00    5.46747194e-06    1.31925360e-03    6.38763080e-01    6.14928020e-02
271      2.71000000e+00    5.49366550e-06    1.32426238e-03    6.38888106e-01    6.14752483e-02
272      2.72000000e+00    5.51985976e-06    1.32927116e-03    6.39012872e-01    6.14576799e-02
273      2.73000000e+00    5.54605504e-06    1.33427994e-03    6.39137251e-01    6.14401282e-02
274      2.74000000e+00    5.57225154e-06    1.33928869e-03    6.39261169e-01    6.14226116e-02
275      2.75000000e+00    5.59844938e-06    1.34429743e-03    6.39384584e-01    6.14051411e-02
276      2.76000000e+00    5.62464861e-06    1.34930614e-03    6.39507472e-01    6.13877229e-02
277      2.77000000e+00    5.65084928e-06    1.35431482e-03    6.39629822e-01    6.13703607e-02
278      2.78000000e+00    5.67705139e-06    1.35932347e-03    6.39751628e-01    6.13530566e-02
279      2.79000000e+00    5.70325494e-06    1.36433209e-03    6.39872888e-01    6.13358116e-02
280      2.80000000e+00    5.72945994e-06    1.36934069e-03    6.39993604e-01    6.13186261e-02
281      2.81000000e+00    5.75566637e-06    1.37434925e-03    6.40113779e-01    6.13015002e-02
282      2.82000000e+00    5.78187423e-06    1.37935778e-03    6.40233415e-01    6.12844337e-02
283      2.83000000e+00    5.80808351e-06    1.38436629e-03    6.40352517e-01    6.12674265e-02
284      2.84000000e+00    5.83429419e-06    1.38937476e-03    6.40471089e-01    6.12504782e-02
285      2.85000000e+00    5.86050627e-06    1.39438321e-03    6.40589135e-01    6.12335883e-02
286      2.86000000e+00    5.88671974e-06    1.39939162e-03    6.40706659e-01    6.12167566e-02
287      2.87000000e+00    5.91293457e-06    1.40440001e-03    6.40823666e-01    6.11999825e-02
288      2.88000000e+00    5.93915077e-06    1.40940837e-03    6.40940160e-01    6.11832657e-02
289      2.89000000e+00    5.96536831e-06    1.41441670e-03    6.41056146e-01    6.11666058e-02
290      2.90000000e+00    5.99158719e-06    1.41942500e-03    6.41171628e-01    6.11500023e-02
291      2.91000000e+00    6.01780740e-06    1.42443327e-03    6.41286610e-01    6.11334547e-02
292      2.92000000e+00    6.04402892e-06    1.42944152e-03    6.41401097e-01    6.11169628e-02
293      2.93000000e+00    6.07025174e-06    1.43444974e-03    6.41515093e-01    6.11005260e-02
294      2.94000000e+00    6.09647586e-06    1.43945793e-03    6.41628601e-01    6.10841440e-02
295      2.95000000e+00    6.12270126e-06    1.44446609e-03    6.41741626e-01    6.10678164e-02
296      2.96000000e+00    6.14892792e-06    1.44947423e-03    6.41854172e-01    6.10515427e-02
297      2.97000000e+00    6.17515585e-06    1.45448234e-03    6.41966244e-01    6.10353226e-02
298      2.98000000e+00    6.20138503e-06    1.45949042e-03    6.42077844e-01    6.10191557e-02
299      2.99000000e+00    6.22761545e-06    1.46449848e-03    6.42188977e-01    6.10030416e-02
300      3.00000000e+00    6.25384709e-06    1.46950651e-03    6.42299646e-01    6.09869799e-02
301      3.01000000e+00    6.28007996e-06    1.47451451e-03    6.42409856e-01    6.09709703e-02
302      3.02000000e+00    6.30631403e-06    1.47952249e-03    6.42519611e-01    6.09550124e-02
303      3.03000000e+00    6.33254930e-06    1.48453045e-03    6.42628913e-01    6.09391058e-02
304      3.04000000e+00    6.35878577e-06    1.48953837e-03    6.42737767e-01    6.09232502e-02
305      3.05000000e+00    6.38502341e-06    1.49454628e-03    6.42846176e-01    6.09074452e-02
306      3.06000000e+00    6.41126222e-06    1.49955415e-03    6.42954143e-01    6.08916904e-02
307      3.07000000e+00    6.43750219e-06    1.50456201e-03    6.43061673e-01    6.08759856e-02
308      3.08000000e+00    6.46374332e-06    1.50956983e-03    6.43168769e-01    6.08603303e-02
309      3.09000000e+00    6.48998559e-06    1.51457764e-03    6.43275434e-01    6.08447243e-02
310      3.10000000e+00    6.51622899e-06    1.51958542e-03    6.43381672e-01    6.08291672e-02
311      3.11000000e+00    6.54247351e-06    1.52459317e-03    6.43487486e-01    6.08136587e-02
312      3.12000000e+00    6.56871915e-06    1.52960090e-03    6.43592879e-01    6.07981984e-02
313      3.13000000e+00    6.59500352e-06    1.53460685e-03    6.43683671e-01    6.07863064e-02
314      3.14000000e+00    6.62123935e-06    1.53961509e-03    6.43792766e-01    6.07698181e-02
315      3.15000000e+00    6.64748014e-06    1.54462313e-03    6.43899986e-01    6.07537394e-02
316      3.16000000e+00    6.67372464e-06    1.54963102e-03    6.44005813e-01    6.07379520e-02
317      3.17000000e+00    6.69997197e-06    1.55463881e-03    6.44110568e-01    6.07223763e-02
318      3.18000000e+00    6.72625899e-06    1.55964476e-03    6.44200362e-01    6.07104724e-02
319      3.19000000e+00    6.75249876e-06    1.56465296e-03    6.44307969e-01    6.06940807e-02
320      3.20000000e+00    6.77874382e-06    1.56966093e-03    6.44413580e-01    6.06781321e-02
321      3.21000000e+00    6.80499281e-06    1.57466875e-03    6.44517710e-01    6.06624998e-02
322      3.22000000e+00    6.83128205e-06    1.57967470e-03    6.44606667e-01    6.06506031e-02
323      3.23000000e+00    6.85752500e-06    1.58468285e-03    6.44713076e-01    6.06342981e-02
324      3.24000000e+00    6.88377343e-06    1.58969077e-03    6.44817417e-01    6.06184575e-02
325      3.25000000e+00    6.91002594e-06    1.59469853e-03    6.44920220e-01    6.06029494e-02
326      3.26000000e+00    6.93631844e-06    1.59970442e-03    6.45007946e-01    6.05911639e-02
327      3.27000000e+00    6.96256541e-06    1.60471248e-03    6.45112841e-01    6.05750310e-02
328      3.28000000e+00    6.98881776e-06    1.60972032e-03    6.45215705e-01    6.05593529e-02
329      3.29000000e+00    7.01511101e-06    1.61472625e-03    6.45303150e-01    6.05474917e-02
330      3.30000000e+00    7.04135949e-06    1.61973433e-03    6.45407474e-01    6.05313488e-02
331      3.31000000e+00    7.06761370e-06    1.62474215e-03    6.45509636e-01    6.05156979e-02
332      3.32000000e+00    7.09390886e-06    1.62974806e-03    6.45596358e-01    6.05038777e-02
333      3.33000000e+00    7.12015985e-06    1.63475609e-03    6.45699738e-01    6.04878240e-02
334      3.34000000e+00    7.14641659e-06    1.63976387e-03    6.45800947e-01    6.04722670e-02
335      3.35000000e+00    7.17271405e-06    1.64476974e-03    6.45886802e-01    6.04605270e-02
336      3.36000000e+00    7.19896785e-06    1.64977770e-03    6.45989122e-01    6.04445952e-02
337      3.37000000e+00    7.22526403e-06    1.65478368e-03    6.46075462e-01    6.04326433e-02
338      3.38000000e+00    7.25151721e-06    1.65979172e-03    6.46178011e-01    6.04165593e-02
339      3.39000000e+00    7.27777673e-06    1.66479948e-03    6.46278171e-01    6.04010303e-02
340      3.40000000e+00    7.30407711e-06    1.66980533e-03    6.46362928e-01    6.03893439e-02
341      3.41000000e+00    7.33033474e-06    1.67481323e-03    6.46463803e-01    6.03735422e-02
342      3.42000000e+00    7.35663443e-06    1.67981915e-03    6.46548820e-01    6.03617033e-02
343      3.43000000e+00    7.38289194e-06    1.68482710e-03    6.46649740e-01    6.03457988e-02
344      3.44000000e+00    7.40919200e-06    1.68983305e-03    6.46734614e-01    6.03339097e-02
345      3.45000000e+00    7.43545032e-06    1.69484100e-03    6.46835231e-01    6.03179916e-02
346      3.46000000e+00    7.46175131e-06    1.69984695e-03    6.46919755e-01    6.03061062e-02
347      3.47000000e+00    7.48801091e-06    1.70485489e-03    6.47019887e-01    6.02902214e-02
348      3.48000000e+00    7.51431312e-06    1.70986082e-03    6.47103952e-01    6.02783680e-02
349      3.49000000e+00    7.54057425e-06    1.71486873e-03    6.47203508e-01    6.02625412e-02
350      3.50000000e+00    7.56687782e-06    1.71987463e-03    6.47287061e-01    6.02507348e-02
351      3.51000000e+00    7.59314060e-06    1.72488251e-03    6.47385995e-01    6.02349788e-02
352      3.52000000e+00    7.61944559e-06    1.72988839e-03    6.47469011e-01    6.02232271e-02
353      3.53000000e+00    7.64571007e-06    1.73489623e-03    6.47567303e-01    6.02075483e-02
354      3.54000000e+00    7.67201652e-06    1.73990207e-03    6.47649771e-01    6.01958551e-02
355      3.55000000e+00    7.69828272e-06    1.74490987e-03    6.47747414e-01    6.01802567e-02
356      3.56000000e+00    7.72459063e-06    1.74991569e-03    6.47829332e-01    6.01686238e-02
357      3.57000000e+00    7.75085855e-06    1.75492345e-03    6.47926326e-01    6.01531071e-02
358      3.58000000e+00    7.77716791e-06    1.75992923e-03    6.48007696e-01    6.01415352e-02
359      3.59000000e+00    7.80347345e-06    1.76493522e-03    6.48090509e-01    6.01295569e-02
360      3.60000000e+00    7.82973982e-06    1.76994312e-03    6.48188090e-01    6.01137676e-02
361      3.61000000e+00    7.85604875e-06    1.77494898e-03    6.48269619e-01    6.01020391e-02
362      3.62000000e+00    7.88231858e-06    1.77995675e-03    6.48365895e-01    6.00865016e-02
363      3.63000000e+00    7.90863005e-06    1.78496253e-03    6.48446472e-01    6.00749401e-02
364      3.64000000e+00    7.93493816e-06    1.78996849e-03    6.48528313e-01    6.00630184e-02
365      3.65000000e+00    7.96120779e-06    1.79497633e-03    6.48624663e-01    6.00473423e-02
366      3.66000000e+00    7.98751965e-06    1.79998215e-03    6.48705092e-01    6.00357064e-02
367      3.67000000e+00    8.01382861e-06    1.80498812e-03    6.48786613e-01    6.00237542e-02
368      3.68000000e+00    8.04009954e-06    1.80999596e-03    6.48882473e-01    6.00080860e-02
369      3.69000000e+00    8.06641272e-06    1.81500177e-03    6.48962406e-01    5.99964668e-02
370      3.70000000e+00    8.09272323e-06    1.82000772e-03    6.49043342e-01    5.99845542e-02
371      3.71000000e+00    8.11899608e-06    1.82501552e-03    6.49138477e-01    5.99689568e-02
372      3.72000000e+00    8.14531096e-06    1.83002130e-03    6.49217768e-01    5.99573937e-02
373      3.73000000e+00    8.17162331e-06    1.83502722e-03    6.49298012e-01    5.99455507e-02
374      3.74000000e+00    8.19793384e-06    1.84003325e-03    6.49378942e-01    5.99334961e-02
375      3.75000000e+00    8.22420736e-06    1.84504109e-03    6.49473826e-01    5.99178120e-02
376      3.76000000e+00    8.25052326e-06    1.85004690e-03    6.49552730e-01    5.99062074e-02
377      3.77000000e+00    8.27683707e-06    1.85505282e-03    6.49632425e-01    5.98943645e-02
378      3.78000000e+00    8.30314938e-06    1.86005883e-03    6.49712685e-01    5.98823414e-02
379      3.79000000e+00    8.32942514e-06    1.86506664e-03    6.49806722e-01    5.98667283e-02
380      3.80000000e+00    8.35574307e-06    1.87007241e-03    6.49884863e-01    5.98551819e-02
381      3.81000000e+00    8.38205909e-06    1.87507829e-03    6.49963724e-01    5.98434160e-02
382      3.82000000e+00    8.40837374e-06    1.88008426e-03    6.50043099e-01    5.98314839e-02
383      3.83000000e+00    8.43468746e-06    1.88509029e-03    6.50122826e-01    5.98194273e-02
384      3.84000000e+00    8.46096526e-06    1.89009808e-03    6.50216096e-01    5.98038328e-02
385      3.85000000e+00    8.48728519e-06    1.89510384e-03    6.50293484e-01    5.97923127e-02
386      3.86000000e+00    8.51360352e-06    1.90010970e-03    6.50371473e-01    5.97806049e-02
387      3.87000000e+00    8.53992073e-06    1.90511562e-03    6.50449884e-01    5.97687547e-02
388      3.88000000e+00    8.56623718e-06    1.91012160e-03    6.50528582e-01    5.97567979e-02
389      3.89000000e+00    8.59255317e-06    1.91512762e-03    6.50607456e-01    5.97447627e-02
390      3.90000000e+00    8.61886891e-06    1.92013367e-03    6.50686419e-01    5.97326699e-02
391      3.91000000e+00    8.64514954e-06    1.92514145e-03    6.50778624e-01    5.97171058e-02
392      3.92000000e+00    8.67147219e-06    1.93014719e-03    6.50854984e-01    5.97056225e-02
393      3.93000000e+00    8.69779366e-06    1.93515300e-03    6.50931791e-01    5.96939919e-02
394      3.94000000e+00    8.72411431e-06    1.94015888e-03    6.51008906e-01    5.96822499e-02
395      3.95000000e+00    8.75043443e-06    1.94516479e-03    6.51086220e-01    5.96704248e-02
396      3.96000000e+00    8.77675425e-06    1.95017073e-03    6.51163647e-01    5.96585393e-02
397      3.97000000e+00    8.80307396e-06    1.95517669e-03    6.51241117e-01    5.96466113e-02
398      3.98000000e+00    8.82939370e-06    1.96018267e-03    6.51318576e-01    5.96346551e-02
399      3.99000000e+00    8.85571358e-06    1.96518866e-03    6.51395982e-01    5.96226821e-02
400      4.00000000e+00    8.88203369e-06    1.97019465e-03    6.51473300e-01    5.96107014e-02
401      4.01000000e+00    8.90835411e-06    1.97520064e-03    6.51550502e-01    5.95987201e-02
402      4.02000000e+00    8.93467489e-06    1.98020663e-03    6.51627568e-01    5.95867441e-02
403      4.03000000e+00    8.96099607e-06    1.98521261e-03    6.51704481e-01    5.95747779e-02
404      4.04000000e+00    8.98731770e-06    1.99021859e-03    6.51781227e-01    5.95628252e-02
405      4.05000000e+00    9.01363980e-06    1.99522456e-03    6.51857797e-01    5.95508888e-02
406      4.06000000e+00    9.03996238e-06    2.00023051e-03    6.51934181e-01    5.95389711e-02
407      4.07000000e+00    9.06628548e-06    2.00523646e-03    6.52010375e-01    5.95270738e-02
408      4.08000000e+00    9.09260909e-06    2.01024240e-03    6.52086372e-01    5.95151984e-02
409      4.09000000e+00    9.11893324e-06    2.01524833e-03    6.52162170e-01    5.95033461e-02
410      4.10000000e+00    9.14525792e-06    2.02025424e-03    6.52237765e-01    5.94915177e-02
411      4.11000000e+00    9.17158314e-06    2.02526014e-03    6.52313156e-01    5.94797140e-02
412      4.12000000e+00    9.19790891e-06    2.03026603e-03    6.52388342e-01    5.94679354e-02
413      4.13000000e+00    9.22423522e-06    2.03527191e-03    6.52463322e-01    5.94561824e-02
414      4.14000000e+00    9.25056208e-06    2.04027777e-03    6.52538094e-01    5.94444553e-02
415      4.15000000e+00    9.27688950e-06    2.04528362e-03    6.52612660e-01    5.94327543e-02
416      4.16000000e+00    9.30321746e-06    2.05028946e-03    6.52687019e-01    5.94210796e-02
417      4.17000000e+00    9.32954596e-06    2.05529528e-03    6.52761172e-01    5.94094312e-02
418      4.18000000e+00    9.35587502e-06    2.06030110e-03    6.52835118e-01    5.93978093e-02
419      4.19000000e+00    9.38220462e-06    2.06530689e-03    6.52908859e-01    5.93862139e-02
420      4.20000000e+00    9.40853476e-06    2.07031268e-03    6.52982396e-01    5.93746450e-02
421      4.21000000e+00    9.43486544e-06    2.07531845e-03    6.53055728e-01    5.93631025e-02
422      4.22000000e+00    9.46119667e-06    2.08032421e-03    6.53128857e-01    5.93515865e-02
423      4.23000000e+00    9.48752843e-06    2.08532995e-03    6.53201783e-01    5.93400969e-02
424      4.24000000e+00    9.51386072e-06    2.09033568e-03    6.53274508e-01    5.93286335e-02
425      4.25000000e+00    9.54022760e-06    2.09533971e-03    6.53334196e-01    5.93205817e-02
426      4.26000000e+00    9.56655507e-06    2.10034571e-03    6.53408738e-01    5.93085873e-02
427      4.27000000e+00    9.59288411e-06    2.10535164e-03    6.53482692e-01    5.92967215e-02
428      4.28000000e+00    9.61921452e-06    2.11035752e-03    6.53556128e-01    5.92849657e-02
429      4.29000000e+00    9.64554614e-06    2.11536335e-03    6.53629104e-01    5.92733050e-02
430      4.30000000e+00    9.67187886e-06    2.12036914e-03    6.53701668e-01    5.92617270e-02
431      4.31000000e+00    9.69821257e-06    2.12537489e-03    6.53773860e-01    5.92502215e-02
432      4.32000000e+00    9.72458100e-06    2.13037892e-03    6.53832962e-01    5.92421523e-02
433      4.33000000e+00    9.75091075e-06    2.13538490e-03    6.53906647e-01    5.92302017e-02
434      4.34000000e+00    9.77724225e-06    2.14039080e-03    6.53979672e-01    5.92183999e-02
435      4.35000000e+00    9.80357528e-06    2.14539664e-03    6.54052120e-01    5.92067251e-02
436      4.36000000e+00    9.82990965e-06    2.15040242e-03    6.54124060e-01    5.91951597e-02
437      4.37000000e+00    9.85627894e-06    2.15540647e-03    6.54182840e-01    5.91870568e-02
438      4.38000000e+00    9.88261002e-06    2.16041244e-03    6.54256023e-01    5.91751127e-02
439      4.39000000e+00    9.90894301e-06    2.16541833e-03    6.54328485e-01    5.91633348e-02
440      4.40000000e+00    9.93527767e-06    2.17042415e-03    6.54400317e-01    5.91516988e-02
441      4.41000000e+00    9.96164746e-06    2.17542822e-03    6.54458909e-01    5.91435527e-02
442      4.42000000e+00    9.98797939e-06    2.18043420e-03    6.54531770e-01    5.91315954e-02
443      4.43000000e+00    1.00143134e-05    2.18544009e-03    6.54603851e-01    5.91198204e-02
444      4.44000000e+00    1.00406492e-05    2.19044590e-03    6.54675255e-01    5.91082011e-02
445      4.45000000e+00    1.00670200e-05    2.19544996e-03    6.54733444e-01    5.91000707e-02
446      4.46000000e+00    1.00933534e-05    2.20045592e-03    6.54805760e-01    5.90881614e-02
447      4.47000000e+00    1.01196889e-05    2.20546178e-03    6.54877279e-01    5.90764400e-02
448      4.48000000e+00    1.01460262e-05    2.21046756e-03    6.54948104e-01    5.90648791e-02
449      4.49000000e+00    1.01723984e-05    2.21547160e-03    6.55005792e-01    5.90567923e-02
450      4.50000000e+00    1.01987335e-05    2.22047752e-03    6.55077463e-01    5.90449600e-02
451      4.51000000e+00    1.02250707e-05    2.22548334e-03    6.55148338e-01    5.90333160e-02
452      4.52000000e+00    1.02514430e-05    2.23048741e-03    6.55205983e-01    5.90251752e-02
453      4.53000000e+00    1.02777784e-05    2.23549335e-03    6.55277525e-01    5.90133074e-02
454      4.54000000e+00    1.03041161e-05    2.24049918e-03    6.55348217e-01    5.90016430e-02
455      4.55000000e+00    1.03304890e-05    2.24550325e-03    6.55405662e-01    5.89934905e-02
456      4.56000000e+00    1.03568252e-05    2.25050918e-03    6.55476913e-01    5.89816320e-02
457      4.57000000e+00    1.03831637e-05    2.25551501e-03    6.55547287e-01    5.89699843e-02
458      4.58000000e+00    1.04095373e-05    2.26051908e-03    6.55604441e-01    5.89618454e-02
459      4.59000000e+00    1.04358745e-05    2.26552499e-03    6.55675304e-01    5.89500227e-02
460      4.60000000e+00    1.04622141e-05    2.27053079e-03    6.55745281e-01    5.89384139e-02
461      4.61000000e+00    1.04885886e-05    2.27553485e-03    6.55802093e-01    5.89303036e-02
462      4.62000000e+00    1.05149270e-05    2.28054073e-03    6.55872514e-01    5.89185323e-02
463      4.63000000e+00    1.05413008e-05    2.28554484e-03    6.55929585e-01    5.89103116e-02
464      4.64000000e+00    1.05676386e-05    2.29055078e-03    6.56000236e-01    5.88984352e-02
465      4.65000000e+00    1.05939790e-05    2.29555660e-03    6.56069921e-01    5.88867949e-02
466      4.66000000e+00    1.06203543e-05    2.30056067e-03    6.56126420e-01    5.88786658e-02
467      4.67000000e+00    1.06466939e-05    2.30556655e-03    6.56196384e-01    5.88669079e-02
468      4.68000000e+00    1.06730689e-05    2.31057065e-03    6.56253031e-01    5.88586987e-02
469      4.69000000e+00    1.06994082e-05    2.31557657e-03    6.56323110e-01    5.88468676e-02
470      4.70000000e+00    1.07257830e-05    2.32058070e-03    6.56379793e-01    5.88386089e-02
471      4.71000000e+00    1.07521224e-05    2.32558663e-03    6.56449866e-01    5.88267370e-02
472      4.72000000e+00    1.07784973e-05    2.33059077e-03    6.56506503e-01    5.88184507e-02
473      4.73000000e+00    1.08048369e-05    2.33559672e-03    6.56576484e-01    5.88065617e-02
474      4.74000000e+00    1.08312122e-05    2.34060087e-03    6.56633017e-01    5.87982642e-02
475      4.75000000e+00    1.08575521e-05    2.34560681e-03    6.56702842e-01    5.87863753e-02
476      4.76000000e+00    1.08839278e-05    2.35061096e-03    6.56759227e-01    5.87780785e-02
477      4.77000000e+00    1.09102683e-05    2.35561690e-03    6.56828851e-01    5.87662025e-02
478      4.78000000e+00    1.09366444e-05    2.36062104e-03    6.56885058e-01    5.87579150e-02
479      4.79000000e+00    1.09629856e-05    2.36562697e-03    6.56954447e-01    5.87460610e-02
480      4.80000000e+00    1.09893622e-05    2.37063111e-03    6.57010454e-01    5.87377892e-02
481      4.81000000e+00    1.10157040e-05    2.37563702e-03    6.57079586e-01    5.87259641e-02
482      4.82000000e+00    1.10420812e-05    2.38064114e-03    6.57135377e-01    5.87177125e-02
483      4.83000000e+00    1.10684238e-05    2.38564704e-03    6.57204235e-01    5.87059211e-02
484      4.84000000e+00    1.10948016e-05    2.39065115e-03    6.57259798e-01    5.86976933e-02
485      4.85000000e+00    1.11211449e-05    2.39565703e-03    6.57328371e-01    5.86859392e-02
486      4.86000000e+00    1.11475233e-05    2.40066113e-03    6.57383699e-01    5.86777375e-02
487      4.87000000e+00    1.11738674e-05    2.40566699e-03    6.57451978e-01    5.86660233e-02
488      4.88000000e+00    1.12002465e-05    2.41067108e-03    6.57507067e-01    5.86578495e-02
489      4.89000000e+00    1.12266240e-05    2.41567525e-03    6.57562771e-01    5.86494918e-02
490      4.90000000e+00    1.12529671e-05    2.42068119e-03    6.57631403e-01    5.86376242e-02
491      4.91000000e+00    1.12793457e-05    2.42568533e-03    6.57686686e-01    5.86293440e-02
492      4.92000000e+00    1.13056901e-05    2.43069121e-03    6.57754823e-01    5.86175718e-02
493      4.93000000e+00    1.13320697e-05    2.43569532e-03    6.57809725e-01    5.86093580e-02
494      4.94000000e+00    1.13584478e-05    2.44069951e-03    6.57865173e-01    5.86009792e-02
495      4.95000000e+00    1.13847919e-05    2.44570544e-03    6.57933439e-01    5.85891156e-02
496      4.96000000e+00    1.14111714e-05    2.45070958e-03    6.57988382e-01    5.85808379e-02
497      4.97000000e+00    1.14375171e-05    2.45571545e-03    6.58056061e-01    5.85690953e-02
498      4.98000000e+00    1.14638977e-05    2.46071955e-03    6.58110561e-01    5.85609019e-02
499      4.99000000e+00    1.14902770e-05    2.46572372e-03    6.58165566e-01    5.85525552e-02
500      5.00000000e+00    1.15166226e-05    2.47072962e-03    6.58233262e-01    5.85407524e-02
501      5.01000000e+00    1.15430034e-05    2.47573374e-03    6.58287727e-01    5.85325169e-02
502      5.02000000e+00    1.15693829e-05    2.48073793e-03    6.58342649e-01    5.85241406e-02
503      5.03000000e+00    1.15957289e-05    2.48574384e-03    6.58410207e-01    5.85123206e-02
504      5.04000000e+00    1.16221100e-05    2.49074796e-03    6.58464529e-01    5.85040725e-02
505      5.05000000e+00    1.16484900e-05    2.49575215e-03    6.58519274e-01    5.84956929e-02
506      5.06000000e+00    1.16748366e-05    2.50075806e-03    6.58586593e-01    5.84838840e-02
507      5.07000000e+00    1.17012183e-05    2.50576218e-03    6.58640700e-01    5.84756433e-02
508      5.08000000e+00    1.17275989e-05    2.51076636e-03    6.58695208e-01    5.84672777e-02
509      5.09000000e+00    1.17539464e-05    2.51577225e-03    6.58762220e-01    5.84554987e-02
510      5.10000000e+00    1.17803287e-05    2.52077636e-03    6.58816069e-01    5.84472785e-02
511      5.11000000e+00    1.18067101e-05    2.52578053e-03    6.58870299e-01    5.84389384e-02
512      5.12000000e+00    1.18330906e-05    2.53078475e-03    6.58924854e-01    5.84304938e-02
513      5.13000000e+00    1.18594380e-05    2.53579068e-03    6.58991859e-01    5.84186467e-02
514      5.14000000e+00    1.18858206e-05    2.54079481e-03    6.59045647e-01    5.84103777e-02
515      5.15000000e+00    1.19122022e-05    2.54579900e-03    6.59099762e-01    5.84020036e-02
516      5.16000000e+00    1.19385511e-05    2.55080488e-03    6.59166241e-01    5.83902479e-02
517      5.17000000e+00    1.19649347e-05    2.55580898e-03    6.59219617e-01    5.83820424e-02
518      5.18000000e+00    1.19913175e-05    2.56081313e-03    6.59273321e-01    5.83737319e-02
519      5.19000000e+00    1.20176995e-05    2.56581734e-03    6.59327304e-01    5.83653298e-02
520      5.20000000e+00    1.20440489e-05    2.57082322e-03    6.59393582e-01    5.83535611e-02
521      5.21000000e+00    1.20704330e-05    2.57582733e-03    6.59446763e-01    5.83453454e-02
522      5.22000000e+00    1.20968164e-05    2.58083148e-03    6.59500235e-01    5.83370347e-02
523      5.23000000e+00    1.21231991e-05    2.58583568e-03    6.59553955e-01    5.83286410e-02
524      5.24000000e+00    1.21495812e-05    2.59083991e-03    6.59607884e-01    5.83201752e-02
525      5.25000000e+00    1.21759309e-05    2.59584582e-03    6.59674036e-01    5.83083579e-02
526      5.26000000e+00    1.22023155e-05    2.60084995e-03    6.59727064e-01    5.83001061e-02
527      5.27000000e+00    1.22286994e-05    2.60585411e-03    6.59780332e-01    5.82917738e-02
528      5.28000000e+00    1.22550828e-05    2.61085831e-03    6.59833802e-01    5.82833712e-02
529      5.29000000e+00    1.22814657e-05    2.61586255e-03    6.59887440e-01    5.82749076e-02
530      5.30000000e+00    1.23078164e-05    2.62086844e-03    6.59953209e-01    5.82631137e-02
531      5.31000000e+00    1.23342018e-05    2.62587256e-03    6.60005905e-01    5.82548766e-02
532      5.32000000e+00    1.23605867e-05    2.63087672e-03    6.60058809e-01    5.82465676e-02
533      5.33000000e+00    1.23869711e-05    2.63588090e-03    6.60111889e-01    5.82381961e-02
534      5.34000000e+00    1.24133551e-05    2.64088511e-03    6.60165113e-01    5.82297702e-02
535      5.35000000e+00    1.24397388e-05    2.64588935e-03    6.60218454e-01    5.82212973e-02
536      5.36000000e+00    1.24661223e-05    2.65089361e-03    6.60271890e-01    5.82127842e-02
537      5.37000000e+00    1.24924739e-05    2.65589952e-03    6.60337353e-01    5.82009633e-02
538      5.38000000e+00    1.25188601e-05    2.66090365e-03    6.60389751e-01    5.81927040e-02
539      5.39000000e+00    1.25452459e-05    2.66590781e-03    6.60442300e-01    5.81843887e-02
540      5.40000000e+00    1.25716314e-05    2.67091199e-03    6.60494975e-01    5.81760248e-02
541      5.41000000e+00    1.25980166e-05    2.67591619e-03    6.60547751e-01    5.81676188e-02
542      5.42000000e+00    1.26244016e-05    2.68092041e-03    6.60600607e-01    5.81591767e-02
543      5.43000000e+00    1.26507864e-05    2.68592465e-03    6.60653522e-01    5.81507040e-02
544      5.44000000e+00    1.26771711e-05    2.69092890e-03    6.60706480e-01    5.81422052e-02
545      5.45000000e+00    1.27035558e-05    2.69593316e-03    6.60759465e-01    5.81336847e-02
546      5.46000000e+00    1.27299404e-05    2.70093743e-03    6.60812464e-01    5.81251464e-02
547      5.47000000e+00    1.27562935e-05    2.70594333e-03    6.60877335e-01    5.81133354e-02
548      5.48000000e+00    1.27826812e-05    2.71094746e-03    6.60929204e-01    5.81050782e-02
549      5.49000000e+00    1.28090685e-05    2.71595161e-03    6.60981162e-01    5.80967828e-02
550      5.50000000e+00    1.28354557e-05    2.72095577e-03    6.61033190e-01    5.80884543e-02
551      5.51000000e+00    1.28618428e-05    2.72595995e-03    6.61085270e-01    5.80800979e-02
552      5.52000000e+00    1.28882297e-05    2.73096414e-03    6.61137386e-01    5.80717176e-02
553      5.53000000e+00    1.29146166e-05    2.73596834e-03    6.61189525e-01    5.80633176e-02
554      5.54000000e+00    1.29410035e-05    2.74097255e-03    6.61241673e-01    5.80549013e-02
555      5.55000000e+00    1.29673904e-05    2.74597676e-03    6.61293820e-01    5.80464717e-02
556      5.56000000e+00    1.29937773e-05    2.75098098e-03    6.61345954e-01    5.80380319e-02
557      5.57000000e+00    1.30201643e-05    2.75598521e-03    6.61398068e-01    5.80295843e-02
558      5.58000000e+00    1.30465513e-05    2.76098943e-03    6.61450153e-01    5.80211312e-02
559      5.59000000e+00    1.30729385e-05    2.76599366e-03    6.61502202e-01    5.80126746e-02
560      5.60000000e+00    1.30993257e-05    2.77099789e-03    6.61554209e-01    5.80042164e-02
561      5.61000000e+00    1.31257131e-05    2.77600212e-03    6.61606166e-01    5.79957583e-02
562      5.62000000e+00    1.31521006e-05    2.78100635e-03    6.61658070e-01    5.79873017e-02
563      5.63000000e+00    1.31784883e-05    2.78601058e-03    6.61709916e-01    5.79788479e-02
564      5.64000000e+00    1.32048761e-05    2.79101480e-03    6.61761699e-01    5.79703983e-02
565      5.65000000e+00    1.32312641e-05    2.79601902e-03    6.61813416e-01    5.79619537e-02
566      5.66000000e+00    1.32576524e-05    2.80102324e-03    6.61865063e-01    5.79535153e-02
567      5.67000000e+00    1.32840407e-05    2.80602746e-03    6.61916638e-01    5.79450839e-02
568      5.68000000e+00    1.33104293e-05    2.81103167e-03    6.61968138e-01    5.79366602e-02
569      5.69000000e+00    1.33368181e-05    2.81603588e-03    6.62019561e-01    5.79282449e-02
570      5.70000000e+00    1.33632072e-05    2.82104008e-03    6.62070904e-01    5.79198388e-02
571      5.71000000e+00    1.33895964e-05    2.82604428e-03    6.62122166e-01    5.79114423e-02
572      5.72000000e+00    1.34159858e-05    2.83104847e-03    6.62173346e-01    5.79030559e-02
573      5.73000000e+00    1.34423755e-05    2.83605266e-03    6.62224441e-01    5.78946801e-02
574      5.74000000e+00    1.34687654e-05    2.84105684e-03    6.62275450e-01    5.78863153e-02
575      5.75000000e+00    1.34951555e-05    2.84606102e-03    6.62326373e-01    5.78779619e-02
576      5.76000000e+00    1.35215459e-05    2.85106519e-03    6.62377208e-01    5.78696201e-02
577      5.77000000e+00    1.35479365e-05    2.85606935e-03    6.62427955e-01    5.78612903e-02
578      5.78000000e+00    1.35743273e-05    2.86107351e-03    6.62478613e-01    5.78529727e-02
579      5.79000000e+00    1.36007493e-05    2.86607605e-03    6.62517525e-01    5.78478908e-02
580      5.80000000e+00    1.36271379e-05    2.87108034e-03    6.62569009e-01    5.78393206e-02
581      5.81000000e+00    1.36535270e-05    2.87608461e-03    6.62620314e-01    5.78307879e-02
582      5.82000000e+00    1.36799166e-05    2.88108885e-03    6.62671446e-01    5.78222905e-02
583      5.83000000e+00    1.37063066e-05    2.88609309e-03    6.62722412e-01    5.78138267e-02
584      5.84000000e+00    1.37326970e-05    2.89109730e-03    6.62773221e-01    5.78053945e-02
585      5.85000000e+00    1.37590879e-05    2.89610150e-03    6.62823876e-01    5.77969926e-02
586      5.86000000e+00    1.37854791e-05    2.90110569e-03    6.62874384e-01    5.77886194e-02
587      5.87000000e+00    1.38118707e-05    2.90610986e-03    6.62924749e-01    5.77802736e-02
588      5.88000000e+00    1.38382934e-05    2.91111242e-03    6.62963384e-01    5.77751658e-02
589      5.89000000e+00    1.38646831e-05    2.91611670e-03    6.63014455e-01    5.77666014e-02
590      5.90000000e+00    1.38910734e-05    2.92112096e-03    6.63065310e-01    5.77580847e-02
591      5.91000000e+00    1.39174643e-05    2.92612519e-03    6.63115962e-01    5.77496126e-02
592      5.92000000e+00    1.39438557e-05    2.93112941e-03    6.63166420e-01    5.77411824e-02
593      5.93000000e+00    1.39702475e-05    2.93613360e-03    6.63216693e-01    5.77327916e-02
594      5.94000000e+00    1.39966705e-05    2.94113618e-03    6.63255217e-01    5.77276483e-02
595      5.95000000e+00    1.40230607e-05    2.94614047e-03    6.63306105e-01    5.77190642e-02
596      5.96000000e+00    1.40494516e-05    2.95114473e-03    6.63356750e-01    5.77105361e-02
597      5.97000000e+00    1.40758431e-05    2.95614897e-03    6.63407164e-01    5.77020602e-02
598      5.98000000e+00    1.41022351e-05    2.96115318e-03    6.63457360e-01    5.76936333e-02
599      5.99000000e+00    1.41286277e-05    2.96615737e-03    6.63507350e-01    5.76852521e-02
600      6.00000000e+00    1.41550514e-05    2.97115994e-03    6.63545632e-01    5.76801110e-02
End of Xyce(TM) Simulation
