Index        TIME          {V(11)+2.0}      {V(12)+2.0}      {V(3)+2.0}       {V(4)+2.0}       {V(5)+2.0}
0       0.00000000e+00   7.00000000e+00   2.00000000e+00   2.00000393e+00   6.99999404e+00   6.99999404e+00   
1       5.00000000e-11   7.00000000e+00   2.00000000e+00   2.00000393e+00   6.99999404e+00   6.99999404e+00   
2       1.50000000e-10   7.00000000e+00   2.00000000e+00   2.00000393e+00   6.99999404e+00   6.99999404e+00   
3       3.50000000e-10   7.00000000e+00   2.00000000e+00   2.00000393e+00   6.99999404e+00   6.99999404e+00   
4       7.50000000e-10   7.00000000e+00   2.00000000e+00   2.00000393e+00   6.99999404e+00   6.99999404e+00   
5       1.55000000e-09   7.00000000e+00   2.00000000e+00   2.00000393e+00   6.99999404e+00   6.99999404e+00   
6       3.15000000e-09   7.00000000e+00   2.00000000e+00   2.00000393e+00   6.99999404e+00   6.99999404e+00   
7       6.35000000e-09   7.00000000e+00   2.00000000e+00   2.00000393e+00   6.99999404e+00   6.99999404e+00   
8       1.00000000e-08   7.00000000e+00   2.00000000e+00   2.00000393e+00   6.99999404e+00   6.99999404e+00   
9       1.00005000e-08   7.00000000e+00   2.02500000e+00   2.00000392e+00   6.99999403e+00   6.99999404e+00   
10      1.00005625e-08   7.00000000e+00   2.02812500e+00   2.00000392e+00   6.99999403e+00   6.99999404e+00   
11      1.00006875e-08   7.00000000e+00   2.03437500e+00   2.00000392e+00   6.99999402e+00   6.99999404e+00   
12      1.00009375e-08   7.00000000e+00   2.04687500e+00   2.00000392e+00   6.99999401e+00   6.99999404e+00   
13      1.00014375e-08   7.00000000e+00   2.07187500e+00   2.00000392e+00   6.99999398e+00   6.99999404e+00   
14      1.00024375e-08   7.00000000e+00   2.12187500e+00   2.00000391e+00   6.99999386e+00   6.99999404e+00   
15      1.00044375e-08   7.00000000e+00   2.22187500e+00   2.00000385e+00   6.99999315e+00   6.99999404e+00   
16      1.00068165e-08   7.00000000e+00   2.34082557e+00   2.00000364e+00   6.99999066e+00   6.99999403e+00   
17      1.00091955e-08   7.00000000e+00   2.45977615e+00   2.00000305e+00   6.99998364e+00   6.99999400e+00   
18      1.00113366e-08   7.00000000e+00   2.56683166e+00   2.00000172e+00   6.99996779e+00   6.99999395e+00   
19      1.00118719e-08   7.00000000e+00   2.59359554e+00   2.00000130e+00   6.99996263e+00   6.99999393e+00   
20      1.00123455e-08   7.00000000e+00   2.61727266e+00   2.00000085e+00   6.99995703e+00   6.99999391e+00   
21      1.00128190e-08   7.00000000e+00   2.64094978e+00   2.00000029e+00   6.99995017e+00   6.99999389e+00   
22      1.00130558e-08   7.00000000e+00   2.65278834e+00   1.99999998e+00   6.99994636e+00   6.99999388e+00   
23      1.00130854e-08   7.00000000e+00   2.65426816e+00   1.99999994e+00   6.99994587e+00   6.99999388e+00   
24      1.00131007e-08   7.00000000e+00   2.65503579e+00   1.99999992e+00   6.99994562e+00   6.99999388e+00   
25      1.00131314e-08   7.00000000e+00   2.65657107e+00   1.99999988e+00   6.99994510e+00   6.99999388e+00   
26      1.00131353e-08   7.00000000e+00   2.65676297e+00   1.99999988e+00   6.99994504e+00   6.99999388e+00   
27      1.00131377e-08   7.00000000e+00   2.65688360e+00   1.99999987e+00   6.99994500e+00   6.99999388e+00   
28      1.00131393e-08   7.00000000e+00   2.65696537e+00   1.99999987e+00   6.99994497e+00   6.99999388e+00   
29      1.00131409e-08   7.00000000e+00   2.65704714e+00   1.99999987e+00   6.99994495e+00   6.99999388e+00   
30      1.00131424e-08   7.00000000e+00   2.65712074e+00   1.99999987e+00   6.99994492e+00   6.99999388e+00   
31      1.00131454e-08   7.00000000e+00   2.65726792e+00   1.99999986e+00   6.99994488e+00   6.99999388e+00   
32      1.00131483e-08   7.00000000e+00   2.65741511e+00   1.99999986e+00   6.99994483e+00   6.99999388e+00   
33      1.00131542e-08   7.00000000e+00   2.65770948e+00   1.99999985e+00   6.99994473e+00   6.99999388e+00   
34      1.00131601e-08   7.00000000e+00   2.65800386e+00   1.99999984e+00   6.99994464e+00   6.99999388e+00   
35      1.00131660e-08   7.00000000e+00   2.65829823e+00   1.99999984e+00   6.99994455e+00   6.99999388e+00   
36      1.00131777e-08   7.00000000e+00   2.65888697e+00   1.99999982e+00   6.99994436e+00   6.99999387e+00   
37      1.00131895e-08   7.00000000e+00   2.65947572e+00   1.99999980e+00   6.99994417e+00   6.99999387e+00   
38      1.00132013e-08   7.00000000e+00   2.66006446e+00   1.99999979e+00   6.99994398e+00   6.99999387e+00   
39      1.00132248e-08   7.00000000e+00   2.66124195e+00   1.99999976e+00   6.99994360e+00   6.99999387e+00   
40      1.00132484e-08   7.00000000e+00   2.66241945e+00   1.99999972e+00   6.99994322e+00   6.99999387e+00   
41      1.00132719e-08   7.00000000e+00   2.66359694e+00   1.99999969e+00   6.99994284e+00   6.99999387e+00   
42      1.00133190e-08   7.00000000e+00   2.66595192e+00   1.99999962e+00   6.99994206e+00   6.99999387e+00   
43      1.00133661e-08   7.00000000e+00   2.66830690e+00   1.99999956e+00   6.99994128e+00   6.99999386e+00   
44      1.00134132e-08   7.00000000e+00   2.67066188e+00   1.99999949e+00   6.99994050e+00   6.99999386e+00   
45      1.00135074e-08   7.00000000e+00   2.67537184e+00   1.99999935e+00   6.99993889e+00   6.99999386e+00   
46      1.00136016e-08   7.00000000e+00   2.68008180e+00   1.99999921e+00   6.99993727e+00   6.99999385e+00   
47      1.00136958e-08   7.00000000e+00   2.68479177e+00   1.99999907e+00   6.99993561e+00   6.99999385e+00   
48      1.00138842e-08   7.00000000e+00   2.69421169e+00   1.99999877e+00   6.99993215e+00   6.99999383e+00   
49      1.00140726e-08   7.00000000e+00   2.70363162e+00   1.99999846e+00   6.99992858e+00   6.99999382e+00   
50      1.00142610e-08   7.00000000e+00   2.71305154e+00   1.99999814e+00   6.99992487e+00   6.99999381e+00   
51      1.00146378e-08   7.00000000e+00   2.73189139e+00   1.99999744e+00   6.99991678e+00   6.99999378e+00   
52      1.00150146e-08   7.00000000e+00   2.75073124e+00   1.99999669e+00   6.99990808e+00   6.99999375e+00   
53      1.00153914e-08   7.00000000e+00   2.76957109e+00   1.99999588e+00   6.99989871e+00   6.99999371e+00   
54      1.00161450e-08   7.00000000e+00   2.80725079e+00   1.99999396e+00   6.99987645e+00   6.99999362e+00   
55      1.00168986e-08   7.00000000e+00   2.84493049e+00   1.99999171e+00   6.99985053e+00   6.99999352e+00   
56      1.00176522e-08   7.00000000e+00   2.88261019e+00   1.99998909e+00   6.99982025e+00   6.99999339e+00   
57      1.00191594e-08   7.00000000e+00   2.95796958e+00   1.99998174e+00   6.99973512e+00   6.99999302e+00   
58      1.00204424e-08   7.00000000e+00   3.02212243e+00   1.99997359e+00   6.99964081e+00   6.99999260e+00   
59      1.00217255e-08   7.00000000e+00   3.08627527e+00   1.99996293e+00   6.99951730e+00   6.99999203e+00   
60      1.00230086e-08   7.00000000e+00   3.15042811e+00   1.99994895e+00   6.99935517e+00   6.99999128e+00   
61      1.00255747e-08   7.00000000e+00   3.27873379e+00   1.99990954e+00   6.99889753e+00   6.99998913e+00   
62      1.00278520e-08   7.00000000e+00   3.39259907e+00   1.99985306e+00   6.99823899e+00   6.99998607e+00   
63      1.00288744e-08   7.00000000e+00   3.44371846e+00   1.99981511e+00   6.99779553e+00   6.99998403e+00   
64      1.00295828e-08   7.00000000e+00   3.47913916e+00   1.99978145e+00   6.99738889e+00   6.99998234e+00   
65      1.00302912e-08   7.00000000e+00   3.51455986e+00   1.99973607e+00   6.99683082e+00   6.99998025e+00   
66      1.00309187e-08   7.00000000e+00   3.54593731e+00   1.99968463e+00   6.99620162e+00   6.99997800e+00   
67      1.00315463e-08   7.00000000e+00   3.57731475e+00   1.99961986e+00   6.99541522e+00   6.99997525e+00   
68      1.00321111e-08   7.00000000e+00   3.60555445e+00   1.99954907e+00   6.99456127e+00   6.99997228e+00   
69      1.00326759e-08   7.00000000e+00   3.63379415e+00   1.99946411e+00   6.99354303e+00   6.99996873e+00   
70      1.00332407e-08   7.00000000e+00   3.66203385e+00   1.99936325e+00   6.99234149e+00   6.99996451e+00   
71      1.00343703e-08   7.00000000e+00   3.71851325e+00   1.99911773e+00   6.98943109e+00   6.99995413e+00   
72      1.00354999e-08   7.00000000e+00   3.77499264e+00   1.99879360e+00   6.98562156e+00   6.99994010e+00   
73      1.00366294e-08   7.00000000e+00   3.83147204e+00   1.99837481e+00   6.98073681e+00   6.99992134e+00   
74      1.00377590e-08   7.00000000e+00   3.88795144e+00   1.99784635e+00   6.97461211e+00   6.99989670e+00   
75      1.00385121e-08   7.00000000e+00   3.92560437e+00   1.99742683e+00   6.96976966e+00   6.99987642e+00   
76      1.00392651e-08   7.00000000e+00   3.96325730e+00   1.99694912e+00   6.96427044e+00   6.99985263e+00   
77      1.00400182e-08   7.00000000e+00   4.00091024e+00   1.99640946e+00   6.95807219e+00   6.99982500e+00   
78      1.00407713e-08   7.00000000e+00   4.03856317e+00   1.99580290e+00   6.95111816e+00   6.99979288e+00   
79      1.00415243e-08   7.00000000e+00   4.07621610e+00   1.99512572e+00   6.94336673e+00   6.99975595e+00   
80      1.00422774e-08   7.00000000e+00   4.11386903e+00   1.99437382e+00   6.93477169e+00   6.99971376e+00   
81      1.00430304e-08   7.00000000e+00   4.15152196e+00   1.99354568e+00   6.92530803e+00   6.99966573e+00   
82      1.00437835e-08   7.00000000e+00   4.18917490e+00   1.99263685e+00   6.91492652e+00   6.99961145e+00   
83      1.00445366e-08   7.00000000e+00   4.22682783e+00   1.99164377e+00   6.90358547e+00   6.99955045e+00   
84      1.00452896e-08   7.00000000e+00   4.26448076e+00   1.99056581e+00   6.89126514e+00   6.99948214e+00   
85      1.00460427e-08   7.00000000e+00   4.30213369e+00   1.98939902e+00   6.87792072e+00   6.99940606e+00   
86      1.00467957e-08   7.00000000e+00   4.33978662e+00   1.98814047e+00   6.86351526e+00   6.99932172e+00   
87      1.00483018e-08   7.00000000e+00   4.41509249e+00   1.98534904e+00   6.83146271e+00   6.99912607e+00   
88      1.00498080e-08   7.00000000e+00   4.49039835e+00   1.98217448e+00   6.79485644e+00   6.99889110e+00   
89      1.00513141e-08   7.00000000e+00   4.56570422e+00   1.97860099e+00   6.75345432e+00   6.99861274e+00   
90      1.00526696e-08   7.00000000e+00   4.63347949e+00   1.97504210e+00   6.71194092e+00   6.99832200e+00   
91      1.00540251e-08   7.00000000e+00   4.70125477e+00   1.97114572e+00   6.66621304e+00   6.99799005e+00   
92      1.00553806e-08   7.00000000e+00   4.76903005e+00   1.96690295e+00   6.61610551e+00   6.99761397e+00   
93      1.00567361e-08   7.00000000e+00   4.83680533e+00   1.96233511e+00   6.56160323e+00   6.99719155e+00   
94      1.00580916e-08   7.00000000e+00   4.90458061e+00   1.95742852e+00   6.50251715e+00   6.99671976e+00   
95      1.00594471e-08   7.00000000e+00   4.97235588e+00   1.95218046e+00   6.43871280e+00   6.99619582e+00   
96      1.00608026e-08   7.00000000e+00   5.04013116e+00   1.94661917e+00   6.37018840e+00   6.99561853e+00   
97      1.00621581e-08   7.00000000e+00   5.10790644e+00   1.94073752e+00   6.29679051e+00   6.99498489e+00   
98      1.00635136e-08   7.00000000e+00   5.17568172e+00   1.93453942e+00   6.21841310e+00   6.99429245e+00   
99      1.00648691e-08   7.00000000e+00   5.24345699e+00   1.92806060e+00   6.13505658e+00   6.99354111e+00   
100     1.00662246e-08   7.00000000e+00   5.31123227e+00   1.92130045e+00   6.04659970e+00   6.99272809e+00   
101     1.00675802e-08   7.00000000e+00   5.37900755e+00   1.91426969e+00   5.95295923e+00   6.99185145e+00   
102     1.00689357e-08   7.00000000e+00   5.44678283e+00   1.90701631e+00   5.85414660e+00   6.99091234e+00   
103     1.00702912e-08   7.00000000e+00   5.51455810e+00   1.89954572e+00   5.75006506e+00   6.98990838e+00   
104     1.00716467e-08   7.00000000e+00   5.58233338e+00   1.89187665e+00   5.64065167e+00   6.98883829e+00   
105     1.00736799e-08   7.00000000e+00   5.68399630e+00   1.88012791e+00   5.46649612e+00   6.98711353e+00   
106     1.00757132e-08   7.00000000e+00   5.78565922e+00   1.86818051e+00   5.28015464e+00   6.98524465e+00   
107     1.00777464e-08   7.00000000e+00   5.88732213e+00   1.85618618e+00   5.08151708e+00   6.98323470e+00   
108     1.00797797e-08   7.00000000e+00   5.98898505e+00   1.84431630e+00   4.87049604e+00   6.98108836e+00   
109     1.00803859e-08   7.00000000e+00   6.01929346e+00   1.84083301e+00   4.80533361e+00   6.98042207e+00   
110     1.00809920e-08   7.00000000e+00   6.04960186e+00   1.83737947e+00   4.73909540e+00   6.97974381e+00   
111     1.00815982e-08   7.00000000e+00   6.07991027e+00   1.83395981e+00   4.67178158e+00   6.97905365e+00   
112     1.00828105e-08   7.00000000e+00   6.14052708e+00   1.82733427e+00   4.53392165e+00   6.97764662e+00   
113     1.00840229e-08   7.00000000e+00   6.20114390e+00   1.82099940e+00   4.39175462e+00   6.97620243e+00   
114     1.00852352e-08   7.00000000e+00   6.26176071e+00   1.81501315e+00   4.24528029e+00   6.97472387e+00   
115     1.00857377e-08   7.00000000e+00   6.28688505e+00   1.81269444e+00   4.18426112e+00   6.97409865e+00   
116     1.00862374e-08   7.00000000e+00   6.31187199e+00   1.81088043e+00   4.13336627e+00   6.97347765e+00   
117     1.00866792e-08   7.00000000e+00   6.33395824e+00   1.80963748e+00   4.09460434e+00   6.97293194e+00   
118     1.00875626e-08   7.00000000e+00   6.37813075e+00   1.80791688e+00   4.02963261e+00   6.97185583e+00   
119     1.00882731e-08   7.00000000e+00   6.41365364e+00   1.80698893e+00   3.98551007e+00   6.97100243e+00   
120     1.00896940e-08   7.00000000e+00   6.48469941e+00   1.80603417e+00   3.91459136e+00   6.96934501e+00   
121     1.00907367e-08   7.00000000e+00   6.53683375e+00   1.80576807e+00   3.87126168e+00   6.96815826e+00   
122     1.00928220e-08   7.00000000e+00   6.64110244e+00   1.80597117e+00   3.80129816e+00   6.96589883e+00   
123     1.00944364e-08   7.00000000e+00   6.72181966e+00   1.80650632e+00   3.75592216e+00   6.96421911e+00   
124     1.00976651e-08   7.00000000e+00   6.88325410e+00   1.80810235e+00   3.68020216e+00   6.96110406e+00   
125     1.01000000e-08   7.00000000e+00   7.00000000e+00   1.80953123e+00   3.63300123e+00   6.95897167e+00   
126     1.01023349e-08   7.00000000e+00   7.00000000e+00   1.80972008e+00   3.53342310e+00   6.95688727e+00   
127     1.01037501e-08   7.00000000e+00   7.00000000e+00   1.80992316e+00   3.46836281e+00   6.95564311e+00   
128     1.01051652e-08   7.00000000e+00   7.00000000e+00   1.81028613e+00   3.40217966e+00   6.95441840e+00   
129     1.01065803e-08   7.00000000e+00   7.00000000e+00   1.81086014e+00   3.33677997e+00   6.95321380e+00   
130     1.01094106e-08   7.00000000e+00   7.00000000e+00   1.81269897e+00   3.21095617e+00   6.95085792e+00   
131     1.01117737e-08   7.00000000e+00   7.00000000e+00   1.81480313e+00   3.11530127e+00   6.94897642e+00   
132     1.01141368e-08   7.00000000e+00   7.00000000e+00   1.81721866e+00   3.02740280e+00   6.94714953e+00   
133     1.01165000e-08   7.00000000e+00   7.00000000e+00   1.81962406e+00   2.94724130e+00   6.94536818e+00   
134     1.01212262e-08   7.00000000e+00   7.00000000e+00   1.82426585e+00   2.80428845e+00   6.94189085e+00   
135     1.01254356e-08   7.00000000e+00   7.00000000e+00   1.82812257e+00   2.70412589e+00   6.93892582e+00   
136     1.01292241e-08   7.00000000e+00   7.00000000e+00   1.83147451e+00   2.62668260e+00   6.93630382e+00   
137     1.01330125e-08   7.00000000e+00   7.00000000e+00   1.83471716e+00   2.56011049e+00   6.93371676e+00   
138     1.01368009e-08   7.00000000e+00   7.00000000e+00   1.83786070e+00   2.50289684e+00   6.93115553e+00   
139     1.01443778e-08   7.00000000e+00   7.00000000e+00   1.84394406e+00   2.40692208e+00   6.92607380e+00   
140     1.01491624e-08   7.00000000e+00   7.00000000e+00   1.84756745e+00   2.36344902e+00   6.92289548e+00   
141     1.01534685e-08   7.00000000e+00   7.00000000e+00   1.85073868e+00   2.33050900e+00   6.92003935e+00   
142     1.01577746e-08   7.00000000e+00   7.00000000e+00   1.85382577e+00   2.30274780e+00   6.91718425e+00   
143     1.01620807e-08   7.00000000e+00   7.00000000e+00   1.85683365e+00   2.27934652e+00   6.91432777e+00   
144     1.01706929e-08   7.00000000e+00   7.00000000e+00   1.86267902e+00   2.24077223e+00   6.90860789e+00   
145     1.01762502e-08   7.00000000e+00   7.00000000e+00   1.86625613e+00   2.22386834e+00   6.90490336e+00   
146     1.01812518e-08   7.00000000e+00   7.00000000e+00   1.86938916e+00   2.21135847e+00   6.90156099e+00   
147     1.01862534e-08   7.00000000e+00   7.00000000e+00   1.87243915e+00   2.20106152e+00   6.89820992e+00   
148     1.01912550e-08   7.00000000e+00   7.00000000e+00   1.87540922e+00   2.19258121e+00   6.89485005e+00   
149     1.02012581e-08   7.00000000e+00   7.00000000e+00   1.88117315e+00   2.17891827e+00   6.88811165e+00   
150     1.02084675e-08   7.00000000e+00   7.00000000e+00   1.88508435e+00   2.17276710e+00   6.88322572e+00   
151     1.02149560e-08   7.00000000e+00   7.00000000e+00   1.88848942e+00   2.16841627e+00   6.87881530e+00   
152     1.02214444e-08   7.00000000e+00   7.00000000e+00   1.89178346e+00   2.16498943e+00   6.87439242e+00   
153     1.02279329e-08   7.00000000e+00   7.00000000e+00   1.89497037e+00   2.16228396e+00   6.86995784e+00   
154     1.02409098e-08   7.00000000e+00   7.00000000e+00   1.90110764e+00   2.15809975e+00   6.86106632e+00   
155     1.02521623e-08   7.00000000e+00   7.00000000e+00   1.90599277e+00   2.15615280e+00   6.85330855e+00   
156     1.02622896e-08   7.00000000e+00   7.00000000e+00   1.91017206e+00   2.15487555e+00   6.84630732e+00   
157     1.02724168e-08   7.00000000e+00   7.00000000e+00   1.91414462e+00   2.15393075e+00   6.83928878e+00   
158     1.02825440e-08   7.00000000e+00   7.00000000e+00   1.91792081e+00   2.15321948e+00   6.83225502e+00   
159     1.03027985e-08   7.00000000e+00   7.00000000e+00   1.92504808e+00   2.15214750e+00   6.81816436e+00   
160     1.03230530e-08   7.00000000e+00   7.00000000e+00   1.93121710e+00   2.15159290e+00   6.80400288e+00   
161     1.03433075e-08   7.00000000e+00   7.00000000e+00   1.93680777e+00   2.15117083e+00   6.78981976e+00   
162     1.03635620e-08   7.00000000e+00   7.00000000e+00   1.94187527e+00   2.15083059e+00   6.77562561e+00   
163     1.04040710e-08   7.00000000e+00   7.00000000e+00   1.95094643e+00   2.15026472e+00   6.74726370e+00   
164     1.04389722e-08   7.00000000e+00   7.00000000e+00   1.95700057e+00   2.14992281e+00   6.72283254e+00   
165     1.04699850e-08   7.00000000e+00   7.00000000e+00   1.96165596e+00   2.14965894e+00   6.70118954e+00   
166     1.05009979e-08   7.00000000e+00   7.00000000e+00   1.96568722e+00   2.14942874e+00   6.67962475e+00   
167     1.05320108e-08   7.00000000e+00   7.00000000e+00   1.96918086e+00   2.14922727e+00   6.65815155e+00   
168     1.05940365e-08   7.00000000e+00   7.00000000e+00   1.97513976e+00   2.14887914e+00   6.61550556e+00   
169     1.06343958e-08   7.00000000e+00   7.00000000e+00   1.97795261e+00   2.14870886e+00   6.58802321e+00   
170     1.06707191e-08   7.00000000e+00   7.00000000e+00   1.98010795e+00   2.14857556e+00   6.56347014e+00   
171     1.07070425e-08   7.00000000e+00   7.00000000e+00   1.98194553e+00   2.14845909e+00   6.53910018e+00   
172     1.07433659e-08   7.00000000e+00   7.00000000e+00   1.98351446e+00   2.14835686e+00   6.51491771e+00   
173     1.08160126e-08   7.00000000e+00   7.00000000e+00   1.98615072e+00   2.14817917e+00   6.46706278e+00   
174     1.08665095e-08   7.00000000e+00   7.00000000e+00   1.98742034e+00   2.14808544e+00   6.43430663e+00   
175     1.09119567e-08   7.00000000e+00   7.00000000e+00   1.98836695e+00   2.14801150e+00   6.40505120e+00   
176     1.09574039e-08   7.00000000e+00   7.00000000e+00   1.98915093e+00   2.14794614e+00   6.37596787e+00   
177     1.10028511e-08   7.00000000e+00   7.00000000e+00   1.98980098e+00   2.14788789e+00   6.34705943e+00   
178     1.10937454e-08   7.00000000e+00   7.00000000e+00   1.99085965e+00   2.14778430e+00   6.28965930e+00   
179     1.11655969e-08   7.00000000e+00   7.00000000e+00   1.99138688e+00   2.14771910e+00   6.24497733e+00   
180     1.12302632e-08   7.00000000e+00   7.00000000e+00   1.99176516e+00   2.14766581e+00   6.20513582e+00   
181     1.12949295e-08   7.00000000e+00   7.00000000e+00   1.99207822e+00   2.14761638e+00   6.16566861e+00   
182     1.13595959e-08   7.00000000e+00   7.00000000e+00   1.99236017e+00   2.14756924e+00   6.12657748e+00   
183     1.14889285e-08   7.00000000e+00   7.00000000e+00   1.99306157e+00   2.14747143e+00   6.04929155e+00   
184     1.15294847e-08   7.00000000e+00   7.00000000e+00   1.99348104e+00   2.14743456e+00   6.02542513e+00   
185     1.15551917e-08   7.00000000e+00   7.00000000e+00   1.99385076e+00   2.14740746e+00   6.01036961e+00   
186     1.15808986e-08   7.00000000e+00   7.00000000e+00   1.99433654e+00   2.14737574e+00   5.99538950e+00   
187     1.16066055e-08   7.00000000e+00   7.00000000e+00   1.99494832e+00   2.14733876e+00   5.98048686e+00   
188     1.16580193e-08   7.00000000e+00   7.00000000e+00   1.99650401e+00   2.14725060e+00   5.95086834e+00   
189     1.17094332e-08   7.00000000e+00   7.00000000e+00   1.99860022e+00   2.14713846e+00   5.92155487e+00   
190     1.17608470e-08   7.00000000e+00   7.00000000e+00   2.00125001e+00   2.14700081e+00   5.89255878e+00   
191     1.18122609e-08   7.00000000e+00   7.00000000e+00   2.00442357e+00   2.14683831e+00   5.86387866e+00   
192     1.18293988e-08   7.00000000e+00   7.00000000e+00   2.00558987e+00   2.14677892e+00   5.85438764e+00   
193     1.18465367e-08   7.00000000e+00   7.00000000e+00   2.00680755e+00   2.14671702e+00   5.84493070e+00   
194     1.18636747e-08   7.00000000e+00   7.00000000e+00   2.00807490e+00   2.14665269e+00   5.83550760e+00   
195     1.18808126e-08   7.00000000e+00   7.00000000e+00   2.00938604e+00   2.14658619e+00   5.82611714e+00   
196     1.18979506e-08   7.00000000e+00   7.00000000e+00   2.01073985e+00   2.14651756e+00   5.81675921e+00   
197     1.19150885e-08   7.00000000e+00   7.00000000e+00   2.01213373e+00   2.14644693e+00   5.80743336e+00   
198     1.19322265e-08   7.00000000e+00   7.00000000e+00   2.01356437e+00   2.14637447e+00   5.79813875e+00   
199     1.19493644e-08   7.00000000e+00   7.00000000e+00   2.01502927e+00   2.14630030e+00   5.78887500e+00   
200     1.19665024e-08   7.00000000e+00   7.00000000e+00   2.01652566e+00   2.14622453e+00   5.77964157e+00   
201     1.20007783e-08   7.00000000e+00   7.00000000e+00   2.01960929e+00   2.14606846e+00   5.76126441e+00   
202     1.20350542e-08   7.00000000e+00   7.00000000e+00   2.02279688e+00   2.14590716e+00   5.74300345e+00   
203     1.20693300e-08   7.00000000e+00   7.00000000e+00   2.02607081e+00   2.14574147e+00   5.72485496e+00   
204     1.21036059e-08   7.00000000e+00   7.00000000e+00   2.02942729e+00   2.14557177e+00   5.70681759e+00   
205     1.21378818e-08   7.00000000e+00   7.00000000e+00   2.03284805e+00   2.14539894e+00   5.68888748e+00   
206     1.21721577e-08   7.00000000e+00   7.00000000e+00   2.03631924e+00   2.14522370e+00   5.67106156e+00   
207     1.22064336e-08   7.00000000e+00   7.00000000e+00   2.03985427e+00   2.14504553e+00   5.65334126e+00   
208     1.22407095e-08   7.00000000e+00   7.00000000e+00   2.04343541e+00   2.14486532e+00   5.63572283e+00   
209     1.22749854e-08   7.00000000e+00   7.00000000e+00   2.04705463e+00   2.14468353e+00   5.61820417e+00   
210     1.23092613e-08   7.00000000e+00   7.00000000e+00   2.05072806e+00   2.14449910e+00   5.60078778e+00   
211     1.23435372e-08   7.00000000e+00   7.00000000e+00   2.05444425e+00   2.14431269e+00   5.58347089e+00   
212     1.23778131e-08   7.00000000e+00   7.00000000e+00   2.05820036e+00   2.14412442e+00   5.56625236e+00   
213     1.24120890e-08   7.00000000e+00   7.00000000e+00   2.06200753e+00   2.14393412e+00   5.54913382e+00   
214     1.24463649e-08   7.00000000e+00   7.00000000e+00   2.06586093e+00   2.14374195e+00   5.53211375e+00   
215     1.24806407e-08   7.00000000e+00   7.00000000e+00   2.06976072e+00   2.14354796e+00   5.51519160e+00   
216     1.26862961e-08   7.00000000e+00   7.00000000e+00   2.09435141e+00   2.14233100e+00   5.41570477e+00   
217     1.28919514e-08   7.00000000e+00   7.00000000e+00   2.12098300e+00   2.14102688e+00   5.31968887e+00   
218     1.33032622e-08   7.00000000e+00   7.00000000e+00   2.18117425e+00   2.13811826e+00   5.13768302e+00   
219     1.37145729e-08   7.00000000e+00   7.00000000e+00   2.25157805e+00   2.13476985e+00   4.96868049e+00   
220     1.41258836e-08   7.00000000e+00   7.00000000e+00   2.33411159e+00   2.13090580e+00   4.81216764e+00   
221     1.45371943e-08   7.00000000e+00   7.00000000e+00   2.43203152e+00   2.12639512e+00   4.66763141e+00   
222     1.48805501e-08   7.00000000e+00   7.00000000e+00   2.53022274e+00   2.12194808e+00   4.55581447e+00   
223     1.52239059e-08   7.00000000e+00   7.00000000e+00   2.65189448e+00   2.11653691e+00   4.45128856e+00   
224     1.54125134e-08   7.00000000e+00   7.00000000e+00   2.73614043e+00   2.11284515e+00   4.39732283e+00   
225     1.56011210e-08   7.00000000e+00   7.00000000e+00   2.83890290e+00   2.10841342e+00   4.34285132e+00   
226     1.57122251e-08   7.00000000e+00   7.00000000e+00   2.91018423e+00   2.10539025e+00   4.30776266e+00   
227     1.57894387e-08   7.00000000e+00   7.00000000e+00   2.96704951e+00   2.10300461e+00   4.27933045e+00   
228     1.58589309e-08   7.00000000e+00   7.00000000e+00   3.02558239e+00   2.10056781e+00   4.25102526e+00   
229     1.59284231e-08   7.00000000e+00   7.00000000e+00   3.09126877e+00   2.09783520e+00   4.22286378e+00   
230     1.59979153e-08   7.00000000e+00   7.00000000e+00   3.16397029e+00   2.09480285e+00   4.19503237e+00   
231     1.61368997e-08   7.00000000e+00   7.00000000e+00   3.32094476e+00   2.08866675e+00   4.14012283e+00   
232     1.62320489e-08   7.00000000e+00   7.00000000e+00   3.44315594e+00   2.08393356e+00   4.10348325e+00   
233     1.63271980e-08   7.00000000e+00   7.00000000e+00   3.57445344e+00   2.07876845e+00   4.06762194e+00   
234     1.64223471e-08   7.00000000e+00   7.00000000e+00   3.71449321e+00   2.07321282e+00   4.03408172e+00   
235     1.66126454e-08   7.00000000e+00   7.00000000e+00   4.01014070e+00   2.06188880e+00   3.97633829e+00   
236     1.67739267e-08   7.00000000e+00   7.00000000e+00   4.28565735e+00   2.05194017e+00   3.93780134e+00   
237     1.69352080e-08   7.00000000e+00   7.00000000e+00   4.58386609e+00   2.04219218e+00   3.90794863e+00   
238     1.70803612e-08   7.00000000e+00   7.00000000e+00   4.86165250e+00   2.03386983e+00   3.88813247e+00   
239     1.72255144e-08   7.00000000e+00   7.00000000e+00   5.12139662e+00   2.02655174e+00   3.87266619e+00   
240     1.73468262e-08   7.00000000e+00   7.00000000e+00   5.32125605e+00   2.02137560e+00   3.86149885e+00   
241     1.74560067e-08   7.00000000e+00   7.00000000e+00   5.48576705e+00   2.01746166e+00   3.85182802e+00   
242     1.75542692e-08   7.00000000e+00   7.00000000e+00   5.62112105e+00   2.01449750e+00   3.84288687e+00   
243     1.76427055e-08   7.00000000e+00   7.00000000e+00   5.73280706e+00   2.01223799e+00   3.83435962e+00   
244     1.77311417e-08   7.00000000e+00   7.00000000e+00   5.83479676e+00   2.01033227e+00   3.82514915e+00   
245     1.78107344e-08   7.00000000e+00   7.00000000e+00   5.91911822e+00   2.00887375e+00   3.81624096e+00   
246     1.78903270e-08   7.00000000e+00   7.00000000e+00   5.99644897e+00   2.00763545e+00   3.80666545e+00   
247     1.79699196e-08   7.00000000e+00   7.00000000e+00   6.06729385e+00   2.00658722e+00   3.79641941e+00   
248     1.81291049e-08   7.00000000e+00   7.00000000e+00   6.19513326e+00   2.00490093e+00   3.77448942e+00   
249     1.82084935e-08   7.00000000e+00   7.00000000e+00   6.24895633e+00   2.00429290e+00   3.76236949e+00   
250     1.82878821e-08   7.00000000e+00   7.00000000e+00   6.29834195e+00   2.00377750e+00   3.74972539e+00   
251     1.83672708e-08   7.00000000e+00   7.00000000e+00   6.34371196e+00   2.00334441e+00   3.73661523e+00   
252     1.85260480e-08   7.00000000e+00   7.00000000e+00   6.42610801e+00   2.00265539e+00   3.70947368e+00   
253     1.86125287e-08   7.00000000e+00   7.00000000e+00   6.46424522e+00   2.00239149e+00   3.69392836e+00   
254     1.86990095e-08   7.00000000e+00   7.00000000e+00   6.49934541e+00   2.00217292e+00   3.67808007e+00   
255     1.87854902e-08   7.00000000e+00   7.00000000e+00   6.53173125e+00   2.00199419e+00   3.66198190e+00   
256     1.89584517e-08   7.00000000e+00   7.00000000e+00   6.59091642e+00   2.00172786e+00   3.62933272e+00   
257     1.90608095e-08   7.00000000e+00   7.00000000e+00   6.62090535e+00   2.00164539e+00   3.60964621e+00   
258     1.91631673e-08   7.00000000e+00   7.00000000e+00   6.64859813e+00   2.00157868e+00   3.58986170e+00   
259     1.92655251e-08   7.00000000e+00   7.00000000e+00   6.67423117e+00   2.00152165e+00   3.57002098e+00   
260     1.94702408e-08   7.00000000e+00   7.00000000e+00   6.72119735e+00   2.00142296e+00   3.53029499e+00   
261     1.96749565e-08   7.00000000e+00   7.00000000e+00   6.75964900e+00   2.00134829e+00   3.49078791e+00   
262     1.98796721e-08   7.00000000e+00   7.00000000e+00   6.79352590e+00   2.00128275e+00   3.45167152e+00   
263     2.00000000e-08   7.00000000e+00   7.00000000e+00   6.81193156e+00   2.00124630e+00   3.42882477e+00   
264     2.00005000e-08   7.00000000e+00   6.97500000e+00   6.81145399e+00   1.99481063e+00   3.42872856e+00   
265     2.00005625e-08   7.00000000e+00   6.97187500e+00   6.81138670e+00   1.99396612e+00   3.42871651e+00   
266     2.00006875e-08   7.00000000e+00   6.96562500e+00   6.81122545e+00   1.99213229e+00   3.42869232e+00   
267     2.00007659e-08   7.00000000e+00   6.96170322e+00   6.81111452e+00   1.99092805e+00   3.42867710e+00   
268     2.00009228e-08   7.00000000e+00   6.95385966e+00   6.81085782e+00   1.98832646e+00   3.42864646e+00   
269     2.00010328e-08   7.00000000e+00   6.94835858e+00   6.81066200e+00   1.98641356e+00   3.42862487e+00   
270     2.00011429e-08   7.00000000e+00   6.94285749e+00   6.81045149e+00   1.98441816e+00   3.42860315e+00   
271     2.00012529e-08   7.00000000e+00   6.93735640e+00   6.81022735e+00   1.98234561e+00   3.42858131e+00   
272     2.00014729e-08   7.00000000e+00   6.92635423e+00   6.80975016e+00   1.97803607e+00   3.42853731e+00   
273     2.00016930e-08   7.00000000e+00   6.91535206e+00   6.80921012e+00   1.97336718e+00   3.42849241e+00   
274     2.00019130e-08   7.00000000e+00   6.90434988e+00   6.80863404e+00   1.96849054e+00   3.42844678e+00   
275     2.00021330e-08   7.00000000e+00   6.89334771e+00   6.80802643e+00   1.96343253e+00   3.42840037e+00   
276     2.00025731e-08   7.00000000e+00   6.87134336e+00   6.80675033e+00   1.95296857e+00   3.42830556e+00   
277     2.00030132e-08   7.00000000e+00   6.84933901e+00   6.80535434e+00   1.94182549e+00   3.42820556e+00   
278     2.00034533e-08   7.00000000e+00   6.82733467e+00   6.80390598e+00   1.93039434e+00   3.42810156e+00   
279     2.00038934e-08   7.00000000e+00   6.80533032e+00   6.80242030e+00   1.91876828e+00   3.42799344e+00   
280     2.00047736e-08   7.00000000e+00   6.76132162e+00   6.79940167e+00   1.89530856e+00   3.42776740e+00   
281     2.00056537e-08   7.00000000e+00   6.71731293e+00   6.79633160e+00   1.87170636e+00   3.42751751e+00   
282     2.00065339e-08   7.00000000e+00   6.67330423e+00   6.79330315e+00   1.84846751e+00   3.42725120e+00   
283     2.00074141e-08   7.00000000e+00   6.62929554e+00   6.79033958e+00   1.82573719e+00   3.42696911e+00   
284     2.00091744e-08   7.00000000e+00   6.54127815e+00   6.78462001e+00   1.78181299e+00   3.42637065e+00   
285     2.00109348e-08   7.00000000e+00   6.45326076e+00   6.77939839e+00   1.74141610e+00   3.42569693e+00   
286     2.00126951e-08   7.00000000e+00   6.36524337e+00   6.77458554e+00   1.70379370e+00   3.42497966e+00   
287     2.00144555e-08   7.00000000e+00   6.27722598e+00   6.77015489e+00   1.66876821e+00   3.42422500e+00   
288     2.00179762e-08   7.00000000e+00   6.10119120e+00   6.76212681e+00   1.60436840e+00   3.42264562e+00   
289     2.00211448e-08   7.00000000e+00   5.94275989e+00   6.75626239e+00   1.55548936e+00   3.42111284e+00   
290     2.00243134e-08   7.00000000e+00   5.78432859e+00   6.75118042e+00   1.51173293e+00   3.41953608e+00   
291     2.00274821e-08   7.00000000e+00   5.62589729e+00   6.74673016e+00   1.47214563e+00   3.41793007e+00   
292     2.00338193e-08   7.00000000e+00   5.30903468e+00   6.73894256e+00   1.40033767e+00   3.41468172e+00   
293     2.00395228e-08   7.00000000e+00   5.02385834e+00   6.73345749e+00   1.34574535e+00   3.41172528e+00   
294     2.00452264e-08   7.00000000e+00   4.73868199e+00   6.72851911e+00   1.29457554e+00   3.40877718e+00   
295     2.00509299e-08   7.00000000e+00   4.45350565e+00   6.72382495e+00   1.24483088e+00   3.40583822e+00   
296     2.00623369e-08   7.00000000e+00   3.88315296e+00   6.71600894e+00   1.15337808e+00   3.40001821e+00   
297     2.00704206e-08   7.00000000e+00   3.47897062e+00   6.71509960e+00   1.11509348e+00   3.39611080e+00   
298     2.00740794e-08   7.00000000e+00   3.29602883e+00   6.71554574e+00   1.10260971e+00   3.39439442e+00   
299     2.00746556e-08   7.00000000e+00   3.26721889e+00   6.71563762e+00   1.10072989e+00   3.39412546e+00   
300     2.00758080e-08   7.00000000e+00   3.20959901e+00   6.71587467e+00   1.09741510e+00   3.39359316e+00   
301     2.00767382e-08   7.00000000e+00   3.16309133e+00   6.71609552e+00   1.09500397e+00   3.39316728e+00   
302     2.00771237e-08   7.00000000e+00   3.14381575e+00   6.71619235e+00   1.09405520e+00   3.39299142e+00   
303     2.00775092e-08   7.00000000e+00   3.12454017e+00   6.71629395e+00   1.09315522e+00   3.39281622e+00   
304     2.00778562e-08   7.00000000e+00   3.10719215e+00   6.71638904e+00   1.09238389e+00   3.39265907e+00   
305     2.00785501e-08   7.00000000e+00   3.07249611e+00   6.71659169e+00   1.09098301e+00   3.39234694e+00   
306     2.00799379e-08   7.00000000e+00   3.00310403e+00   6.71703647e+00   1.08866517e+00   3.39173136e+00   
307     2.00827136e-08   7.00000000e+00   2.86431988e+00   6.71802888e+00   1.08544290e+00   3.39053418e+00   
308     2.00854893e-08   7.00000000e+00   2.72553572e+00   6.71908582e+00   1.08324143e+00   3.38936958e+00   
309     2.00910407e-08   7.00000000e+00   2.44796741e+00   6.72126828e+00   1.08069293e+00   3.38715449e+00   
310     2.00960369e-08   7.00000000e+00   2.19815592e+00   6.72323869e+00   1.07925606e+00   3.38524143e+00   
311     2.01000000e-08   7.00000000e+00   2.00000000e+00   6.72479347e+00   1.07847206e+00   3.38376899e+00   
312     2.01039631e-08   7.00000000e+00   2.00000000e+00   6.72811962e+00   1.10245739e+00   3.38238224e+00   
313     2.01049926e-08   7.00000000e+00   2.00000000e+00   6.72904964e+00   1.10863701e+00   3.38202802e+00   
314     2.01060221e-08   7.00000000e+00   2.00000000e+00   6.72999812e+00   1.11459667e+00   3.38167983e+00   
315     2.01070516e-08   7.00000000e+00   2.00000000e+00   6.73095095e+00   1.12030090e+00   3.38133757e+00   
316     2.01091106e-08   7.00000000e+00   2.00000000e+00   6.73287692e+00   1.13126651e+00   3.38066647e+00   
317     2.01108697e-08   7.00000000e+00   2.00000000e+00   6.73448143e+00   1.13962555e+00   3.38011664e+00   
318     2.01124530e-08   7.00000000e+00   2.00000000e+00   6.73590796e+00   1.14674436e+00   3.37963338e+00   
319     2.01140362e-08   7.00000000e+00   2.00000000e+00   6.73732023e+00   1.15354635e+00   3.37916101e+00   
320     2.01156194e-08   7.00000000e+00   2.00000000e+00   6.73871969e+00   1.16009389e+00   3.37869891e+00   
321     2.01187859e-08   7.00000000e+00   2.00000000e+00   6.74151911e+00   1.17287878e+00   3.37779719e+00   
322     2.01213523e-08   7.00000000e+00   2.00000000e+00   6.74371670e+00   1.18251475e+00   3.37710161e+00   
323     2.01239186e-08   7.00000000e+00   2.00000000e+00   6.74587369e+00   1.19182395e+00   3.37642592e+00   
324     2.01264850e-08   7.00000000e+00   2.00000000e+00   6.74799596e+00   1.20088932e+00   3.37576833e+00   
325     2.01316178e-08   7.00000000e+00   2.00000000e+00   6.75219234e+00   1.21873892e+00   3.37449099e+00   
326     2.01357187e-08   7.00000000e+00   2.00000000e+00   6.75540303e+00   1.23229281e+00   3.37352578e+00   
327     2.01398196e-08   7.00000000e+00   2.00000000e+00   6.75853357e+00   1.24551103e+00   3.37258888e+00   
328     2.01439204e-08   7.00000000e+00   2.00000000e+00   6.76159664e+00   1.25848934e+00   3.37167648e+00   
329     2.01521222e-08   7.00000000e+00   2.00000000e+00   6.76768014e+00   1.28471301e+00   3.36990215e+00   
330     2.01587656e-08   7.00000000e+00   2.00000000e+00   6.77251094e+00   1.30614470e+00   3.36854072e+00   
331     2.01654090e-08   7.00000000e+00   2.00000000e+00   6.77735189e+00   1.32818681e+00   3.36722157e+00   
332     2.01720524e-08   7.00000000e+00   2.00000000e+00   6.78222946e+00   1.35101804e+00   3.36594325e+00   
333     2.01853393e-08   7.00000000e+00   2.00000000e+00   6.79233435e+00   1.40049355e+00   3.36349140e+00   
334     2.01923600e-08   7.00000000e+00   2.00000000e+00   6.79785238e+00   1.42896952e+00   3.36228565e+00   
335     2.01993808e-08   7.00000000e+00   2.00000000e+00   6.80365037e+00   1.46016227e+00   3.36113900e+00   
336     2.02056994e-08   7.00000000e+00   2.00000000e+00   6.80933352e+00   1.49222173e+00   3.36016843e+00   
337     2.02112850e-08   7.00000000e+00   2.00000000e+00   6.81484886e+00   1.52463376e+00   3.35937110e+00   
338     2.02139008e-08   7.00000000e+00   2.00000000e+00   6.81754163e+00   1.54070903e+00   3.35901228e+00   
339     2.02152087e-08   7.00000000e+00   2.00000000e+00   6.81886922e+00   1.54855179e+00   3.35883637e+00   
340     2.02163858e-08   7.00000000e+00   2.00000000e+00   6.82004908e+00   1.55554533e+00   3.35868074e+00   
341     2.02187400e-08   7.00000000e+00   2.00000000e+00   6.82234666e+00   1.56922902e+00   3.35837904e+00   
342     2.02234485e-08   7.00000000e+00   2.00000000e+00   6.82670534e+00   1.59538913e+00   3.35780511e+00   
343     2.02281569e-08   7.00000000e+00   2.00000000e+00   6.83084863e+00   1.62045199e+00   3.35725354e+00   
344     2.02375739e-08   7.00000000e+00   2.00000000e+00   6.83828463e+00   1.66586734e+00   3.35619481e+00   
345     2.02469908e-08   7.00000000e+00   2.00000000e+00   6.84496609e+00   1.70700651e+00   3.35514886e+00   
346     2.02564077e-08   7.00000000e+00   2.00000000e+00   6.85094369e+00   1.74398285e+00   3.35409234e+00   
347     2.02752415e-08   7.00000000e+00   2.00000000e+00   6.86147992e+00   1.80931935e+00   3.35191087e+00   
348     2.02880166e-08   7.00000000e+00   2.00000000e+00   6.86690607e+00   1.84252122e+00   3.35031087e+00   
349     2.02988979e-08   7.00000000e+00   2.00000000e+00   6.87095413e+00   1.86695360e+00   3.34887829e+00   
350     2.03097792e-08   7.00000000e+00   2.00000000e+00   6.87449885e+00   1.88795321e+00   3.34737699e+00   
351     2.03206606e-08   7.00000000e+00   2.00000000e+00   6.87761075e+00   1.90594382e+00   3.34581018e+00   
352     2.03424232e-08   7.00000000e+00   2.00000000e+00   6.88301638e+00   1.93615326e+00   3.34253893e+00   
353     2.03534152e-08   7.00000000e+00   2.00000000e+00   6.88515736e+00   1.94713865e+00   3.34078398e+00   
354     2.03633079e-08   7.00000000e+00   2.00000000e+00   6.88689995e+00   1.95565546e+00   3.33916741e+00   
355     2.03732007e-08   7.00000000e+00   2.00000000e+00   6.88848417e+00   1.96298266e+00   3.33751809e+00   
356     2.03830934e-08   7.00000000e+00   2.00000000e+00   6.88993266e+00   1.96928063e+00   3.33584008e+00   
357     2.04028789e-08   7.00000000e+00   2.00000000e+00   6.89257107e+00   1.97990239e+00   3.33242831e+00   
358     2.04127640e-08   7.00000000e+00   2.00000000e+00   6.89370715e+00   1.98380084e+00   3.33068440e+00   
359     2.04216606e-08   7.00000000e+00   2.00000000e+00   6.89467133e+00   1.98685276e+00   3.32910208e+00   
360     2.04305571e-08   7.00000000e+00   2.00000000e+00   6.89558497e+00   1.98950625e+00   3.32750877e+00   
361     2.04385641e-08   7.00000000e+00   2.00000000e+00   6.89637127e+00   1.99160953e+00   3.32606706e+00   
362     2.04465710e-08   7.00000000e+00   2.00000000e+00   6.89712598e+00   1.99346135e+00   3.32461870e+00   
363     2.04537772e-08   7.00000000e+00   2.00000000e+00   6.89778247e+00   1.99494622e+00   3.32331049e+00   
364     2.04609834e-08   7.00000000e+00   2.00000000e+00   6.89841873e+00   1.99626883e+00   3.32199823e+00   
365     2.04674690e-08   7.00000000e+00   2.00000000e+00   6.89897664e+00   1.99734067e+00   3.32081434e+00   
366     2.04739547e-08   7.00000000e+00   2.00000000e+00   6.89952131e+00   1.99830563e+00   3.31962798e+00   
367     2.04796600e-08   7.00000000e+00   2.00000000e+00   6.89999113e+00   1.99907905e+00   3.31858266e+00   
368     2.04847949e-08   7.00000000e+00   2.00000000e+00   6.90040703e+00   1.99971888e+00   3.31764069e+00   
369     2.04875526e-08   7.00000000e+00   2.00000000e+00   6.90062847e+00   2.00004701e+00   3.31713447e+00   
370     2.04889937e-08   7.00000000e+00   2.00000000e+00   6.90074368e+00   2.00021436e+00   3.31686985e+00   
371     2.04904348e-08   7.00000000e+00   2.00000000e+00   6.90085840e+00   2.00037767e+00   3.31660514e+00   
372     2.04918760e-08   7.00000000e+00   2.00000000e+00   6.90097263e+00   2.00053704e+00   3.31634036e+00   
373     2.04947582e-08   7.00000000e+00   2.00000000e+00   6.90119999e+00   2.00084688e+00   3.31581063e+00   
374     2.04976405e-08   7.00000000e+00   2.00000000e+00   6.90142482e+00   2.00113597e+00   3.31528051e+00   
375     2.05005227e-08   7.00000000e+00   2.00000000e+00   6.90164797e+00   2.00141141e+00   3.31475015e+00   
376     2.05034050e-08   7.00000000e+00   2.00000000e+00   6.90186953e+00   2.00167385e+00   3.31421957e+00   
377     2.05091695e-08   7.00000000e+00   2.00000000e+00   6.90230915e+00   2.00217025e+00   3.31315798e+00   
378     2.05149340e-08   7.00000000e+00   2.00000000e+00   6.90274100e+00   2.00260288e+00   3.31209549e+00   
379     2.05206985e-08   7.00000000e+00   2.00000000e+00   6.90316807e+00   2.00299634e+00   3.31103258e+00   
380     2.05264631e-08   7.00000000e+00   2.00000000e+00   6.90359078e+00   2.00335414e+00   3.30996935e+00   
381     2.05379921e-08   7.00000000e+00   2.00000000e+00   6.90442713e+00   2.00399615e+00   3.30784249e+00   
382     2.05482069e-08   7.00000000e+00   2.00000000e+00   6.90515264e+00   2.00443789e+00   3.30595793e+00   
383     2.05584217e-08   7.00000000e+00   2.00000000e+00   6.90586984e+00   2.00481266e+00   3.30407393e+00   
384     2.05686365e-08   7.00000000e+00   2.00000000e+00   6.90657988e+00   2.00513034e+00   3.30219081e+00   
385     2.05890661e-08   7.00000000e+00   2.00000000e+00   6.90798589e+00   2.00565754e+00   3.29842744e+00   
386     2.06074079e-08   7.00000000e+00   2.00000000e+00   6.90922536e+00   2.00595709e+00   3.29505602e+00   
387     2.06257497e-08   7.00000000e+00   2.00000000e+00   6.91045357e+00   2.00618071e+00   3.29169096e+00   
388     2.06440915e-08   7.00000000e+00   2.00000000e+00   6.91167224e+00   2.00634643e+00   3.28833278e+00   
389     2.06807751e-08   7.00000000e+00   2.00000000e+00   6.91408975e+00   2.00658226e+00   3.28163343e+00   
390     2.07174586e-08   7.00000000e+00   2.00000000e+00   6.91646757e+00   2.00666476e+00   3.27497756e+00   
391     2.07541422e-08   7.00000000e+00   2.00000000e+00   6.91881929e+00   2.00669980e+00   3.26835334e+00   
392     2.08275094e-08   7.00000000e+00   2.00000000e+00   6.92341579e+00   2.00668503e+00   3.25523086e+00   
393     2.09008765e-08   7.00000000e+00   2.00000000e+00   6.92788889e+00   2.00663155e+00   3.24223074e+00   
394     2.10476108e-08   7.00000000e+00   2.00000000e+00   6.93629336e+00   2.00648032e+00   3.21670160e+00   
395     2.11943451e-08   7.00000000e+00   2.00000000e+00   6.94407458e+00   2.00631529e+00   3.19161992e+00   
396     2.14878138e-08   7.00000000e+00   2.00000000e+00   6.95698221e+00   2.00598271e+00   3.14306264e+00   
397     2.17271032e-08   7.00000000e+00   2.00000000e+00   6.96549489e+00   2.00570991e+00   3.10427440e+00   
398     2.19663926e-08   7.00000000e+00   2.00000000e+00   6.97221472e+00   2.00544898e+00   3.06619848e+00   
399     2.24449714e-08   7.00000000e+00   2.00000000e+00   6.98059321e+00   2.00499048e+00   2.99350349e+00   
400     2.29235502e-08   7.00000000e+00   2.00000000e+00   6.98556720e+00   2.00458612e+00   2.92412922e+00   
401     2.34021290e-08   7.00000000e+00   2.00000000e+00   6.98867204e+00   2.00423129e+00   2.85827069e+00   
402     2.43592866e-08   7.00000000e+00   2.00000000e+00   6.99262487e+00   2.00359876e+00   2.73499936e+00   
403     2.52207284e-08   7.00000000e+00   2.00000000e+00   6.99405421e+00   2.00317165e+00   2.64601679e+00   
404     2.59368955e-08   7.00000000e+00   2.00000000e+00   6.99503374e+00   2.00286859e+00   2.58298902e+00   
405     2.66530626e-08   7.00000000e+00   2.00000000e+00   6.99579843e+00   2.00260547e+00   2.52822675e+00   
406     2.73692297e-08   7.00000000e+00   2.00000000e+00   6.99639489e+00   2.00237516e+00   2.48016907e+00   
407     2.88015638e-08   7.00000000e+00   2.00000000e+00   6.99732115e+00   2.00197846e+00   2.39719937e+00   
408     2.99007083e-08   7.00000000e+00   2.00000000e+00   6.99771844e+00   2.00174527e+00   2.34807459e+00   
409     3.00000000e-08   7.00000000e+00   2.00000000e+00   6.99775577e+00   2.00172485e+00   2.34376595e+00   
410     3.00005000e-08   6.97500000e+00   2.00000000e+00   6.99775594e+00   2.00172464e+00   2.34374429e+00   
411     3.00005625e-08   6.97187500e+00   2.00000000e+00   6.99775597e+00   2.00172461e+00   2.34374158e+00   
412     3.00006875e-08   6.96562500e+00   2.00000000e+00   6.99775601e+00   2.00172456e+00   2.34373616e+00   
413     3.00008125e-08   6.95937500e+00   2.00000000e+00   6.99775605e+00   2.00172451e+00   2.34373075e+00   
414     3.00010625e-08   6.94687500e+00   2.00000000e+00   6.99775614e+00   2.00172439e+00   2.34371992e+00   
415     3.00015625e-08   6.92187500e+00   2.00000000e+00   6.99775632e+00   2.00172418e+00   2.34369825e+00   
416     3.00020625e-08   6.89687500e+00   2.00000000e+00   6.99775649e+00   2.00172398e+00   2.34367659e+00   
417     3.00030625e-08   6.84687500e+00   2.00000000e+00   6.99775686e+00   2.00172374e+00   2.34363328e+00   
418     3.00040625e-08   6.79687500e+00   2.00000000e+00   6.99775725e+00   2.00172375e+00   2.34358997e+00   
419     3.00050625e-08   6.74687500e+00   2.00000000e+00   6.99775769e+00   2.00172408e+00   2.34354666e+00   
420     3.00070625e-08   6.64687500e+00   2.00000000e+00   6.99775868e+00   2.00172576e+00   2.34346007e+00   
421     3.00090625e-08   6.54687500e+00   2.00000000e+00   6.99775996e+00   2.00172977e+00   2.34337351e+00   
422     3.00110625e-08   6.44687500e+00   2.00000000e+00   6.99776198e+00   2.00173985e+00   2.34328699e+00   
423     3.00130625e-08   6.34687500e+00   2.00000000e+00   6.99776492e+00   2.00175755e+00   2.34320052e+00   
424     3.00150625e-08   6.24687500e+00   2.00000000e+00   6.99776931e+00   2.00178718e+00   2.34311411e+00   
425     3.00170625e-08   6.14687500e+00   2.00000000e+00   6.99777597e+00   2.00183554e+00   2.34302778e+00   
426     3.00210625e-08   5.94687500e+00   2.00000000e+00   6.99780011e+00   2.00202193e+00   2.34285543e+00   
427     3.00230503e-08   5.84748513e+00   2.00000000e+00   6.99782396e+00   2.00221245e+00   2.34277012e+00   
428     3.00241419e-08   5.79290636e+00   2.00000000e+00   6.99784068e+00   2.00234763e+00   2.34272336e+00   
429     3.00248419e-08   5.75790581e+00   2.00000000e+00   6.99785537e+00   2.00247307e+00   2.34269342e+00   
430     3.00255419e-08   5.72290527e+00   2.00000000e+00   6.99787461e+00   2.00263614e+00   2.34266354e+00   
431     3.00262419e-08   5.68790472e+00   2.00000000e+00   6.99789909e+00   2.00284222e+00   2.34263374e+00   
432     3.00269419e-08   5.65290417e+00   2.00000000e+00   6.99792757e+00   2.00308191e+00   2.34260401e+00   
433     3.00283419e-08   5.58290308e+00   2.00000000e+00   6.99800499e+00   2.00372832e+00   2.34254489e+00   
434     3.00291095e-08   5.54452474e+00   2.00000000e+00   6.99806436e+00   2.00421957e+00   2.34251281e+00   
435     3.00298771e-08   5.50614640e+00   2.00000000e+00   6.99813520e+00   2.00480419e+00   2.34248098e+00   
436     3.00306446e-08   5.46776806e+00   2.00000000e+00   6.99821874e+00   2.00549207e+00   2.34244945e+00   
437     3.00321798e-08   5.39101137e+00   2.00000000e+00   6.99842052e+00   2.00715135e+00   2.34238728e+00   
438     3.00337149e-08   5.31425469e+00   2.00000000e+00   6.99868380e+00   2.00930964e+00   2.34232676e+00   
439     3.00352500e-08   5.23749800e+00   2.00000000e+00   6.99902031e+00   2.01206146e+00   2.34226840e+00   
440     3.00367852e-08   5.16074132e+00   2.00000000e+00   6.99944108e+00   2.01549634e+00   2.34221279e+00   
441     3.00378086e-08   5.10957020e+00   2.00000000e+00   6.99977319e+00   2.01820527e+00   2.34217754e+00   
442     3.00388320e-08   5.05839908e+00   2.00000000e+00   7.00014993e+00   2.02127708e+00   2.34214395e+00   
443     3.00398554e-08   5.00722795e+00   2.00000000e+00   7.00057417e+00   2.02473547e+00   2.34211221e+00   
444     3.00408789e-08   4.95605683e+00   2.00000000e+00   7.00105002e+00   2.02861530e+00   2.34208266e+00   
445     3.00419023e-08   4.90488571e+00   2.00000000e+00   7.00158030e+00   2.03293978e+00   2.34205545e+00   
446     3.00429257e-08   4.85371459e+00   2.00000000e+00   7.00216822e+00   2.03773565e+00   2.34203083e+00   
447     3.00439491e-08   4.80254346e+00   2.00000000e+00   7.00281579e+00   2.04302322e+00   2.34200914e+00   
448     3.00449726e-08   4.75137234e+00   2.00000000e+00   7.00352638e+00   2.04883016e+00   2.34199059e+00   
449     3.00459960e-08   4.70020122e+00   2.00000000e+00   7.00430295e+00   2.05518184e+00   2.34197542e+00   
450     3.00480428e-08   4.59785897e+00   2.00000000e+00   7.00605862e+00   2.06958217e+00   2.34195682e+00   
451     3.00500897e-08   4.49551673e+00   2.00000000e+00   7.00810281e+00   2.08640781e+00   2.34195563e+00   
452     3.00521365e-08   4.39317448e+00   2.00000000e+00   7.01045481e+00   2.10583847e+00   2.34197420e+00   
453     3.00539787e-08   4.30106646e+00   2.00000000e+00   7.01284439e+00   2.12568873e+00   2.34201000e+00   
454     3.00558208e-08   4.20895844e+00   2.00000000e+00   7.01550746e+00   2.14791417e+00   2.34206565e+00   
455     3.00576630e-08   4.11685042e+00   2.00000000e+00   7.01845662e+00   2.17264277e+00   2.34214292e+00   
456     3.00595052e-08   4.02474240e+00   2.00000000e+00   7.02168603e+00   2.19993658e+00   2.34224422e+00   
457     3.00613473e-08   3.93263438e+00   2.00000000e+00   7.02521123e+00   2.22993407e+00   2.34237123e+00   
458     3.00631895e-08   3.84052636e+00   2.00000000e+00   7.02904104e+00   2.26274974e+00   2.34252584e+00   
459     3.00650316e-08   3.74841834e+00   2.00000000e+00   7.03316514e+00   2.29845513e+00   2.34271014e+00   
460     3.00668738e-08   3.65631032e+00   2.00000000e+00   7.03759510e+00   2.33717089e+00   2.34292602e+00   
461     3.00687160e-08   3.56420230e+00   2.00000000e+00   7.04233564e+00   2.37900229e+00   2.34317542e+00   
462     3.00724003e-08   3.37998626e+00   2.00000000e+00   7.05268290e+00   2.47236288e+00   2.34378044e+00   
463     3.00760846e-08   3.19577022e+00   2.00000000e+00   7.06420245e+00   2.57934405e+00   2.34453971e+00   
464     3.00797689e-08   3.01155418e+00   2.00000000e+00   7.07688141e+00   2.70074594e+00   2.34546753e+00   
465     3.00830616e-08   2.84692082e+00   2.00000000e+00   7.08890209e+00   2.82292536e+00   2.34644414e+00   
466     3.00863543e-08   2.68228746e+00   2.00000000e+00   7.10158577e+00   2.95854937e+00   2.34757105e+00   
467     3.00896469e-08   2.51765409e+00   2.00000000e+00   7.11485912e+00   3.10837780e+00   2.34885688e+00   
468     3.00952930e-08   2.23534997e+00   2.00000000e+00   7.13035633e+00   3.31144973e+00   2.35128283e+00   
469     3.01000000e-08   2.00000000e+00   2.00000000e+00   7.13639476e+00   3.41623485e+00   2.35341325e+00   
470     3.01047070e-08   2.00000000e+00   2.00000000e+00   7.14417430e+00   3.55764261e+00   2.35556803e+00   
471     3.01085230e-08   2.00000000e+00   2.00000000e+00   7.14996728e+00   3.67925688e+00   2.35733504e+00   
472     3.01123389e-08   2.00000000e+00   2.00000000e+00   7.15479010e+00   3.80334218e+00   2.35911451e+00   
473     3.01161549e-08   2.00000000e+00   2.00000000e+00   7.15833379e+00   3.92756645e+00   2.36089308e+00   
474     3.01237868e-08   2.00000000e+00   2.00000000e+00   7.16060850e+00   4.17352926e+00   2.36437639e+00   
475     3.01294525e-08   2.00000000e+00   2.00000000e+00   7.15875015e+00   4.34586595e+00   2.36682426e+00   
476     3.01351183e-08   2.00000000e+00   2.00000000e+00   7.15592160e+00   4.50824703e+00   2.36917185e+00   
477     3.01407840e-08   2.00000000e+00   2.00000000e+00   7.15331072e+00   4.65859138e+00   2.37144818e+00   
478     3.01521154e-08   2.00000000e+00   2.00000000e+00   7.14841877e+00   4.93200767e+00   2.37590859e+00   
479     3.01634469e-08   2.00000000e+00   2.00000000e+00   7.14413073e+00   5.14995764e+00   2.38028349e+00   
480     3.01747783e-08   2.00000000e+00   2.00000000e+00   7.14013615e+00   5.33605430e+00   2.38471725e+00   
481     3.01861098e-08   2.00000000e+00   2.00000000e+00   7.13637843e+00   5.49419775e+00   2.38923973e+00   
482     3.02087727e-08   2.00000000e+00   2.00000000e+00   7.12930505e+00   5.75601242e+00   2.39853438e+00   
483     3.02278444e-08   2.00000000e+00   2.00000000e+00   7.12399012e+00   5.90003491e+00   2.40677990e+00   
484     3.02450090e-08   2.00000000e+00   2.00000000e+00   7.11946249e+00   6.00230280e+00   2.41442321e+00   
485     3.02621735e-08   2.00000000e+00   2.00000000e+00   7.11516029e+00   6.08282220e+00   2.42226014e+00   
486     3.02793381e-08   2.00000000e+00   2.00000000e+00   7.11106155e+00   6.14620616e+00   2.43026611e+00   
487     3.03136672e-08   2.00000000e+00   2.00000000e+00   7.10328873e+00   6.24342739e+00   2.44663794e+00   
488     3.03342881e-08   2.00000000e+00   2.00000000e+00   7.09903705e+00   6.27716587e+00   2.45675608e+00   
489     3.03528470e-08   2.00000000e+00   2.00000000e+00   7.09538403e+00   6.30077307e+00   2.46597926e+00   
490     3.03714059e-08   2.00000000e+00   2.00000000e+00   7.09189506e+00   6.31914930e+00   2.47530404e+00   
491     3.03899648e-08   2.00000000e+00   2.00000000e+00   7.08856154e+00   6.33348364e+00   2.48472135e+00   
492     3.04270825e-08   2.00000000e+00   2.00000000e+00   7.08223156e+00   6.35537006e+00   2.50379459e+00   
493     3.04535158e-08   2.00000000e+00   2.00000000e+00   7.07816853e+00   6.36389839e+00   2.51757773e+00   
494     3.04773058e-08   2.00000000e+00   2.00000000e+00   7.07471407e+00   6.36967762e+00   2.53010571e+00   
495     3.05010958e-08   2.00000000e+00   2.00000000e+00   7.07145112e+00   6.37407340e+00   2.54274597e+00   
496     3.05248858e-08   2.00000000e+00   2.00000000e+00   7.06836929e+00   6.37745746e+00   2.55549608e+00   
497     3.05724658e-08   2.00000000e+00   2.00000000e+00   7.06259735e+00   6.38263241e+00   2.58133187e+00   
498     3.06200457e-08   2.00000000e+00   2.00000000e+00   7.05769594e+00   6.38534598e+00   2.60755949e+00   
499     3.06676257e-08   2.00000000e+00   2.00000000e+00   7.05331544e+00   6.38735116e+00   2.63421997e+00   
500     3.07627857e-08   2.00000000e+00   2.00000000e+00   7.04625412e+00   6.39000736e+00   2.68871235e+00   
501     3.08579456e-08   2.00000000e+00   2.00000000e+00   7.04060027e+00   6.39193453e+00   2.74505432e+00   
502     3.09531056e-08   2.00000000e+00   2.00000000e+00   7.03603780e+00   6.39342229e+00   2.80154127e+00   
503     3.10482655e-08   2.00000000e+00   2.00000000e+00   7.03203960e+00   6.39469851e+00   2.85665429e+00   
504     3.11434255e-08   2.00000000e+00   2.00000000e+00   7.02896691e+00   6.39567611e+00   2.91005206e+00   
505     3.12290694e-08   2.00000000e+00   2.00000000e+00   7.02662284e+00   6.39643217e+00   2.95691713e+00   
506     3.13147134e-08   2.00000000e+00   2.00000000e+00   7.02462776e+00   6.39708640e+00   3.00266597e+00   
507     3.14860013e-08   2.00000000e+00   2.00000000e+00   7.02164315e+00   6.39811498e+00   3.09050341e+00   
508     3.16572892e-08   2.00000000e+00   2.00000000e+00   7.01929878e+00   6.39895266e+00   3.17465332e+00   
509     3.18285771e-08   2.00000000e+00   2.00000000e+00   7.01718932e+00   6.39969827e+00   3.25614353e+00   
510     3.21711529e-08   2.00000000e+00   2.00000000e+00   7.00810680e+00   6.40208232e+00   3.41373370e+00   
511     3.23644344e-08   2.00000000e+00   2.00000000e+00   6.99138116e+00   6.40571516e+00   3.49659142e+00   
512     3.25577158e-08   2.00000000e+00   2.00000000e+00   6.96376781e+00   6.41177690e+00   3.57541300e+00   
513     3.27509973e-08   2.00000000e+00   2.00000000e+00   6.92669807e+00   6.42005922e+00   3.65052442e+00   
514     3.29442787e-08   2.00000000e+00   2.00000000e+00   6.88178960e+00   6.43020101e+00   3.72232438e+00   
515     3.31375602e-08   2.00000000e+00   2.00000000e+00   6.83033990e+00   6.44186635e+00   3.79116583e+00   
516     3.35241231e-08   2.00000000e+00   2.00000000e+00   6.71296591e+00   6.46830066e+00   3.92245780e+00   
517     3.38720297e-08   2.00000000e+00   2.00000000e+00   6.58688420e+00   6.49652861e+00   4.03007282e+00   
518     3.42199364e-08   2.00000000e+00   2.00000000e+00   6.44609788e+00   6.52737606e+00   4.13135885e+00   
519     3.49157496e-08   2.00000000e+00   2.00000000e+00   6.10871245e+00   6.59860017e+00   4.31408846e+00   
520     3.55419815e-08   2.00000000e+00   2.00000000e+00   5.71734898e+00   6.67819752e+00   4.46587560e+00   
521     3.58982740e-08   2.00000000e+00   2.00000000e+00   5.44233167e+00   6.73206789e+00   4.55520822e+00   
522     3.62545665e-08   2.00000000e+00   2.00000000e+00   5.04850715e+00   6.79808919e+00   4.66587917e+00   
523     3.65086418e-08   2.00000000e+00   2.00000000e+00   4.66590014e+00   6.85234631e+00   4.76685271e+00   
524     3.67373096e-08   2.00000000e+00   2.00000000e+00   4.25467249e+00   6.90166782e+00   4.85596542e+00   
525     3.68741285e-08   2.00000000e+00   2.00000000e+00   3.99944401e+00   6.92793742e+00   4.90859885e+00   
526     3.70109475e-08   2.00000000e+00   2.00000000e+00   3.73343485e+00   6.95042515e+00   4.95683425e+00   
527     3.70846916e-08   2.00000000e+00   2.00000000e+00   3.58986354e+00   6.96081097e+00   4.97760732e+00   
528     3.71366087e-08   2.00000000e+00   2.00000000e+00   3.48951392e+00   6.96721495e+00   4.98909359e+00   
529     3.71885257e-08   2.00000000e+00   2.00000000e+00   3.39057026e+00   6.97275045e+00   4.99854017e+00   
530     3.72279321e-08   2.00000000e+00   2.00000000e+00   3.31660881e+00   6.97641407e+00   5.00460491e+00   
531     3.72633979e-08   2.00000000e+00   2.00000000e+00   3.25178563e+00   6.97930899e+00   5.00941537e+00   
532     3.72988637e-08   2.00000000e+00   2.00000000e+00   3.18939468e+00   6.98181988e+00   5.01377709e+00   
533     3.73343294e-08   2.00000000e+00   2.00000000e+00   3.12959354e+00   6.98393966e+00   5.01782887e+00   
534     3.74052610e-08   2.00000000e+00   2.00000000e+00   3.01663593e+00   6.98708056e+00   5.02533417e+00   
535     3.74390054e-08   2.00000000e+00   2.00000000e+00   2.96728269e+00   6.98795063e+00   5.02885648e+00   
536     3.74727498e-08   2.00000000e+00   2.00000000e+00   2.92030483e+00   6.98864677e+00   5.03242081e+00   
537     3.75064942e-08   2.00000000e+00   2.00000000e+00   2.87572639e+00   6.98922310e+00   5.03607141e+00   
538     3.75739829e-08   2.00000000e+00   2.00000000e+00   2.79565018e+00   6.99010964e+00   5.04404276e+00   
539     3.76194291e-08   2.00000000e+00   2.00000000e+00   2.74587676e+00   6.99063196e+00   5.04967896e+00   
540     3.76648753e-08   2.00000000e+00   2.00000000e+00   2.70004985e+00   6.99109931e+00   5.05567528e+00   
541     3.77103215e-08   2.00000000e+00   2.00000000e+00   2.65796016e+00   6.99152479e+00   5.06205703e+00   
542     3.77557677e-08   2.00000000e+00   2.00000000e+00   2.61961303e+00   6.99192743e+00   5.06885731e+00   
543     3.78012139e-08   2.00000000e+00   2.00000000e+00   2.58396351e+00   6.99233193e+00   5.07594871e+00   
544     3.78466601e-08   2.00000000e+00   2.00000000e+00   2.55254541e+00   6.99267616e+00   5.08362169e+00   
545     3.78921063e-08   2.00000000e+00   2.00000000e+00   2.52397442e+00   6.99299316e+00   5.09167560e+00   
546     3.79829986e-08   2.00000000e+00   2.00000000e+00   2.47577045e+00   6.99351129e+00   5.10901769e+00   
547     3.80620399e-08   2.00000000e+00   2.00000000e+00   2.43971088e+00   6.99389938e+00   5.12487082e+00   
548     3.81410812e-08   2.00000000e+00   2.00000000e+00   2.40846436e+00   6.99422854e+00   5.14135300e+00   
549     3.82201224e-08   2.00000000e+00   2.00000000e+00   2.38122081e+00   6.99450892e+00   5.15833568e+00   
550     3.83782050e-08   2.00000000e+00   2.00000000e+00   2.33440392e+00   6.99498874e+00   5.19317372e+00   
551     3.85040455e-08   2.00000000e+00   2.00000000e+00   2.30659609e+00   6.99524053e+00   5.22184427e+00   
552     3.86298861e-08   2.00000000e+00   2.00000000e+00   2.28282930e+00   6.99545305e+00   5.25071525e+00   
553     3.87557267e-08   2.00000000e+00   2.00000000e+00   2.26221737e+00   6.99563277e+00   5.27963196e+00   
554     3.90074078e-08   2.00000000e+00   2.00000000e+00   2.22663180e+00   6.99594097e+00   5.33726617e+00   
555     3.91993633e-08   2.00000000e+00   2.00000000e+00   2.20576619e+00   6.99610622e+00   5.38048100e+00   
556     3.93913187e-08   2.00000000e+00   2.00000000e+00   2.18734606e+00   6.99625445e+00   5.42293599e+00   
557     3.95832742e-08   2.00000000e+00   2.00000000e+00   2.17090821e+00   6.99638953e+00   5.46456802e+00   
558     3.99671851e-08   2.00000000e+00   2.00000000e+00   2.14195761e+00   6.99664127e+00   5.54585843e+00   
559     4.00000000e-08   2.00000000e+00   2.00000000e+00   2.13977113e+00   6.99666089e+00   5.55266005e+00   
560     4.00005000e-08   2.02500000e+00   2.00000000e+00   2.13990904e+00   6.99972358e+00   5.55276604e+00   
561     4.00009516e-08   2.04758046e+00   2.00000000e+00   2.14015928e+00   7.00380234e+00   5.55286443e+00   
562     4.00014032e-08   2.07016093e+00   2.00000000e+00   2.14052577e+00   7.00901342e+00   5.55296585e+00   
563     4.00018548e-08   2.09274139e+00   2.00000000e+00   2.14099874e+00   7.01522280e+00   5.55307052e+00   
564     4.00027580e-08   2.13790232e+00   2.00000000e+00   2.14216297e+00   7.02964964e+00   5.55328794e+00   
565     4.00036613e-08   2.18306324e+00   2.00000000e+00   2.14377397e+00   7.04816369e+00   5.55352629e+00   
566     4.00045645e-08   2.22822417e+00   2.00000000e+00   2.14561366e+00   7.06878781e+00   5.55378063e+00   
567     4.00054677e-08   2.27338510e+00   2.00000000e+00   2.14763706e+00   7.09112241e+00   5.55405145e+00   
568     4.00072741e-08   2.36370695e+00   2.00000000e+00   2.15199849e+00   7.13876425e+00   5.55463213e+00   
569     4.00090806e-08   2.45402880e+00   2.00000000e+00   2.15688518e+00   7.19146164e+00   5.55530726e+00   
570     4.00108870e-08   2.54435066e+00   2.00000000e+00   2.16190270e+00   7.24562869e+00   5.55604594e+00   
571     4.00126935e-08   2.63467251e+00   2.00000000e+00   2.16696148e+00   7.30039891e+00   5.55684433e+00   
572     4.00163063e-08   2.81531622e+00   2.00000000e+00   2.17695428e+00   7.40927885e+00   5.55856566e+00   
573     4.00199192e-08   2.99595992e+00   2.00000000e+00   2.18646106e+00   7.51478523e+00   5.56054823e+00   
574     4.00235321e-08   3.17660363e+00   2.00000000e+00   2.19531068e+00   7.61521123e+00   5.56266339e+00   
575     4.00271449e-08   3.35724734e+00   2.00000000e+00   2.20354548e+00   7.71048942e+00   5.56488255e+00   
576     4.00297603e-08   3.48801558e+00   2.00000000e+00   2.20908201e+00   7.77589242e+00   5.56653047e+00   
577     4.00318035e-08   3.59017622e+00   2.00000000e+00   2.21281906e+00   7.82211215e+00   5.56782930e+00   
578     4.00338467e-08   3.69233686e+00   2.00000000e+00   2.21519214e+00   7.85723233e+00   5.56910966e+00   
579     4.00354285e-08   3.77142407e+00   2.00000000e+00   2.21592614e+00   7.87535700e+00   5.57007373e+00   
580     4.00369938e-08   3.84969084e+00   2.00000000e+00   2.21586268e+00   7.88576238e+00   5.57099563e+00   
581     4.00385592e-08   3.92795760e+00   2.00000000e+00   2.21537460e+00   7.89128622e+00   5.57188564e+00   
582     4.00401245e-08   4.00622437e+00   2.00000000e+00   2.21469433e+00   7.89408864e+00   5.57274550e+00   
583     4.00432552e-08   4.16275790e+00   2.00000000e+00   2.21318792e+00   7.89687386e+00   5.57440040e+00   
584     4.00463858e-08   4.31929143e+00   2.00000000e+00   2.21163246e+00   7.89695469e+00   5.57591513e+00   
585     4.00495165e-08   4.47582496e+00   2.00000000e+00   2.21015981e+00   7.89706373e+00   5.57734933e+00   
586     4.00557778e-08   4.78889202e+00   2.00000000e+00   2.20746244e+00   7.89727195e+00   5.57997294e+00   
587     4.00620392e-08   5.10195908e+00   2.00000000e+00   2.20496119e+00   7.89746865e+00   5.58241123e+00   
588     4.00745619e-08   5.72809321e+00   2.00000000e+00   2.20049041e+00   7.89786893e+00   5.58683972e+00   
589     4.00870845e-08   6.35422733e+00   2.00000000e+00   2.19640605e+00   7.89855016e+00   5.59100110e+00   
590     4.00953449e-08   6.76724264e+00   2.00000000e+00   2.19387280e+00   7.89971087e+00   5.59366863e+00   
591     4.00960363e-08   6.80181360e+00   2.00000000e+00   2.19366622e+00   7.89994039e+00   5.59389147e+00   
592     4.00961227e-08   6.80613497e+00   2.00000000e+00   2.19364047e+00   7.89996930e+00   5.59391932e+00   
593     4.00962956e-08   6.81477772e+00   2.00000000e+00   2.19358910e+00   7.90002627e+00   5.59397499e+00   
594     4.00966413e-08   6.83206320e+00   2.00000000e+00   2.19348651e+00   7.90013069e+00   5.59408621e+00   
595     4.00973327e-08   6.86663416e+00   2.00000000e+00   2.19328064e+00   7.90029433e+00   5.59430817e+00   
596     4.00980241e-08   6.90120513e+00   2.00000000e+00   2.19307389e+00   7.90041895e+00   5.59452965e+00   
597     4.00994069e-08   6.97034705e+00   2.00000000e+00   2.19265880e+00   7.90057430e+00   5.59497077e+00   
598     4.01000000e-08   7.00000000e+00   2.00000000e+00   2.19248066e+00   7.90062763e+00   5.59515963e+00   
599     4.01005931e-08   7.00000000e+00   2.00000000e+00   2.19223105e+00   7.89848130e+00   5.59534698e+00   
600     4.01006672e-08   7.00000000e+00   2.00000000e+00   2.19219890e+00   7.89819978e+00   5.59537038e+00   
601     4.01008155e-08   7.00000000e+00   2.00000000e+00   2.19213170e+00   7.89759962e+00   5.59541706e+00   
602     4.01009637e-08   7.00000000e+00   2.00000000e+00   2.19206221e+00   7.89697376e+00   5.59546365e+00   
603     4.01011120e-08   7.00000000e+00   2.00000000e+00   2.19199095e+00   7.89633099e+00   5.59551014e+00   
604     4.01014085e-08   7.00000000e+00   2.00000000e+00   2.19184538e+00   7.89502364e+00   5.59560292e+00   
605     4.01016754e-08   7.00000000e+00   2.00000000e+00   2.19171047e+00   7.89383650e+00   5.59568606e+00   
606     4.01019423e-08   7.00000000e+00   2.00000000e+00   2.19157480e+00   7.89266783e+00   5.59576898e+00   
607     4.01022091e-08   7.00000000e+00   2.00000000e+00   2.19143906e+00   7.89152459e+00   5.59585171e+00   
608     4.01027429e-08   7.00000000e+00   2.00000000e+00   2.19116849e+00   7.88930416e+00   5.59601674e+00   
609     4.01032233e-08   7.00000000e+00   2.00000000e+00   2.19092938e+00   7.88745267e+00   5.59616444e+00   
610     4.01037037e-08   7.00000000e+00   2.00000000e+00   2.19069428e+00   7.88569990e+00   5.59631164e+00   
611     4.01041840e-08   7.00000000e+00   2.00000000e+00   2.19046307e+00   7.88403654e+00   5.59645834e+00   
612     4.01051448e-08   7.00000000e+00   2.00000000e+00   2.19000805e+00   7.88088171e+00   5.59675064e+00   
613     4.01060095e-08   7.00000000e+00   2.00000000e+00   2.18961437e+00   7.87834760e+00   5.59701161e+00   
614     4.01068741e-08   7.00000000e+00   2.00000000e+00   2.18922878e+00   7.87596466e+00   5.59727128e+00   
615     4.01077388e-08   7.00000000e+00   2.00000000e+00   2.18884978e+00   7.87370363e+00   5.59752973e+00   
616     4.01094682e-08   7.00000000e+00   2.00000000e+00   2.18810165e+00   7.86938600e+00   5.59804393e+00   
617     4.01111975e-08   7.00000000e+00   2.00000000e+00   2.18737922e+00   7.86548329e+00   5.59855226e+00   
618     4.01129269e-08   7.00000000e+00   2.00000000e+00   2.18666795e+00   7.86177059e+00   5.59905702e+00   
619     4.01146563e-08   7.00000000e+00   2.00000000e+00   2.18596512e+00   7.85820481e+00   5.59955849e+00   
620     4.01181150e-08   7.00000000e+00   2.00000000e+00   2.18456777e+00   7.85128828e+00   5.60055440e+00   
621     4.01215737e-08   7.00000000e+00   2.00000000e+00   2.18321103e+00   7.84491582e+00   5.60153584e+00   
622     4.01250324e-08   7.00000000e+00   2.00000000e+00   2.18187166e+00   7.83879660e+00   5.60250914e+00   
623     4.01284911e-08   7.00000000e+00   2.00000000e+00   2.18054514e+00   7.83285986e+00   5.60347524e+00   
624     4.01354086e-08   7.00000000e+00   2.00000000e+00   2.17789264e+00   7.82111315e+00   5.60539195e+00   
625     4.01416343e-08   7.00000000e+00   2.00000000e+00   2.17556824e+00   7.81101266e+00   5.60709150e+00   
626     4.01478600e-08   7.00000000e+00   2.00000000e+00   2.17325609e+00   7.80087640e+00   5.60877676e+00   
627     4.01540857e-08   7.00000000e+00   2.00000000e+00   2.17094497e+00   7.79054788e+00   5.61044816e+00   
628     4.01665371e-08   7.00000000e+00   2.00000000e+00   2.16626661e+00   7.76878415e+00   5.61375576e+00   
629     4.01766727e-08   7.00000000e+00   2.00000000e+00   2.16254193e+00   7.75049721e+00   5.61639707e+00   
630     4.01868084e-08   7.00000000e+00   2.00000000e+00   2.15888016e+00   7.73178815e+00   5.61900926e+00   
631     4.01969441e-08   7.00000000e+00   2.00000000e+00   2.15528105e+00   7.71261323e+00   5.62159374e+00   
632     4.02172154e-08   7.00000000e+00   2.00000000e+00   2.14817830e+00   7.67256434e+00   5.62669525e+00   
633     4.02374867e-08   7.00000000e+00   2.00000000e+00   2.14156603e+00   7.63129970e+00   5.63165510e+00   
634     4.02577581e-08   7.00000000e+00   2.00000000e+00   2.13517092e+00   7.58803942e+00   5.63650847e+00   
635     4.02983007e-08   7.00000000e+00   2.00000000e+00   2.12324526e+00   7.49490746e+00   5.64573733e+00   
636     4.03388434e-08   7.00000000e+00   2.00000000e+00   2.11096842e+00   7.38110601e+00   5.65421969e+00   
637     4.03694286e-08   7.00000000e+00   2.00000000e+00   2.10196476e+00   7.28801467e+00   5.66018621e+00   
638     4.03807549e-08   7.00000000e+00   2.00000000e+00   2.09905658e+00   7.25680830e+00   5.66236860e+00   
639     4.03920811e-08   7.00000000e+00   2.00000000e+00   2.09653817e+00   7.22866262e+00   5.66454156e+00   
640     4.04147336e-08   7.00000000e+00   2.00000000e+00   2.09270153e+00   7.18269551e+00   5.66890270e+00   
641     4.04351209e-08   7.00000000e+00   2.00000000e+00   2.09001369e+00   7.14829594e+00   5.67285134e+00   
642     4.04555082e-08   7.00000000e+00   2.00000000e+00   2.08793197e+00   7.11977166e+00   5.67682323e+00   
643     4.04758955e-08   7.00000000e+00   2.00000000e+00   2.08632683e+00   7.09616001e+00   5.68081327e+00   
644     4.05166700e-08   7.00000000e+00   2.00000000e+00   2.08392264e+00   7.05792602e+00   5.68881574e+00   
645     4.05574446e-08   7.00000000e+00   2.00000000e+00   2.08281810e+00   7.03605831e+00   5.69681987e+00   
646     4.05982191e-08   7.00000000e+00   2.00000000e+00   2.08208165e+00   7.02070878e+00   5.70477955e+00   
647     4.06389936e-08   7.00000000e+00   2.00000000e+00   2.08152879e+00   7.00994216e+00   5.71267965e+00   
648     4.07205427e-08   7.00000000e+00   2.00000000e+00   2.08053101e+00   6.99523170e+00   5.72832031e+00   
649     4.08020918e-08   7.00000000e+00   2.00000000e+00   2.07936259e+00   6.99039490e+00   5.74356338e+00   
650     4.08836409e-08   7.00000000e+00   2.00000000e+00   2.07787328e+00   6.98780668e+00   5.75853983e+00   
651     4.10467391e-08   7.00000000e+00   2.00000000e+00   2.07400398e+00   6.98601786e+00   5.78757932e+00   
652     4.12098373e-08   7.00000000e+00   2.00000000e+00   2.06965384e+00   6.98552530e+00   5.81582360e+00   
653     4.13729355e-08   7.00000000e+00   2.00000000e+00   2.06512246e+00   6.98553832e+00   5.84335443e+00   
654     4.16991318e-08   7.00000000e+00   2.00000000e+00   2.05627013e+00   6.98605491e+00   5.89587871e+00   
655     4.20253282e-08   7.00000000e+00   2.00000000e+00   2.04813495e+00   6.98668802e+00   5.94607685e+00   
656     4.23515246e-08   7.00000000e+00   2.00000000e+00   2.04086676e+00   6.98733324e+00   5.99408380e+00   
657     4.30039173e-08   7.00000000e+00   2.00000000e+00   2.02857949e+00   6.98858524e+00   6.08533405e+00   
658     4.35910708e-08   7.00000000e+00   2.00000000e+00   2.02016934e+00   6.98961901e+00   6.16112019e+00   
659     4.38846475e-08   7.00000000e+00   2.00000000e+00   2.01696228e+00   6.99007849e+00   6.19602495e+00   
660     4.41782242e-08   7.00000000e+00   2.00000000e+00   2.01414760e+00   6.99051737e+00   6.22952086e+00   
661     4.44718010e-08   7.00000000e+00   2.00000000e+00   2.01170962e+00   6.99093744e+00   6.26166452e+00   
662     4.50589544e-08   7.00000000e+00   2.00000000e+00   2.00772581e+00   6.99173948e+00   6.32297198e+00   
663     4.53068116e-08   7.00000000e+00   2.00000000e+00   2.00648606e+00   6.99204894e+00   6.34707018e+00   
664     4.55546689e-08   7.00000000e+00   2.00000000e+00   2.00541819e+00   6.99234608e+00   6.37033112e+00   
665     4.57777404e-08   7.00000000e+00   2.00000000e+00   2.00461440e+00   6.99260639e+00   6.39063285e+00   
666     4.59785047e-08   7.00000000e+00   2.00000000e+00   2.00401508e+00   6.99283463e+00   6.40843177e+00   
667     4.61792690e-08   7.00000000e+00   2.00000000e+00   2.00352172e+00   6.99305572e+00   6.42577165e+00   
668     4.63599569e-08   7.00000000e+00   2.00000000e+00   2.00314960e+00   6.99324862e+00   6.44101286e+00   
669     4.65406449e-08   7.00000000e+00   2.00000000e+00   2.00283609e+00   6.99343545e+00   6.45589246e+00   
670     4.67213328e-08   7.00000000e+00   2.00000000e+00   2.00257090e+00   6.99361651e+00   6.47041604e+00   
671     4.70827086e-08   7.00000000e+00   2.00000000e+00   2.00219482e+00   6.99397091e+00   6.49868226e+00   
672     4.74440844e-08   7.00000000e+00   2.00000000e+00   2.00194696e+00   6.99430272e+00   6.52566277e+00   
673     4.77169684e-08   7.00000000e+00   2.00000000e+00   2.00181557e+00   6.99453315e+00   6.54477559e+00   
674     4.79898524e-08   7.00000000e+00   2.00000000e+00   2.00169517e+00   6.99475452e+00   6.56317320e+00   
675     4.85356205e-08   7.00000000e+00   2.00000000e+00   2.00149160e+00   6.99516420e+00   6.59724766e+00   
676     4.89881295e-08   7.00000000e+00   2.00000000e+00   2.00134778e+00   6.99548301e+00   6.62377335e+00   
677     4.94406385e-08   7.00000000e+00   2.00000000e+00   2.00122406e+00   6.99578189e+00   6.64865241e+00   
678     4.98931476e-08   7.00000000e+00   2.00000000e+00   2.00111679e+00   6.99606194e+00   6.67197470e+00   
679     5.00000000e-08   7.00000000e+00   2.00000000e+00   2.00109281e+00   6.99612688e+00   6.67738452e+00   
End of Xyce(TM) Simulation
