Index        TIME             R1:R            R1:TEMP           I(R1)            R2:R            R2:TEMP           I(R2)           R3:TEMP          R4:TEMP          R5:TEMP
0       0.00000000e+00   1.70105000e-04   2.70000037e+01   2.93936098e+04   3.40210000e-04   2.70000009e+01   1.46968049e+04   2.70000000e+01   2.70000000e+01   2.70000000e+01   
1       1.00000000e-10   1.70105003e-04   2.70000073e+01   2.93936094e+04   3.40210001e-04   2.70000018e+01   1.46968049e+04   2.70000000e+01   2.70000000e+01   2.70000000e+01   
2       3.00000000e-10   1.70105005e-04   2.70000146e+01   2.93936089e+04   3.40210003e-04   2.70000037e+01   1.46968048e+04   2.70000000e+01   2.70000001e+01   2.70000000e+01   
3       7.00000000e-10   1.70105010e-04   2.70000292e+01   2.93936081e+04   3.40210005e-04   2.70000073e+01   1.46968047e+04   2.70000000e+01   2.70000002e+01   2.70000000e+01   
4       1.50000000e-09   1.70105020e-04   2.70000585e+01   2.93936063e+04   3.40210010e-04   2.70000146e+01   1.46968045e+04   2.70000001e+01   2.70000004e+01   2.70000001e+01   
5       3.10000000e-09   1.70105041e-04   2.70001169e+01   2.93936028e+04   3.40210020e-04   2.70000292e+01   1.46968040e+04   2.70000002e+01   2.70000007e+01   2.70000002e+01   
6       6.30000000e-09   1.70105082e-04   2.70002338e+01   2.93935957e+04   3.40210041e-04   2.70000585e+01   1.46968031e+04   2.70000004e+01   2.70000015e+01   2.70000004e+01   
7       1.27000000e-08   1.70105164e-04   2.70004677e+01   2.93935815e+04   3.40210082e-04   2.70001169e+01   1.46968014e+04   2.70000007e+01   2.70000030e+01   2.70000007e+01   
8       2.55000000e-08   1.70105327e-04   2.70009354e+01   2.93935533e+04   3.40210164e-04   2.70002338e+01   1.46967978e+04   2.70000015e+01   2.70000060e+01   2.70000015e+01   
9       5.11000000e-08   1.70105655e-04   2.70018708e+01   2.93934967e+04   3.40210327e-04   2.70004677e+01   1.46967908e+04   2.70000030e+01   2.70000120e+01   2.70000030e+01   
10      1.02300000e-07   1.70106310e-04   2.70037415e+01   2.93933835e+04   3.40210655e-04   2.70009354e+01   1.46967766e+04   2.70000060e+01   2.70000239e+01   2.70000060e+01   
11      2.04700000e-07   1.70107619e-04   2.70074830e+01   2.93931573e+04   3.40211310e-04   2.70018708e+01   1.46967483e+04   2.70000120e+01   2.70000479e+01   2.70000120e+01   
12      4.09500000e-07   1.70110238e-04   2.70149657e+01   2.93927047e+04   3.40212619e-04   2.70037415e+01   1.46966918e+04   2.70000239e+01   2.70000958e+01   2.70000239e+01   
13      8.19100000e-07   1.70115476e-04   2.70299303e+01   2.93917997e+04   3.40215238e-04   2.70074830e+01   1.46965786e+04   2.70000479e+01   2.70001916e+01   2.70000479e+01   
14      1.63830000e-06   1.70125951e-04   2.70598562e+01   2.93899900e+04   3.40220476e-04   2.70149657e+01   1.46963524e+04   2.70000958e+01   2.70003831e+01   2.70000958e+01   
15      3.27670000e-06   1.70146899e-04   2.71196947e+01   2.93863715e+04   3.40230952e-04   2.70299303e+01   1.46958999e+04   2.70001916e+01   2.70007663e+01   2.70001916e+01   
16      6.55350000e-06   1.70188786e-04   2.72393184e+01   2.93791389e+04   3.40251902e-04   2.70598562e+01   1.46949950e+04   2.70003831e+01   2.70015325e+01   2.70003831e+01   
17      1.31071000e-05   1.70272523e-04   2.74783531e+01   2.93646909e+04   3.40293799e-04   2.71196947e+01   1.46931858e+04   2.70007663e+01   2.70030651e+01   2.70007663e+01   
18      2.62143000e-05   1.70439847e-04   2.79555743e+01   2.93358630e+04   3.40377573e-04   2.72393184e+01   1.46895695e+04   2.70015325e+01   2.70061301e+01   2.70015325e+01   
19      5.24287000e-05   1.70773902e-04   2.89066433e+01   2.92784784e+04   3.40545046e-04   2.74783531e+01   1.46823454e+04   2.70030650e+01   2.70122602e+01   2.70030650e+01   
20      1.04857500e-04   1.71439650e-04   3.07954419e+01   2.91647818e+04   3.40879694e-04   2.79555743e+01   1.46679315e+04   2.70061300e+01   2.70245200e+01   2.70061300e+01   
21      2.09715100e-04   1.72761809e-04   3.45208847e+01   2.89415816e+04   3.41547804e-04   2.89066433e+01   1.46392392e+04   2.70122595e+01   2.70490385e+01   2.70122595e+01   
22      4.19430300e-04   1.75369619e-04   4.17722874e+01   2.85112098e+04   3.42879301e-04   3.07954419e+01   1.45823909e+04   2.70245173e+01   2.70980710e+01   2.70245173e+01   
23      8.38860700e-04   1.80445601e-04   5.55432634e+01   2.77091820e+04   3.45523619e-04   3.45208847e+01   1.44707908e+04   2.70490276e+01   2.71961181e+01   2.70490276e+01   
24      8.50142046e-04   1.90085284e-04   5.58801739e+01   2.63039825e+04   3.50739239e-04   3.46184045e+01   1.42556049e+04   2.70496866e+01   2.71987543e+01   2.70496866e+01   
25      8.51552215e-04   1.90321122e-04   5.59221926e+01   2.62713878e+04   3.50875766e-04   3.46305859e+01   1.42500579e+04   2.70497690e+01   2.71990838e+01   2.70497690e+01   
26      8.54372551e-04   1.90350535e-04   5.60062062e+01   2.62673284e+04   3.50892820e-04   3.46549466e+01   1.42493654e+04   2.70499337e+01   2.71997429e+01   2.70499337e+01   
27      8.57192888e-04   1.90409344e-04   5.60901725e+01   2.62592155e+04   3.50926925e-04   3.46793029e+01   1.42479805e+04   2.70500985e+01   2.72004019e+01   2.70500985e+01   
28      8.62833561e-04   1.90468121e-04   5.62580104e+01   2.62511122e+04   3.50961024e-04   3.47280070e+01   1.42465962e+04   2.70504279e+01   2.72017200e+01   2.70504279e+01   
29      8.74114908e-04   1.90585607e-04   5.65933089e+01   2.62349296e+04   3.51029210e-04   3.48253809e+01   1.42438289e+04   2.70510869e+01   2.72043561e+01   2.70510869e+01   
30      8.96677601e-04   1.90820316e-04   5.72624013e+01   2.62026607e+04   3.51165533e-04   3.50199916e+01   1.42382994e+04   2.70524048e+01   2.72096283e+01   2.70524048e+01   
31      9.41802987e-04   1.91288681e-04   5.85946119e+01   2.61385043e+04   3.51437988e-04   3.54086663e+01   1.42272610e+04   2.70550405e+01   2.72201726e+01   2.70550405e+01   
32      1.03205376e-03   1.92221228e-04   6.12354803e+01   2.60116952e+04   3.51982133e-04   3.61838385e+01   1.42052665e+04   2.70603117e+01   2.72412602e+01   2.70603117e+01   
33      1.21255530e-03   1.94069836e-04   6.64256723e+01   2.57639214e+04   3.53067374e-04   3.77255525e+01   1.41616031e+04   2.70708532e+01   2.72834321e+01   2.70708532e+01   
34      1.57355839e-03   1.97702971e-04   7.64598623e+01   2.52904647e+04   3.55225774e-04   4.07750793e+01   1.40755552e+04   2.70919323e+01   2.73677627e+01   2.70919323e+01   
35      1.61986451e-03   2.04726904e-04   7.76671907e+01   2.44227794e+04   3.59495111e-04   4.11578520e+01   1.39083950e+04   2.70946351e+01   2.73785764e+01   2.70946351e+01   
36      1.63686249e-03   2.05572034e-04   7.81070370e+01   2.43223746e+04   3.60030993e-04   4.12979800e+01   1.38876933e+04   2.70956273e+01   2.73825457e+01   2.70956273e+01   
37      1.65386047e-03   2.05879926e-04   7.85456765e+01   2.42860006e+04   3.60227172e-04   4.14379694e+01   1.38801301e+04   2.70966194e+01   2.73865150e+01   2.70966194e+01   
38      1.67085845e-03   2.06186974e-04   7.89831176e+01   2.42498346e+04   3.60423157e-04   4.15778206e+01   1.38725825e+04   2.70976114e+01   2.73904842e+01   2.70976114e+01   
39      1.70485442e-03   2.06493182e-04   7.98556193e+01   2.42138745e+04   3.60618949e-04   4.18572471e+01   1.38650507e+04   2.70995955e+01   2.73984225e+01   2.70995955e+01   
40      1.73885038e-03   2.07103934e-04   8.07234019e+01   2.41424676e+04   3.61010146e-04   4.21361237e+01   1.38500263e+04   2.71015796e+01   2.74063606e+01   2.71015796e+01   
41      1.77284634e-03   2.07711381e-04   8.15865289e+01   2.40718634e+04   3.61400573e-04   4.24144532e+01   1.38350638e+04   2.71035636e+01   2.74142984e+01   2.71035636e+01   
42      1.84083826e-03   2.08315570e-04   8.33035959e+01   2.40020465e+04   3.61790235e-04   4.29700232e+01   1.38201630e+04   2.71075314e+01   2.74301736e+01   2.71075314e+01   
43      1.90147437e-03   2.09517517e-04   8.48187942e+01   2.38643531e+04   3.62568033e-04   4.34635581e+01   1.37905153e+04   2.71110697e+01   2.74443305e+01   2.71110697e+01   
44      1.96211048e-03   2.10578156e-04   8.63199915e+01   2.37441532e+04   3.63258981e-04   4.39553879e+01   1.37642846e+04   2.71146078e+01   2.74584866e+01   2.71146078e+01   
45      2.08338270e-03   2.11628994e-04   8.92950246e+01   2.36262523e+04   3.63947543e-04   4.49356670e+01   1.37382436e+04   2.71216836e+01   2.74867974e+01   2.71216836e+01   
46      2.16549582e-03   2.13711517e-04   9.12734395e+01   2.33960250e+04   3.65319934e-04   4.55948845e+01   1.36866334e+04   2.71264740e+01   2.75059645e+01   2.71264740e+01   
47      2.24760893e-03   2.15096408e-04   9.32284644e+01   2.32453905e+04   3.66242838e-04   4.62510837e+01   1.36521441e+04   2.71312640e+01   2.75251303e+01   2.71312640e+01   
48      2.32972205e-03   2.16464925e-04   9.51607821e+01   2.30984304e+04   3.67161517e-04   4.69042990e+01   1.36179849e+04   2.71360536e+01   2.75442947e+01   2.71360536e+01   
49      2.42882269e-03   2.17817547e-04   9.74662379e+01   2.29549917e+04   3.68076019e-04   4.76890910e+01   1.35841504e+04   2.71418336e+01   2.75674221e+01   2.71418336e+01   
50      2.52792334e-03   2.19431367e-04   9.97405277e+01   2.27861681e+04   3.69174727e-04   4.84696373e+01   1.35437223e+04   2.71476130e+01   2.75905475e+01   2.71476130e+01   
51      2.62702398e-03   2.21023369e-04   1.01984690e+02   2.26220422e+04   3.70267492e-04   4.92459952e+01   1.35037510e+04   2.71533919e+01   2.76136710e+01   2.71533919e+01   
52      2.73895740e-03   2.22594283e-04   1.04486535e+02   2.24623918e+04   3.71354393e-04   5.01182178e+01   1.34642274e+04   2.71599184e+01   2.76397865e+01   2.71599184e+01   
53      2.85089082e-03   2.24345574e-04   1.06952434e+02   2.22870454e+04   3.72575505e-04   5.09852409e+01   1.34200986e+04   2.71664441e+01   2.76658995e+01   2.71664441e+01   
54      2.97224416e-03   2.26071703e-04   1.09588260e+02   2.21168767e+04   3.73789337e-04   5.19196762e+01   1.33765185e+04   2.71735183e+01   2.76942072e+01   2.71735183e+01   
55      3.11096711e-03   2.27916782e-04   1.12556420e+02   2.19378317e+04   3.75097547e-04   5.29810804e+01   1.33298659e+04   2.71816040e+01   2.77265633e+01   2.71816040e+01   
56      3.26969623e-03   2.29994494e-04   1.15896104e+02   2.17396508e+04   3.76583513e-04   5.41868357e+01   1.32772674e+04   2.71908545e+01   2.77635813e+01   2.71908545e+01   
57      3.44136224e-03   2.32332273e-04   1.19440997e+02   2.15209017e+04   3.78271570e-04   5.54802721e+01   1.32180169e+04   2.72008574e+01   2.78036108e+01   2.72008574e+01   
58      3.61126744e-03   2.34813698e-04   1.22881161e+02   2.12934767e+04   3.80082381e-04   5.67493380e+01   1.31550428e+04   2.72107559e+01   2.78432237e+01   2.72107559e+01   
59      3.76818034e-03   2.37221813e-04   1.25998738e+02   2.10773198e+04   3.81859073e-04   5.79114293e+01   1.30938358e+04   2.72198960e+01   2.78798022e+01   2.72198960e+01   
60      3.91187063e-03   2.39404117e-04   1.28805524e+02   2.08851881e+04   3.83486001e-04   5.89673678e+01   1.30382856e+04   2.72282645e+01   2.79132937e+01   2.72282645e+01   
61      4.05051461e-03   2.41368867e-04   1.31472967e+02   2.07151820e+04   3.84964315e-04   5.99790894e+01   1.29882168e+04   2.72363380e+01   2.79456050e+01   2.72363380e+01   
62      4.19546451e-03   2.43236077e-04   1.34222111e+02   2.05561612e+04   3.86380725e-04   6.10297552e+01   1.29406041e+04   2.72447775e+01   2.79793818e+01   2.72447775e+01   
63      4.35775336e-03   2.45160478e-04   1.37255372e+02   2.03948044e+04   3.87851657e-04   6.21979636e+01   1.28915267e+04   2.72542251e+01   2.80171942e+01   2.72542251e+01   
64      4.54433312e-03   2.47283761e-04   1.40687189e+02   2.02196860e+04   3.89487149e-04   6.35307365e+01   1.28373940e+04   2.72650851e+01   2.80606602e+01   2.72650851e+01   
65      4.75241904e-03   2.49686032e-04   1.44446367e+02   2.00251490e+04   3.91353031e-04   6.50042007e+01   1.27761883e+04   2.72771945e+01   2.81091284e+01   2.72771945e+01   
66      4.96716847e-03   2.52317457e-04   1.48250961e+02   1.98163063e+04   3.93415881e-04   6.65102977e+01   1.27091972e+04   2.72896892e+01   2.81591396e+01   2.72896892e+01   
67      5.17106940e-03   2.54980673e-04   1.51793405e+02   1.96093294e+04   3.95524417e-04   6.79263930e+01   1.26414446e+04   2.73015500e+01   2.82066156e+01   2.73015500e+01   
68      5.35734792e-03   2.57460383e-04   1.54971841e+02   1.94204636e+04   3.97506950e-04   6.92083141e+01   1.25783964e+04   2.73123836e+01   2.82499807e+01   2.73123836e+01   
69      5.53206233e-03   2.59685289e-04   1.57905511e+02   1.92540749e+04   3.99301640e-04   7.04007769e+01   1.25218619e+04   2.73225427e+01   2.82906472e+01   2.73225427e+01   
70      5.70798912e-03   2.61738858e-04   1.60816446e+02   1.91030099e+04   4.00971088e-04   7.15923729e+01   1.24697270e+04   2.73327706e+01   2.83315896e+01   2.73327706e+01   
71      5.89932437e-03   2.63776512e-04   1.63936838e+02   1.89554406e+04   4.02639322e-04   7.28785124e+01   1.24180618e+04   2.73438922e+01   2.83761112e+01   2.73438922e+01   
72      6.11762872e-03   2.65960787e-04   1.67442647e+02   1.87997639e+04   4.04439917e-04   7.43339833e+01   1.23627757e+04   2.73565791e+01   2.84268997e+01   2.73565791e+01   
73      6.36581985e-03   2.68414853e-04   1.71360597e+02   1.86278812e+04   4.06477577e-04   7.59735362e+01   1.23008015e+04   2.73709996e+01   2.84846305e+01   2.73709996e+01   
74      6.63208726e-03   2.71157418e-04   1.75484768e+02   1.84394734e+04   4.08772951e-04   7.77144257e+01   1.22317291e+04   2.73864666e+01   2.85465526e+01   2.73864666e+01   
75      6.89430826e-03   2.74044338e-04   1.79466591e+02   1.82452228e+04   4.11210196e-04   7.94102577e+01   1.21592316e+04   2.74016945e+01   2.86075196e+01   2.74016945e+01   
76      7.13678423e-03   2.76831613e-04   1.83079495e+02   1.80615210e+04   4.13584361e-04   8.09619077e+01   1.20894320e+04   2.74157720e+01   2.86638830e+01   2.74157720e+01   
77      7.36028036e-03   2.79360646e-04   1.86353357e+02   1.78980113e+04   4.15756671e-04   8.23784070e+01   1.20262652e+04   2.74287444e+01   2.87158237e+01   2.74287444e+01   
78      7.57762769e-03   2.81652350e-04   1.89488777e+02   1.77523816e+04   4.17739770e-04   8.37439443e+01   1.19691740e+04   2.74413572e+01   2.87663256e+01   2.74413572e+01   
79      7.80607461e-03   2.83847144e-04   1.92736705e+02   1.76151147e+04   4.19651522e-04   8.51672226e+01   1.19146476e+04   2.74546111e+01   2.88193965e+01   2.74546111e+01   
80      8.06200462e-03   2.86120694e-04   1.96321330e+02   1.74751429e+04   4.21644112e-04   8.67478999e+01   1.18583418e+04   2.74694562e+01   2.88788404e+01   2.74694562e+01   
81      8.35493858e-03   2.88629931e-04   2.00357562e+02   1.73232207e+04   4.23857060e-04   8.85397853e+01   1.17964297e+04   2.74864433e+01   2.89468639e+01   2.74864433e+01   
82      8.67912256e-03   2.91455294e-04   2.04743422e+02   1.71552897e+04   4.26365699e-04   9.05014116e+01   1.17270221e+04   2.75052371e+01   2.90221251e+01   2.75052371e+01   
83      9.01138475e-03   2.94525396e-04   2.09150948e+02   1.69764648e+04   4.29111976e-04   9.24882959e+01   1.16519703e+04   2.75244929e+01   2.90992400e+01   2.75244929e+01   
84      9.32634236e-03   2.97610663e-04   2.13247879e+02   1.68004733e+04   4.31893614e-04   9.43494208e+01   1.15769250e+04   2.75427398e+01   2.91723177e+01   2.75427398e+01   
85      9.61542654e-03   3.00478516e-04   2.16941034e+02   1.66401248e+04   4.34499189e-04   9.60388289e+01   1.15075013e+04   2.75594825e+01   2.92393739e+01   2.75594825e+01   
86      9.88875373e-03   3.03063724e-04   2.20377048e+02   1.64981804e+04   4.36864360e-04   9.76202486e+01   1.14452000e+04   2.75753080e+01   2.93027593e+01   2.75753080e+01   
87      1.01659558e-02   3.05468933e-04   2.23810297e+02   1.63682766e+04   4.39078348e-04   9.92092065e+01   1.13874893e+04   2.75913535e+01   2.93670281e+01   2.75913535e+01   
88      1.04683956e-02   3.07872208e-04   2.27501242e+02   1.62405046e+04   4.41302889e-04   1.00926744e+02   1.13300867e+04   2.76088550e+01   2.94371314e+01   2.76088550e+01   
89      1.08127606e-02   3.10455870e-04   2.31638181e+02   1.61053486e+04   4.43707441e-04   1.02862860e+02   1.12686864e+04   2.76287766e+01   2.95169319e+01   2.76287766e+01   
90      1.12017207e-02   3.13351727e-04   2.36229778e+02   1.59565101e+04   4.46418004e-04   1.05025251e+02   1.12002651e+04   2.76512704e+01   2.96070397e+01   2.76512704e+01   
91      1.16157267e-02   3.16565845e-04   2.41023866e+02   1.57945024e+04   4.49445352e-04   1.07298332e+02   1.11248230e+04   2.76752032e+01   2.97029175e+01   2.76752032e+01   
92      1.20216352e-02   3.19921706e-04   2.45631573e+02   1.56288239e+04   4.52627664e-04   1.09498085e+02   1.10466072e+04   2.76986583e+01   2.97968866e+01   2.76986583e+01   
93      1.23977579e-02   3.23147101e-04   2.49821053e+02   1.54728295e+04   4.55707319e-04   1.11511026e+02   1.09719546e+04   2.77203835e+01   2.98839296e+01   2.77203835e+01   
94      1.27469790e-02   3.26079737e-04   2.53645063e+02   1.53336728e+04   4.58525436e-04   1.13358804e+02   1.09045205e+04   2.77405472e+01   2.99647209e+01   2.77405472e+01   
95      1.30894644e-02   3.28756544e-04   2.57337812e+02   1.52088227e+04   4.61112326e-04   1.15152177e+02   1.08433449e+04   2.77603152e+01   3.00439301e+01   2.77603152e+01   
96      1.34514675e-02   3.31341469e-04   2.61183630e+02   1.50901728e+04   4.63623048e-04   1.17028793e+02   1.07846235e+04   2.77812026e+01   3.01276287e+01   2.77812026e+01   
97      1.38572687e-02   3.34033541e-04   2.65429263e+02   1.49685567e+04   4.66250310e-04   1.19110560e+02   1.07238535e+04   2.78046087e+01   3.02214245e+01   2.78046087e+01   
98      1.43195919e-02   3.37005484e-04   2.70185845e+02   1.48365538e+04   4.69164784e-04   1.21455065e+02   1.06572364e+04   2.78312642e+01   3.03282475e+01   2.78312642e+01   
99      1.48272168e-02   3.40335092e-04   2.75312197e+02   1.46914030e+04   4.72447091e-04   1.23996255e+02   1.05831956e+04   2.78605182e+01   3.04454911e+01   2.78605182e+01   
100     1.53440167e-02   3.43923538e-04   2.80428537e+02   1.45381151e+04   4.76004757e-04   1.26547635e+02   1.05040967e+04   2.78902859e+01   3.05648017e+01   2.78902859e+01   
101     1.58334083e-02   3.47504976e-04   2.85179337e+02   1.43882832e+04   4.79576689e-04   1.28930427e+02   1.04258612e+04   2.79184605e+01   3.06777347e+01   2.79184605e+01   
102     1.62850861e-02   3.50830536e-04   2.89485553e+02   1.42518951e+04   4.82912598e-04   1.31101482e+02   1.03538405e+04   2.79444512e+01   3.07819210e+01   2.79444512e+01   
103     1.67159324e-02   3.53844887e-04   2.93527040e+02   1.41304854e+04   4.85952075e-04   1.33148421e+02   1.02890805e+04   2.79692322e+01   3.08812638e+01   2.79692322e+01   
104     1.71562602e-02   3.56673928e-04   2.97595516e+02   1.40184062e+04   4.88817789e-04   1.35217681e+02   1.02287603e+04   2.79945477e+01   3.09827553e+01   2.79945477e+01   
105     1.76382861e-02   3.59521861e-04   3.01982526e+02   1.39073601e+04   4.91714753e-04   1.37458157e+02   1.01684970e+04   2.80222485e+01   3.10938159e+01   2.80222485e+01   
106     1.81859043e-02   3.62592768e-04   3.06886644e+02   1.37895745e+04   4.94851419e-04   1.39973597e+02   1.01040430e+04   2.80537038e+01   3.12199371e+01   2.80537038e+01   
107     1.88001759e-02   3.66025651e-04   3.12290053e+02   1.36602448e+04   4.98373036e-04   1.42758235e+02   1.00326455e+04   2.80889686e+01   3.13613430e+01   2.80889686e+01   
108     1.94487374e-02   3.69808037e-04   3.17884682e+02   1.35205282e+04   5.02271529e-04   1.45655996e+02   9.95477489e+03   2.81261793e+01   3.15105641e+01   2.81261793e+01   
109     2.00819919e-02   3.73724278e-04   3.23238919e+02   1.33788472e+04   5.06328394e-04   1.48443307e+02   9.87501404e+03   2.81624887e+01   3.16561826e+01   2.81624887e+01   
110     2.06704270e-02   3.77472244e-04   3.28120629e+02   1.32460071e+04   5.10230629e-04   1.50996568e+02   9.79949010e+03   2.81962071e+01   3.17914216e+01   2.81962071e+01   
111     2.12212464e-02   3.80889440e-04   3.32612552e+02   1.31271689e+04   5.13805195e-04   1.53355719e+02   9.73131462e+03   2.82277519e+01   3.19179520e+01   2.82277519e+01   
112     2.17663763e-02   3.84033786e-04   3.36989018e+02   1.30196878e+04   5.17108006e-04   1.55662777e+02   9.66915990e+03   2.82589539e+01   3.20431166e+01   2.82589539e+01   
113     2.23459912e-02   3.87097313e-04   3.41572437e+02   1.29166487e+04   5.20337888e-04   1.58087460e+02   9.60914074e+03   2.82921120e+01   3.21761374e+01   2.82921120e+01   
114     2.29960337e-02   3.90305706e-04   3.46632551e+02   1.28104712e+04   5.23732443e-04   1.60773967e+02   9.54685940e+03   2.83292779e+01   3.23252475e+01   2.83292779e+01   
115     2.37328172e-02   3.93847786e-04   3.52269945e+02   1.26952599e+04   5.27493553e-04   1.63778558e+02   9.47878883e+03   2.83713763e+01   3.24941614e+01   2.83713763e+01   
116     2.45350289e-02   3.97793962e-04   3.58292346e+02   1.25693210e+04   5.31699981e-04   1.67001800e+02   9.40379946e+03   2.84171802e+01   3.26779601e+01   2.84171802e+01   
117     2.53462146e-02   4.02009642e-04   3.64260843e+02   1.24375126e+04   5.36212520e-04   1.70210038e+02   9.32466105e+03   2.84634600e+01   3.28636882e+01   2.84634600e+01   
118     2.61139637e-02   4.06187590e-04   3.69799347e+02   1.23095833e+04   5.40704054e-04   1.73199505e+02   9.24720273e+03   2.85072270e+01   3.30393502e+01   2.85072270e+01   
119     2.68270109e-02   4.10064543e-04   3.74850755e+02   1.21932025e+04   5.44889306e-04   1.75936222e+02   9.17617568e+03   2.85478452e+01   3.32023902e+01   2.85478452e+01   
120     2.75136682e-02   4.13600529e-04   3.79636065e+02   1.20889594e+04   5.48720710e-04   1.78537326e+02   9.11210368e+03   2.85869329e+01   3.33593012e+01   2.85869329e+01   
121     2.82210903e-02   4.16950246e-04   3.84490665e+02   1.19918385e+04   5.52362257e-04   1.81184115e+02   9.05203051e+03   2.86271757e+01   3.35208634e+01   2.86271757e+01   
122     2.89979935e-02   4.20348465e-04   3.89739972e+02   1.18948930e+04   5.56067761e-04   1.84054698e+02   8.99170992e+03   2.86713405e+01   3.36981877e+01   2.86713405e+01   
123     2.98781388e-02   4.24022980e-04   3.95588684e+02   1.17918137e+04   5.60086578e-04   1.87263174e+02   8.92719126e+03   2.87213367e+01   3.38989446e+01   2.87213367e+01   
124     3.08578787e-02   4.28117079e-04   4.01980618e+02   1.16790482e+04   5.64578444e-04   1.90781641e+02   8.85616525e+03   2.87769427e+01   3.41222526e+01   2.87769427e+01   
125     3.18835218e-02   4.32591432e-04   4.08540185e+02   1.15582502e+04   5.69504298e-04   1.94405446e+02   8.77956500e+03   2.88350986e+01   3.43558301e+01   2.88350986e+01   
126     3.28809676e-02   4.37183129e-04   4.14791733e+02   1.14368549e+04   5.74577624e-04   1.97871471e+02   8.70204440e+03   2.88915996e+01   3.45827898e+01   2.88915996e+01   
127     3.38109288e-02   4.41559213e-04   4.20510163e+02   1.13235096e+04   5.79430060e-04   2.01052386e+02   8.62916915e+03   2.89442270e+01   3.47942165e+01   2.89442270e+01   
128     3.46890421e-02   4.45562114e-04   4.25817193e+02   1.12217800e+04   5.83883340e-04   2.04013081e+02   8.56335445e+03   2.89938756e+01   3.49936996e+01   2.89938756e+01   
129     3.55662218e-02   4.49277035e-04   4.31034865e+02   1.11289908e+04   5.88028314e-04   2.06931585e+02   8.50299192e+03   2.90434295e+01   3.51928238e+01   2.90434295e+01   
130     3.65042136e-02   4.52929406e-04   4.36528302e+02   1.10392479e+04   5.92114219e-04   2.10012069e+02   8.44431672e+03   2.90963740e+01   3.54055960e+01   2.90963740e+01   
131     3.75559620e-02   4.56774812e-04   4.42588875e+02   1.09463129e+04   5.96426897e-04   2.13419336e+02   8.38325707e+03   2.91556859e+01   3.56439852e+01   2.91556859e+01   
132     3.87408583e-02   4.61017212e-04   4.49296635e+02   1.08455820e+04   6.01197070e-04   2.17200863e+02   8.31674047e+03   2.92224389e+01   3.59123173e+01   2.92224389e+01   
133     4.00192578e-02   4.65712644e-04   4.56394299e+02   1.07362342e+04   6.06491208e-04   2.21214039e+02   8.24414259e+03   2.92943777e+01   3.62015377e+01   2.92943777e+01   
134     4.13030082e-02   4.70681009e-04   4.63377890e+02   1.06229057e+04   6.12109655e-04   2.25174652e+02   8.16847106e+03   2.93665291e+01   3.64916589e+01   2.93665291e+01   
135     4.25177406e-02   4.75569523e-04   4.69856141e+02   1.05137099e+04   6.17654512e-04   2.28859207e+02   8.09514041e+03   2.94347177e+01   3.67658888e+01   2.94347177e+01   
136     4.36534111e-02   4.80104299e-04   4.75803281e+02   1.04144037e+04   6.22812890e-04   2.32250380e+02   8.02809331e+03   2.94983943e+01   3.70220111e+01   2.94983943e+01   
137     4.47574839e-02   4.84267296e-04   4.81489776e+02   1.03248764e+04   6.27560532e-04   2.35500334e+02   7.96735892e+03   2.95602322e+01   3.72707724e+01   2.95602322e+01   
138     4.59035613e-02   4.88247843e-04   4.87300412e+02   1.02407006e+04   6.32110467e-04   2.38828277e+02   7.91000982e+03   2.96243553e+01   3.75287614e+01   2.96243553e+01   
139     4.71651322e-02   4.92315289e-04   4.93595331e+02   1.01560933e+04   6.36769588e-04   2.42441176e+02   7.85213379e+03   2.96948634e+01   3.78124790e+01   2.96948634e+01   
140     4.85887749e-02   4.96721732e-04   5.00578178e+02   1.00659981e+04   6.41827646e-04   2.46457780e+02   7.79025339e+03   2.97743343e+01   3.81323111e+01   2.97743343e+01   
141     5.01599414e-02   5.01609725e-04   5.08140708e+02   9.96790882e+03   6.47450893e-04   2.50818178e+02   7.72259342e+03   2.98619222e+01   3.84848703e+01   2.98619222e+01   
142     5.17901226e-02   5.06903495e-04   5.15830255e+02   9.86381046e+03   6.53555449e-04   2.55262847e+02   7.65046028e+03   2.99526650e+01   3.88501980e+01   2.99526650e+01   
143     5.33693963e-02   5.12286179e-04   5.23129621e+02   9.76016962e+03   6.59777986e-04   2.59492277e+02   7.57830681e+03   3.00404390e+01   3.92036423e+01   3.00404390e+01   
144     5.48469950e-02   5.17395735e-04   5.29829668e+02   9.66378280e+03   6.65699187e-04   2.63383111e+02   7.51089996e+03   3.01224400e+01   3.95339023e+01   3.01224400e+01   
145     5.62539682e-02   5.22085768e-04   5.36099448e+02   9.57697051e+03   6.71146356e-04   2.67031288e+02   7.44993988e+03   3.02004133e+01   3.98479956e+01   3.02004133e+01   
146     5.76713715e-02   5.26474613e-04   5.42314564e+02   9.49713409e+03   6.76253804e-04   2.70654150e+02   7.39367375e+03   3.02788610e+01   4.01640526e+01   3.02788610e+01   
147     5.91937434e-02   5.30825195e-04   5.48884823e+02   9.41929669e+03   6.81325809e-04   2.74490643e+02   7.33863290e+03   3.03630066e+01   4.05031225e+01   3.03630066e+01   
148     6.08979933e-02   5.35424376e-04   5.56118617e+02   9.33838693e+03   6.86696901e-04   2.78722075e+02   7.28123281e+03   3.04570713e+01   4.08822293e+01   3.04570713e+01   
149     6.28041732e-02   5.40488032e-04   5.64063854e+02   9.25089864e+03   6.92620905e-04   2.83378458e+02   7.21895624e+03   3.05621143e+01   4.13056662e+01   3.05621143e+01   
150     6.48409812e-02   5.46049698e-04   5.72387415e+02   9.15667570e+03   6.99139841e-04   2.88266354e+02   7.15164507e+03   3.06741570e+01   4.17574194e+01   3.06741570e+01   
151     6.68723237e-02   5.51876190e-04   5.80520207e+02   9.06000311e+03   7.05982895e-04   2.93051902e+02   7.08232456e+03   3.07856881e+01   4.22072157e+01   3.07856881e+01   
152     6.87942336e-02   5.57569145e-04   5.88063803e+02   8.96749766e+03   7.12682663e-04   2.97499214e+02   7.01574524e+03   3.08910127e+01   4.26320808e+01   3.08910127e+01   
153     7.06020363e-02   5.62849662e-04   5.95031430e+02   8.88336680e+03   7.18908900e-04   3.01613970e+02   6.95498414e+03   3.09899085e+01   4.30311005e+01   3.09899085e+01   
154     7.23739711e-02   5.67727001e-04   6.01747846e+02   8.80704985e+03   7.24669558e-04   3.05586415e+02   6.89969648e+03   3.10866809e+01   4.34216335e+01   3.10866809e+01   
155     7.42238760e-02   5.72428493e-04   6.08648867e+02   8.73471545e+03   7.30230982e-04   3.09673857e+02   6.84714854e+03   3.11875475e+01   4.38287698e+01   3.11875475e+01   
156     7.62610924e-02   5.77259207e-04   6.16126116e+02   8.66162019e+03   7.35953400e-04   3.14108884e+02   6.79390842e+03   3.12984391e+01   4.42764647e+01   3.12984391e+01   
157     7.85476293e-02   5.82493281e-04   6.24373164e+02   8.58379000e+03   7.42162437e-04   3.19007801e+02   6.73706961e+03   3.14226706e+01   4.47781298e+01   3.14226706e+01   
158     8.10477301e-02   5.88266215e-04   6.33220016e+02   8.49955322e+03   7.49020921e-04   3.24271374e+02   6.67538097e+03   3.15582226e+01   4.53256483e+01   3.15582226e+01   
159     8.36190270e-02   5.94459011e-04   6.42136195e+02   8.41100884e+03   7.56389924e-04   3.29584922e+02   6.61034718e+03   3.16973184e+01   4.58876366e+01   3.16973184e+01   
160     8.61011341e-02   6.00700337e-04   6.50570763e+02   8.32361778e+03   7.63828890e-04   3.34619478e+02   6.54596869e+03   3.18312773e+01   4.64290226e+01   3.18312773e+01   
161     8.84304054e-02   6.06604534e-04   6.58337412e+02   8.24260242e+03   7.70877269e-04   3.39262097e+02   6.48611679e+03   3.19567063e+01   4.69360733e+01   3.19567063e+01   
162     9.06633334e-02   6.12041189e-04   6.65655198e+02   8.16938483e+03   7.77376935e-04   3.43642055e+02   6.43188622e+03   3.20766957e+01   4.74212563e+01   3.20766957e+01   
163     9.29264055e-02   6.17163639e-04   6.72952925e+02   8.10157904e+03   7.83508877e-04   3.48015159e+02   6.38154863e+03   3.21980615e+01   4.79121234e+01   3.21980615e+01   
164     9.53616752e-02   6.22272047e-04   6.80681435e+02   8.03507087e+03   7.89631222e-04   3.52651688e+02   6.33206978e+03   3.23283981e+01   4.84394004e+01   3.23283981e+01   
165     9.80781169e-02   6.27682004e-04   6.89158762e+02   7.96581703e+03   7.96122363e-04   3.57743410e+02   6.28044159e+03   3.24734677e+01   4.90264321e+01   3.24734677e+01   
166     1.01091698e-01   6.33616134e-04   6.98393293e+02   7.89121320e+03   8.03250774e-04   3.63296828e+02   6.22470611e+03   3.26340176e+01   4.96762926e+01   3.26340176e+01   
167     1.04281414e-01   6.40080305e-04   7.07976939e+02   7.81151983e+03   8.11025559e-04   3.69067731e+02   6.16503382e+03   3.28034982e+01   5.03625187e+01   3.28034982e+01   
168     1.07442804e-01   6.46788857e-04   7.17285204e+02   7.73049805e+03   8.19104824e-04   3.74680136e+02   6.10422482e+03   3.29710017e+01   5.10409646e+01   3.29710017e+01   
169     1.10433059e-01   6.53304643e-04   7.25919909e+02   7.65339732e+03   8.26962190e-04   3.79892779e+02   6.04622564e+03   3.31289982e+01   5.16811128e+01   3.31289982e+01   
170     1.13258250e-01   6.59348936e-04   7.33933371e+02   7.58323814e+03   8.34259890e-04   3.84735672e+02   5.99333620e+03   3.32778829e+01   5.22845279e+01   3.32778829e+01   
171     1.15663137e-01   6.60000000e-04   7.40741607e+02   7.57575758e+03   8.41039940e-04   3.88794783e+02   5.94502087e+03   3.34043061e+01   5.27970561e+01   3.34043061e+01   
172     1.18068023e-01   6.60000000e-04   7.47549842e+02   7.57575758e+03   8.46722696e-04   3.92801952e+02   5.90512103e+03   3.35304654e+01   5.33086382e+01   3.35304654e+01   
173     1.20472910e-01   6.60000000e-04   7.54358078e+02   7.57575758e+03   8.52332733e-04   3.96758817e+02   5.86625364e+03   3.36563621e+01   5.38192786e+01   3.36563621e+01   
174     1.25282683e-01   6.60000000e-04   7.67974549e+02   7.57575758e+03   8.57872344e-04   4.04575051e+02   5.82837299e+03   3.39076329e+01   5.48386840e+01   3.39076329e+01   
175     1.29084925e-01   6.60000000e-04   7.78738696e+02   7.57575758e+03   8.68815071e-04   4.10605852e+02   5.75496463e+03   3.41054478e+01   5.56416002e+01   3.41054478e+01   
176     1.32887166e-01   6.60000000e-04   7.89502844e+02   7.57575758e+03   8.77258193e-04   4.16525981e+02   5.69957629e+03   3.43026199e+01   5.64422050e+01   3.43026199e+01   
177     1.36689407e-01   6.60000000e-04   8.00266991e+02   7.57575758e+03   8.85546374e-04   4.22340408e+02   5.64623169e+03   3.44991544e+01   5.72405142e+01   3.44991544e+01   
178     1.44293890e-01   6.60000000e-04   8.21795286e+02   7.57575758e+03   8.93686572e-04   4.33767098e+02   5.59480265e+03   3.48909580e+01   5.88325729e+01   3.48909580e+01   
179     1.49264366e-01   6.60000000e-04   8.35866705e+02   7.57575758e+03   9.09683938e-04   4.40986028e+02   5.49641452e+03   3.51454133e+01   5.98672731e+01   3.51454133e+01   
180     1.53737794e-01   6.60000000e-04   8.48530983e+02   7.57575758e+03   9.19790439e-04   4.47346783e+02   5.43602084e+03   3.53734734e+01   6.07950702e+01   3.53734734e+01   
181     1.58211222e-01   6.60000000e-04   8.61195260e+02   7.57575758e+03   9.28695496e-04   4.53590980e+02   5.38389604e+03   3.56006871e+01   6.17198040e+01   3.56006871e+01   
182     1.67158078e-01   6.60000000e-04   8.86523815e+02   7.57575758e+03   9.37437373e-04   4.65856716e+02   5.33368964e+03   3.60534369e+01   6.35631936e+01   3.60534369e+01   
183     1.72846358e-01   6.60000000e-04   9.02627339e+02   7.57575758e+03   9.54609402e-04   4.73387818e+02   5.23774435e+03   3.63391806e+01   6.47275431e+01   3.63391806e+01   
184     1.77965810e-01   6.60000000e-04   9.17120511e+02   7.57575758e+03   9.65152945e-04   4.80024197e+02   5.18052608e+03   3.65951627e+01   6.57711413e+01   3.65951627e+01   
185     1.83085262e-01   6.60000000e-04   9.31613684e+02   7.57575758e+03   9.74443875e-04   4.86539434e+02   5.13113185e+03   3.68500879e+01   6.68108920e+01   3.68500879e+01   
186     1.93324167e-01   6.60000000e-04   9.60600028e+02   7.57575758e+03   9.83565208e-04   4.99338450e+02   5.08354704e+03   3.73578458e+01   6.88827665e+01   3.73578458e+01   
187     1.99738302e-01   6.60000000e-04   9.78758450e+02   7.57575758e+03   1.00148383e-03   5.07082548e+02   4.99259184e+03   3.76733419e+01   7.01712392e+01   3.76733419e+01   
188     2.05511024e-01   6.60000000e-04   9.95101029e+02   7.57575758e+03   1.01232557e-03   5.13909215e+02   4.93912252e+03   3.79558551e+01   7.13256209e+01   3.79558551e+01   
189     2.11283746e-01   6.60000000e-04   1.01144361e+03   7.57575758e+03   1.02188290e-03   5.20613426e+02   4.89292853e+03   3.82370936e+01   7.24753332e+01   3.82370936e+01   
190     2.22829190e-01   6.60000000e-04   1.04412877e+03   7.57575758e+03   1.03126880e-03   5.33787690e+02   4.84839648e+03   3.87970492e+01   7.47655095e+01   3.87970492e+01   
191     2.29992458e-01   6.60000000e-04   1.06440798e+03   7.57575758e+03   1.04971277e-03   5.41686931e+02   4.76320777e+03   3.91413846e+01   7.61750955e+01   3.91413846e+01   
192     2.36439400e-01   6.60000000e-04   1.08265928e+03   7.57575758e+03   1.06077170e-03   5.48653985e+02   4.71354957e+03   3.94495970e+01   7.74375023e+01   3.94495970e+01   
193     2.42886341e-01   6.60000000e-04   1.10091057e+03   7.57575758e+03   1.07052558e-03   5.55499082e+02   4.67060302e+03   3.97563086e+01   7.86943746e+01   3.97563086e+01   
194     2.55780224e-01   6.60000000e-04   1.13741316e+03   7.57575758e+03   1.08010871e-03   5.68955815e+02   4.62916365e+03   4.03667655e+01   8.11971673e+01   4.03667655e+01   
195     2.63721697e-01   6.60000000e-04   1.15989548e+03   7.57575758e+03   1.09894814e-03   5.76971797e+02   4.54980523e+03   4.07391545e+01   8.27253530e+01   4.07391545e+01   
196     2.70869022e-01   6.60000000e-04   1.18012956e+03   7.57575758e+03   1.11017052e-03   5.84045968e+02   4.50381264e+03   4.10723512e+01   8.40934789e+01   4.10723512e+01   
197     2.78016347e-01   6.60000000e-04   1.20036364e+03   7.57575758e+03   1.12007436e-03   5.90999769e+02   4.46398935e+03   4.14038141e+01   8.54551678e+01   4.14038141e+01   
198     2.86767448e-01   6.60000000e-04   1.22513801e+03   7.57575758e+03   1.12980968e-03   5.99372686e+02   4.42552414e+03   4.18075573e+01   8.71146118e+01   4.18075573e+01   
199     2.95518550e-01   6.60000000e-04   1.24991239e+03   7.57575758e+03   1.14153176e-03   6.07580161e+02   4.38007962e+03   4.22087689e+01   8.87646299e+01   4.22087689e+01   
200     3.04269651e-01   6.60000000e-04   1.27468676e+03   7.57575758e+03   1.15302223e-03   6.15630180e+02   4.33642985e+03   4.26074873e+01   9.04053510e+01   4.26074873e+01   
201     3.14210093e-01   6.60000000e-04   1.30282816e+03   7.57575758e+03   1.16429225e-03   6.24603786e+02   4.29445442e+03   4.30576056e+01   9.22586416e+01   4.30576056e+01   
202     3.24150536e-01   6.60000000e-04   1.33096956e+03   7.57575758e+03   1.17685530e-03   6.33392925e+02   4.24861068e+03   4.35046052e+01   9.41002651e+01   4.35046052e+01   
203     3.34942895e-01   6.60000000e-04   1.36152273e+03   7.57575758e+03   1.18916009e-03   6.42745081e+02   4.20464833e+03   4.39865851e+01   9.60872449e+01   4.39865851e+01   
204     3.47298950e-01   6.60000000e-04   1.39650273e+03   7.57575758e+03   1.20225311e-03   6.53227596e+02   4.15885802e+03   4.45343319e+01   9.83468495e+01   4.45343319e+01   
205     3.61440739e-01   6.60000000e-04   1.43653814e+03   7.57575758e+03   1.21692863e-03   6.64946368e+02   4.10870437e+03   4.51560119e+01   1.00913351e+02   4.51560119e+01   
206     3.76700731e-01   6.60000000e-04   1.47973919e+03   7.57575758e+03   1.23333491e-03   6.77267784e+02   4.05404886e+03   4.58205278e+01   1.03658961e+02   4.58205278e+01   
207     3.91725824e-01   6.60000000e-04   1.52227524e+03   7.57575758e+03   1.25058490e-03   6.89077195e+02   3.99812920e+03   4.64682565e+01   1.06337529e+02   4.64682565e+01   
208     4.05503736e-01   6.60000000e-04   1.56128051e+03   7.57575758e+03   1.26711807e-03   6.99633969e+02   3.94596219e+03   4.70564420e+01   1.08771879e+02   4.70564420e+01   
209     4.18031282e-01   6.60000000e-04   1.59674600e+03   7.57575758e+03   1.28189756e-03   7.09019138e+02   3.90046769e+03   4.75865426e+01   1.10967448e+02   4.75865426e+01   
210     4.30051289e-01   6.60000000e-04   1.63077465e+03   7.57575758e+03   1.29503679e-03   7.17847597e+02   3.86089417e+03   4.80911468e+01   1.13058780e+02   4.80911468e+01   
211     4.42573443e-01   6.60000000e-04   1.66622488e+03   7.57575758e+03   1.30739664e-03   7.26876820e+02   3.82439411e+03   4.86128896e+01   1.15222465e+02   4.86128896e+01   
212     4.56562906e-01   6.60000000e-04   1.70582905e+03   7.57575758e+03   1.32000000e-03   7.36777864e+02   3.78787879e+03   4.91912660e+01   1.17622506e+02   4.91912660e+01   
213     4.70290021e-01   6.60000000e-04   1.74469053e+03   7.57575758e+03   1.32000000e-03   7.46493232e+02   3.78787879e+03   4.97539565e+01   1.19959042e+02   4.97539565e+01   
214     4.84017137e-01   6.60000000e-04   1.78355200e+03   7.57575758e+03   1.32000000e-03   7.56208601e+02   3.78787879e+03   5.03119966e+01   1.22277770e+02   5.03119966e+01   
215     5.11471368e-01   6.60000000e-04   1.86127494e+03   7.57575758e+03   1.32000000e-03   7.75639337e+02   3.78787879e+03   5.14189635e+01   1.26880268e+02   5.14189635e+01   
216     5.28905983e-01   6.60000000e-04   1.91063235e+03   7.57575758e+03   1.32000000e-03   7.87978688e+02   3.78787879e+03   5.21106607e+01   1.29759695e+02   5.21106607e+01   
217     5.44597136e-01   6.60000000e-04   1.95505401e+03   7.57575758e+03   1.32000000e-03   7.99084104e+02   3.78787879e+03   5.27269676e+01   1.32327191e+02   5.27269676e+01   
218     5.60288289e-01   6.60000000e-04   1.99947567e+03   7.57575758e+03   1.32000000e-03   8.10189520e+02   3.78787879e+03   5.33378082e+01   1.34873569e+02   5.33378082e+01   
219     5.91670595e-01   6.60000000e-04   2.08831900e+03   7.57575758e+03   1.32000000e-03   8.32400352e+02   3.78787879e+03   5.45487939e+01   1.39924930e+02   5.45487939e+01   
220     6.10973511e-01   6.60000000e-04   2.14296557e+03   7.57575758e+03   1.32000000e-03   8.46061993e+02   3.78787879e+03   5.52808666e+01   1.42982333e+02   5.52808666e+01   
221     6.28346134e-01   6.60000000e-04   2.19214747e+03   7.57575758e+03   1.32000000e-03   8.58357470e+02   3.78787879e+03   5.59329119e+01   1.45707461e+02   5.59329119e+01   
222     6.45718758e-01   6.60000000e-04   2.24132938e+03   7.57575758e+03   1.32000000e-03   8.70652947e+02   3.78787879e+03   5.65789696e+01   1.48409251e+02   5.65789696e+01   
223     6.66807795e-01   6.60000000e-04   2.30103246e+03   7.57575758e+03   1.32000000e-03   8.85578715e+02   3.78787879e+03   5.73561288e+01   1.51661275e+02   5.73561288e+01   
224     6.87896832e-01   6.60000000e-04   2.36073553e+03   7.57575758e+03   1.32000000e-03   9.00504484e+02   3.78787879e+03   5.81248663e+01   1.54880356e+02   5.81248663e+01   
225     7.08985868e-01   6.60000000e-04   2.42043861e+03   7.57575758e+03   1.32000000e-03   9.15430253e+02   3.78787879e+03   5.88854050e+01   1.58067304e+02   5.88854050e+01   
226     7.32765951e-01   6.60000000e-04   2.48776004e+03   7.57575758e+03   1.32000000e-03   9.32260610e+02   3.78787879e+03   5.97339875e+01   1.61625564e+02   5.97339875e+01   
227     7.56546034e-01   6.60000000e-04   2.55508147e+03   7.57575758e+03   1.32000000e-03   9.49090967e+02   3.78787879e+03   6.05726877e+01   1.65144944e+02   6.05726877e+01   
228     7.82230619e-01   6.60000000e-04   2.62779454e+03   7.57575758e+03   1.32000000e-03   9.67269236e+02   3.78787879e+03   6.14681876e+01   1.68905304e+02   6.14681876e+01   
229     8.11381349e-01   6.60000000e-04   2.71032027e+03   7.57575758e+03   1.32000000e-03   9.87900670e+02   3.78787879e+03   6.24721876e+01   1.73124350e+02   6.24721876e+01   
230     8.44443241e-01   6.60000000e-04   2.80391851e+03   7.57575758e+03   1.32000000e-03   1.01130023e+03   3.78787879e+03   6.35954908e+01   1.77848491e+02   6.35954908e+01   
231     8.79932316e-01   6.60000000e-04   2.90438810e+03   7.57575758e+03   1.32000000e-03   1.03641763e+03   3.78787879e+03   6.47831497e+01   1.82847591e+02   6.47831497e+01   
232     9.14935077e-01   6.60000000e-04   3.00348094e+03   7.57575758e+03   1.32000000e-03   1.06119084e+03   3.78787879e+03   6.59360781e+01   1.87704778e+02   6.59360781e+01   
233     9.47280169e-01   6.60000000e-04   3.09504991e+03   7.57575758e+03   1.32000000e-03   1.08408308e+03   3.78787879e+03   6.69852897e+01   1.92128667e+02   6.69852897e+01   
234     9.79192792e-01   6.60000000e-04   3.18539457e+03   7.57575758e+03   1.32000000e-03   1.10666924e+03   3.78787879e+03   6.80062570e+01   1.96436600e+02   6.80062570e+01   
235     1.00000000e+00   6.60000000e-04   3.24429979e+03   7.57575758e+03   1.32000000e-03   1.12139555e+03   3.78787879e+03   6.86630941e+01   1.99210004e+02   6.86630941e+01   
End of Xyce(TM) Simulation
