Index        TIME             V(A)            I(IIN)            V(B)       N(YNEURON!NEURON1_N) N(YNEURON!NEURON1_M) N(YNEURON!NEURON1_H) N(YNEURON!NEURON1_A) N(YNEURON!NEURON1_B) N(YNEURON!NEURON1_M_) N(YNEURON!NEURON1_H_) N(YNEURON!NEURON1_C) N(YNEURON!NEURON1_CA)
0       0.00000000e+00   -1.71743950e-02  0.00000000e+00   0.00000000e+00   7.96744669e-01   7.79348258e-01   2.79817635e-02   8.15843993e-01   3.49436859e-05   9.98379639e-01   1.17550081e-07   3.48836737e-19   1.47929119e-18   
1       1.00000000e-10   -1.71743950e-02  0.00000000e+00   0.00000000e+00   7.96744669e-01   7.79348258e-01   2.79817635e-02   8.15843993e-01   3.49436859e-05   9.98379639e-01   1.17550081e-07   3.48836737e-19   1.47929119e-18   
2       3.00000000e-10   -1.71743950e-02  0.00000000e+00   0.00000000e+00   7.96744669e-01   7.79348258e-01   2.79817635e-02   8.15843993e-01   3.49436859e-05   9.98379639e-01   1.17550081e-07   3.48836737e-19   1.47929119e-18   
3       7.00000000e-10   -1.71743950e-02  0.00000000e+00   0.00000000e+00   7.96744669e-01   7.79348258e-01   2.79817635e-02   8.15843993e-01   3.49436859e-05   9.98379639e-01   1.17550081e-07   3.48836737e-19   1.47929119e-18   
4       1.50000000e-09   -1.71743950e-02  0.00000000e+00   0.00000000e+00   7.96744669e-01   7.79348258e-01   2.79817635e-02   8.15843993e-01   3.49436859e-05   9.98379639e-01   1.17550081e-07   3.48836737e-19   1.47929119e-18   
5       3.10000000e-09   -1.71743950e-02  0.00000000e+00   0.00000000e+00   7.96744669e-01   7.79348258e-01   2.79817635e-02   8.15843993e-01   3.49436859e-05   9.98379639e-01   1.17550081e-07   3.48836737e-19   1.47929119e-18   
6       6.30000000e-09   -1.71743950e-02  0.00000000e+00   0.00000000e+00   7.96744669e-01   7.79348258e-01   2.79817635e-02   8.15843993e-01   3.49436859e-05   9.98379639e-01   1.17550081e-07   3.48836737e-19   1.47929119e-18   
7       1.27000000e-08   -1.71743950e-02  0.00000000e+00   0.00000000e+00   7.96744669e-01   7.79348258e-01   2.79817635e-02   8.15843993e-01   3.49436859e-05   9.98379639e-01   1.17550081e-07   3.48836737e-19   1.47929119e-18   
8       2.55000000e-08   -1.71743950e-02  0.00000000e+00   0.00000000e+00   7.96744669e-01   7.79348258e-01   2.79817635e-02   8.15843993e-01   3.49436859e-05   9.98379639e-01   1.17550081e-07   3.48836737e-19   1.47929119e-18   
9       5.11000000e-08   -1.71743950e-02  0.00000000e+00   0.00000000e+00   7.96744669e-01   7.79348258e-01   2.79817635e-02   8.15843993e-01   3.49436859e-05   9.98379639e-01   1.17550081e-07   3.48836737e-19   1.47929119e-18   
10      1.02300000e-07   -1.71743950e-02  0.00000000e+00   0.00000000e+00   7.96744669e-01   7.79348258e-01   2.79817635e-02   8.15843993e-01   3.49436859e-05   9.98379639e-01   1.17550081e-07   3.48836737e-19   1.47929119e-18   
11      2.04700000e-07   -1.71743950e-02  0.00000000e+00   0.00000000e+00   7.96744669e-01   7.79348258e-01   2.79817635e-02   8.15843993e-01   3.49436859e-05   9.98379639e-01   1.17550081e-07   3.48836737e-19   1.47929119e-18   
12      4.09500000e-07   -1.71743950e-02  0.00000000e+00   0.00000000e+00   7.96744669e-01   7.79348258e-01   2.79817635e-02   8.15843993e-01   3.49436859e-05   9.98379639e-01   1.17550081e-07   3.48836737e-19   1.47929119e-18   
13      8.19100000e-07   -1.71743950e-02  0.00000000e+00   0.00000000e+00   7.96744669e-01   7.79348258e-01   2.79817635e-02   8.15843993e-01   3.49436859e-05   9.98379639e-01   1.17550081e-07   3.48836737e-19   1.47929119e-18   
14      1.63830000e-06   -1.71743950e-02  0.00000000e+00   0.00000000e+00   7.96744669e-01   7.79348258e-01   2.79817635e-02   8.15843993e-01   3.49436859e-05   9.98379639e-01   1.17550081e-07   3.48836737e-19   1.47929119e-18   
15      3.27670000e-06   -1.71743950e-02  0.00000000e+00   0.00000000e+00   7.96744669e-01   7.79348258e-01   2.79817635e-02   8.15843993e-01   3.49436859e-05   9.98379639e-01   1.17550081e-07   3.48836737e-19   1.47929119e-18   
16      6.55350000e-06   -1.71743950e-02  0.00000000e+00   2.35098870e-36   7.96744669e-01   7.79348258e-01   2.79817635e-02   8.15843993e-01   3.49436859e-05   9.98379639e-01   1.17550081e-07   3.48836737e-19   1.47929119e-18   
17      1.31071000e-05   -1.71743950e-02  0.00000000e+00   -2.35098870e-36  7.96744669e-01   7.79348258e-01   2.79817635e-02   8.15843993e-01   3.49436859e-05   9.98379639e-01   1.17550081e-07   3.48836737e-19   1.47929119e-18   
18      2.62143000e-05   -1.71743950e-02  0.00000000e+00   2.35098870e-36   7.96744669e-01   7.79348258e-01   2.79817635e-02   8.15843993e-01   3.49436859e-05   9.98379639e-01   1.17550081e-07   3.48836737e-19   1.47929119e-18   
19      5.24287000e-05   -1.71743950e-02  0.00000000e+00   -2.35098870e-36  7.96744669e-01   7.79348258e-01   2.79817635e-02   8.15843993e-01   3.49436859e-05   9.98379639e-01   1.17550081e-07   3.48836737e-19   1.47929119e-18   
20      1.04857500e-04   -1.71743950e-02  0.00000000e+00   2.35098870e-36   7.96744669e-01   7.79348258e-01   2.79817635e-02   8.15843993e-01   3.49436859e-05   9.98379639e-01   1.17550081e-07   3.48836737e-19   1.47929119e-18   
21      2.09715100e-04   -1.71743950e-02  0.00000000e+00   -2.35098870e-36  7.96744669e-01   7.79348258e-01   2.79817635e-02   8.15843993e-01   3.49436859e-05   9.98379639e-01   1.17550081e-07   3.48836737e-19   1.47929119e-18   
22      4.19430300e-04   -1.71743950e-02  0.00000000e+00   2.35098870e-36   7.96744669e-01   7.79348258e-01   2.79817635e-02   8.15843993e-01   3.49436859e-05   9.98379639e-01   1.17550081e-07   3.48836737e-19   1.47929119e-18   
23      8.38860700e-04   -1.71743950e-02  0.00000000e+00   -2.49792550e-36  7.96744669e-01   7.79348258e-01   2.79817635e-02   8.15843993e-01   3.49436859e-05   9.98379639e-01   1.17550081e-07   3.48836737e-19   1.47929119e-18   
24      1.00000000e-03   -1.71743950e-02  0.00000000e+00   2.08111197e-36   7.96744669e-01   7.79348258e-01   2.79817635e-02   8.15843993e-01   3.49436859e-05   9.98379639e-01   1.17550081e-07   3.48836737e-19   1.47929119e-18   
25      1.01000000e-03   -1.71602860e-02  4.00000000e-11   4.00000000e-09   7.96745383e-01   7.79366496e-01   2.79810138e-02   8.15845377e-01   3.49428809e-05   9.98379661e-01   1.17549936e-07   3.48836773e-19   1.47929113e-18   
26      1.03000000e-03   -1.70759856e-02  1.20000000e-10   1.20000000e-08   7.96755258e-01   7.79599448e-01   2.79708001e-02   8.15864282e-01   3.49318172e-05   9.98379971e-01   1.17547934e-07   3.48837276e-19   1.47929028e-18   
27      1.07000000e-03   -1.67958898e-02  2.80000000e-10   2.80000000e-08   7.96802858e-01   7.80663227e-01   2.79222293e-02   8.15954793e-01   3.48799656e-05   9.98381448e-01   1.17538528e-07   3.48839713e-19   1.47928615e-18   
28      1.10000000e-03   -1.64401377e-02  4.00000000e-10   4.00000000e-08   7.96885726e-01   7.82419132e-01   2.78388611e-02   8.16111399e-01   3.47925644e-05   9.98383985e-01   1.17522641e-07   3.48843978e-19   1.47927893e-18   
29      1.10800000e-03   -1.63289919e-02  4.00000000e-10   4.00000000e-08   7.96919166e-01   7.83098041e-01   2.78056028e-02   8.16174287e-01   3.47581940e-05   9.98384999e-01   1.17516382e-07   3.48845706e-19   1.47927600e-18   
30      1.12400000e-03   -1.61077636e-02  4.00000000e-10   4.00000000e-08   7.97003081e-01   7.84713662e-01   2.77232781e-02   8.16331005e-01   3.46739761e-05   9.98387519e-01   1.17501001e-07   3.48850066e-19   1.47926861e-18   
31      1.15600000e-03   -1.56674234e-02  4.00000000e-10   4.00000000e-08   7.97204386e-01   7.88381139e-01   2.75287522e-02   8.16704343e-01   3.44773963e-05   9.98393499e-01   1.17464986e-07   3.48860582e-19   1.47925076e-18   
32      1.22000000e-03   -1.47993139e-02  4.00000000e-10   4.00000000e-08   7.97800775e-01   7.97621552e-01   2.69785164e-02   8.17786563e-01   3.39366404e-05   9.98410695e-01   1.17364836e-07   3.48892268e-19   1.47919683e-18   
33      1.28400000e-03   -1.39477160e-02  4.00000000e-10   4.00000000e-08   7.98641470e-01   8.08279074e-01   2.62480404e-02   8.19270460e-01   3.32366585e-05   9.98434117e-01   1.17233144e-07   3.48937898e-19   1.47911887e-18   
34      1.41200000e-03   -1.22926051e-02  4.00000000e-10   4.00000000e-08   8.00973804e-01   8.30122516e-01   2.44285917e-02   8.23199590e-01   3.15313859e-05   9.98495639e-01   1.16902232e-07   3.49069325e-19   1.47889278e-18   
35      1.54000000e-03   -1.06997466e-02  4.00000000e-10   4.00000000e-08   8.04068772e-01   8.50501319e-01   2.23315437e-02   8.28129934e-01   2.95804155e-05   9.98572205e-01   1.16506447e-07   3.49251984e-19   1.47857583e-18   
36      1.66800000e-03   -9.16674446e-03  4.00000000e-10   4.00000000e-08   8.07792263e-01   8.68331089e-01   2.01675724e-02   8.33741613e-01   2.75346976e-05   9.98658692e-01   1.16069328e-07   3.49482680e-19   1.47817170e-18   
37      1.79600000e-03   -7.69130835e-03  4.00000000e-10   4.00000000e-08   8.12019924e-01   8.83639683e-01   1.80775819e-02   8.39780861e-01   2.54873048e-05   9.98751006e-01   1.15605727e-07   3.49758171e-19   1.47768408e-18   
38      1.92400000e-03   -6.27124410e-03  4.00000000e-10   4.00000000e-08   8.16638004e-01   8.96731205e-01   1.61451758e-02   8.46049917e-01   2.34946994e-05   9.98845899e-01   1.15125148e-07   3.50075235e-19   1.47711664e-18   
39      2.10000000e-03   -4.40501765e-03  4.00000000e-10   4.00000000e-08   8.23430512e-01   9.11730898e-01   1.38151842e-02   8.54765339e-01   2.09040380e-05   9.98975862e-01   1.14447967e-07   3.50573006e-19   1.47621290e-18   
40      2.11000000e-03   -4.31618422e-03  3.60000000e-10   3.60000000e-08   8.23828767e-01   9.12474740e-01   1.36956676e-02   8.55258430e-01   2.07630790e-05   9.98983149e-01   1.14409051e-07   3.50603416e-19   1.47615720e-18   
41      2.12000000e-03   -4.24171983e-03  3.20000000e-10   3.20000000e-08   8.24226644e-01   9.13192488e-01   1.35780316e-02   8.55748188e-01   2.06228935e-05   9.98990406e-01   1.14370116e-07   3.50633971e-19   1.47610120e-18   
42      2.14000000e-03   -4.12144301e-03  2.40000000e-10   2.40000000e-08   8.25020288e-01   9.14560993e-01   1.33470913e-02   8.56718271e-01   2.03441588e-05   9.99004847e-01   1.14292223e-07   3.50695306e-19   1.47598867e-18   
43      2.18000000e-03   -4.05177356e-03  8.00000000e-11   8.00000000e-09   8.26579402e-01   9.16762239e-01   1.29171501e-02   8.58570578e-01   1.97974352e-05   9.99033136e-01   1.14136440e-07   3.50818584e-19   1.47576198e-18   
44      2.20000000e-03   -4.10186876e-03  -1.55096365e-25  -7.28952915e-24  8.27337252e-01   9.17536522e-01   1.27209677e-02   8.59437627e-01   1.95298945e-05   9.99046911e-01   1.14058623e-07   3.50880154e-19   1.47564854e-18   
45      2.20800000e-03   -4.13308305e-03  0.00000000e+00   4.65289095e-25   8.27633036e-01   9.17757531e-01   1.26477121e-02   8.59766148e-01   1.94243974e-05   9.99052312e-01   1.14027535e-07   3.50904657e-19   1.47560335e-18   
46      2.22400000e-03   -4.19520715e-03  0.00000000e+00   4.65289095e-25   8.28210989e-01   9.18069623e-01   1.25101724e-02   8.60390612e-01   1.92161139e-05   9.99062915e-01   1.13965437e-07   3.50953400e-19   1.47551337e-18   
47      2.25600000e-03   -4.31884925e-03  0.00000000e+00   4.65289095e-25   8.29340187e-01   9.18474699e-01   1.22521525e-02   8.61576809e-01   1.88049089e-05   9.99083734e-01   1.13841398e-07   3.51050358e-19   1.47533423e-18   
48      2.32000000e-03   -4.56253181e-03  0.00000000e+00   4.65289095e-25   8.31444104e-01   9.18325623e-01   1.18289728e-02   8.63599578e-01   1.80139570e-05   9.99123114e-01   1.13594269e-07   3.51241145e-19   1.47498076e-18   
49      2.44800000e-03   -5.03583540e-03  0.00000000e+00   4.65289095e-25   8.35087633e-01   9.16228259e-01   1.12754621e-02   8.66479414e-01   1.65510996e-05   9.99193550e-01   1.13103907e-07   3.51610460e-19   1.47429246e-18   
50      2.70400000e-03   -5.92887387e-03  0.00000000e+00   4.65289095e-25   8.40482893e-01   9.10197635e-01   1.09184235e-02   8.68955384e-01   1.40530441e-05   9.99305930e-01   1.12139520e-07   3.52302089e-19   1.47298611e-18   
51      2.96000000e-03   -6.75460466e-03  0.00000000e+00   4.65289095e-25   8.43843618e-01   9.03939381e-01   1.11334147e-02   8.68623094e-01   1.20567586e-05   9.99386762e-01   1.11198141e-07   3.52934220e-19   1.47176678e-18   
52      3.21600000e-03   -7.51822932e-03  0.00000000e+00   4.65289095e-25   8.45693601e-01   8.97815375e-01   1.15968426e-02   8.66854585e-01   1.04837742e-05   9.99443005e-01   1.10281399e-07   3.53510925e-19   1.47062624e-18   
53      3.72800000e-03   -8.87997572e-03  0.00000000e+00   4.65289095e-25   8.46427225e-01   8.85908572e-01   1.27763584e-02   8.61733688e-01   8.34300901e-06   9.99502951e-01   1.08528930e-07   3.54514856e-19   1.46854932e-18   
54      4.24000000e-03   -1.00456122e-02  0.00000000e+00   4.65289095e-25   8.44600193e-01   8.74629004e-01   1.40586453e-02   8.56094692e-01   7.27467320e-06   9.99512329e-01   1.06893026e-07   3.55339989e-19   1.46670754e-18   
55      5.26400000e-03   -1.19096887e-02  0.00000000e+00   4.65289095e-25   8.37912729e-01   8.54349249e-01   1.65395063e-02   8.46181149e-01   7.27163649e-06   9.99448955e-01   1.04010479e-07   3.56558874e-19   1.46355352e-18   
56      6.28800000e-03   -1.32781467e-02  0.00000000e+00   -8.27180613e-25  8.30107570e-01   8.37468422e-01   1.87800083e-02   8.38509866e-01   9.15855807e-06   9.99327260e-01   1.01671293e-07   3.57316972e-19   1.46093261e-18   
57      7.31200000e-03   -1.42852311e-02  0.00000000e+00   1.11152395e-24   8.23012393e-01   8.23943406e-01   2.07016587e-02   8.32768164e-01   1.20253639e-05   9.99187803e-01   9.98705900e-08   3.57737628e-19   1.45867609e-18   
58      8.33600000e-03   -1.50281091e-02  0.00000000e+00   -8.27180613e-25  8.17091324e-01   8.13298540e-01   2.22976020e-02   8.28477425e-01   1.52806132e-05   9.99050430e-01   9.85658460e-08   3.57911764e-19   1.45667560e-18   
59      9.36000000e-03   -1.55773403e-02  0.00000000e+00   7.88406521e-25   8.12345592e-01   8.05078886e-01   2.35886909e-02   8.25276232e-01   1.85347752e-05   9.98925033e-01   9.76923361e-08   3.57906071e-19   1.45486206e-18   
60      1.13600000e-02   -1.62853831e-02  0.00000000e+00   -7.47545104e-25  8.05792754e-01   7.94008400e-01   2.54044974e-02   8.21116352e-01   2.40980494e-05   9.98727064e-01   9.69340075e-08   3.57561166e-19   1.45169828e-18   
61      1.33600000e-02   -1.66770808e-02  0.00000000e+00   7.02244422e-25   8.01904753e-01   7.87650303e-01   2.65020247e-02   8.18797857e-01   2.82263944e-05   9.98590466e-01   9.70711903e-08   3.56934337e-19   1.44891630e-18   
62      1.53600000e-02   -1.68952915e-02  0.00000000e+00   -8.08057515e-25  7.99669201e-01   7.84042255e-01   2.71371438e-02   8.17503504e-01   3.09395939e-05   9.98503940e-01   9.77227321e-08   3.56164131e-19   1.44642360e-18   
63      1.73600000e-02   -1.70174352e-02  0.00000000e+00   8.11066859e-25   7.98397857e-01   7.81996588e-01   2.75029062e-02   8.16777590e-01   3.26107549e-05   9.98451648e-01   9.86413517e-08   3.55326885e-19   1.44417193e-18   
64      1.93600000e-02   -1.70860160e-02  0.00000000e+00   -8.11467335e-25  7.97678096e-01   7.80844012e-01   2.77106774e-02   8.16369823e-01   3.36027626e-05   9.98420906e-01   9.96785167e-08   3.54465202e-19   1.44213145e-18   
65      2.00000000e-02   -1.71005155e-02  0.00000000e+00   8.05560470e-25   7.97525351e-01   7.80598161e-01   2.77549614e-02   8.16283570e-01   3.38183235e-05   9.98414255e-01   1.00021471e-07   3.54188228e-19   1.44151987e-18   
End of Xyce(TM) Simulation
