Index       TIME              V(1)              V(2)              L1:L             {L1:L}           {2*L1:L}        {(L1:L)**2.0}     {(L1:L)*R1:R}  
0        0.00000000e+00    0.00000000e+00    0.00000000e+00    1.00000000e-03    1.00000000e-03    2.00000000e-03    1.00000000e-06    2.00000000e-03
1        1.00000000e-10    6.28318531e-07    1.25663706e-06    1.00000000e-03    1.00000000e-03    2.00000000e-03    1.00000000e-06    2.00000000e-03
2        3.00000000e-10    1.88495559e-06    3.76991118e-06    1.00000000e-03    1.00000000e-03    2.00000000e-03    1.00000000e-06    2.00000000e-03
3        5.00000000e-10    3.14159265e-06    6.28318531e-06    1.00000000e-03    1.00000000e-03    2.00000000e-03    1.00000000e-06    2.00000000e-03
4        9.00000000e-10    5.65486678e-06    1.13097336e-05    1.00000000e-03    1.00000000e-03    2.00000000e-03    1.00000000e-06    2.00000000e-03
5        1.70000000e-09    1.06814150e-05    2.13628300e-05    1.00000000e-03    1.00000000e-03    2.00000000e-03    1.00000000e-06    2.00000000e-03
6        3.30000000e-09    2.07345115e-05    4.14690230e-05    1.00000000e-03    1.00000000e-03    2.00000000e-03    1.00000000e-06    2.00000000e-03
7        4.90000000e-09    3.07876080e-05    6.15752160e-05    1.00000000e-03    1.00000000e-03    2.00000000e-03    1.00000000e-06    2.00000000e-03
8        8.10000000e-09    5.08938010e-05    1.01787602e-04    1.00000000e-03    1.00000000e-03    2.00000000e-03    1.00000000e-06    2.00000000e-03
9        1.45000000e-08    9.11061868e-05    1.82212374e-04    1.00000000e-03    1.00000000e-03    2.00000000e-03    1.00000000e-06    2.00000000e-03
10       2.09000000e-08    1.31318573e-04    2.62637145e-04    1.00000000e-03    1.00000000e-03    2.00000000e-03    1.00000000e-06    2.00000000e-03
11       2.73000000e-08    1.71530958e-04    3.43061916e-04    1.00000000e-03    1.00000000e-03    2.00000000e-03    1.00000000e-06    2.00000000e-03
12       3.37000000e-08    2.11743343e-04    4.23486687e-04    1.00000000e-03    1.00000000e-03    2.00000000e-03    1.00000000e-06    2.00000000e-03
13       4.01000000e-08    2.51955728e-04    5.03911456e-04    1.00000000e-03    1.00000000e-03    2.00000000e-03    1.00000000e-06    2.00000000e-03
14       5.29000000e-08    3.32380497e-04    6.64760993e-04    1.00000000e-03    1.00000000e-03    2.00000000e-03    1.00000000e-06    2.00000000e-03
15       6.57000000e-08    4.12805263e-04    8.25610526e-04    1.00000000e-03    1.00000000e-03    2.00000000e-03    1.00000000e-06    2.00000000e-03
16       7.85000000e-08    4.93230027e-04    9.86460053e-04    1.00000000e-03    1.00000000e-03    2.00000000e-03    1.00000000e-06    2.00000000e-03
17       9.13000000e-08    5.73654787e-04    1.14730957e-03    1.00000000e-03    1.00000000e-03    2.00000000e-03    1.00000000e-06    2.00000000e-03
18       1.04100000e-07    6.54079544e-04    1.30815909e-03    1.00000000e-03    1.00000000e-03    2.00000000e-03    1.00000000e-06    2.00000000e-03
19       1.16900000e-07    7.34504296e-04    1.46900859e-03    1.00000000e-03    1.00000000e-03    2.00000000e-03    1.00000000e-06    2.00000000e-03
20       1.29700000e-07    8.14929044e-04    1.62985809e-03    1.00000000e-03    1.00000000e-03    2.00000000e-03    1.00000000e-06    2.00000000e-03
21       1.55300000e-07    9.75778523e-04    1.95155705e-03    1.00000000e-03    1.00000000e-03    2.00000000e-03    1.00000000e-06    2.00000000e-03
22       1.80900000e-07    1.13662798e-03    2.27325595e-03    1.00000000e-03    1.00000000e-03    2.00000000e-03    1.00000000e-06    2.00000000e-03
23       2.06500000e-07    1.29747740e-03    2.59495480e-03    1.00000000e-03    1.00000000e-03    2.00000000e-03    1.00000000e-06    2.00000000e-03
24       2.32100000e-07    1.45832679e-03    2.91665359e-03    1.00000000e-03    1.00000000e-03    2.00000000e-03    1.00000000e-06    2.00000000e-03
25       2.57700000e-07    1.61917615e-03    3.23835229e-03    1.00000000e-03    1.00000000e-03    2.00000000e-03    1.00000000e-06    2.00000000e-03
26       2.83300000e-07    1.78002546e-03    3.56005092e-03    1.00000000e-03    1.00000000e-03    2.00000000e-03    1.00000000e-06    2.00000000e-03
27       3.08900000e-07    1.94087472e-03    3.88174945e-03    1.00000000e-03    1.00000000e-03    2.00000000e-03    1.00000000e-06    2.00000000e-03
28       3.34500000e-07    2.10172394e-03    4.20344788e-03    1.00000000e-03    1.00000000e-03    2.00000000e-03    1.00000000e-06    2.00000000e-03
29       3.60100000e-07    2.26257310e-03    4.52514620e-03    1.00000000e-03    1.00000000e-03    2.00000000e-03    1.00000000e-06    2.00000000e-03
30       3.85700000e-07    2.42342220e-03    4.84684440e-03    1.00000000e-03    1.00000000e-03    2.00000000e-03    1.00000000e-06    2.00000000e-03
31       4.11300000e-07    2.58427124e-03    5.16854248e-03    1.00000000e-03    1.00000000e-03    2.00000000e-03    1.00000000e-06    2.00000000e-03
32       4.36900000e-07    2.74512021e-03    5.49024043e-03    1.00000000e-03    1.00000000e-03    2.00000000e-03    1.00000000e-06    2.00000000e-03
33       4.62500000e-07    2.90596911e-03    5.81193823e-03    1.00000000e-03    1.00000000e-03    2.00000000e-03    1.00000000e-06    2.00000000e-03
34       4.88100000e-07    3.06681794e-03    6.13363588e-03    1.00000000e-03    1.00000000e-03    2.00000000e-03    1.00000000e-06    2.00000000e-03
35       5.13700000e-07    3.22766669e-03    6.45533338e-03    1.00000000e-03    1.00000000e-03    2.00000000e-03    1.00000000e-06    2.00000000e-03
36       5.39300000e-07    3.38851535e-03    6.77703070e-03    1.00000000e-03    1.00000000e-03    2.00000000e-03    1.00000000e-06    2.00000000e-03
37       5.42305674e-07    3.40740045e-03    6.81480089e-03    1.00000000e-03    1.00000000e-03    2.00000000e-03    1.00000000e-06    2.00000000e-03
38       5.45311347e-07    3.42628554e-03    6.85257108e-03    1.00000000e-03    1.00000000e-03    2.00000000e-03    1.00000000e-06    2.00000000e-03
39       5.51322694e-07    3.46405572e-03    6.92811145e-03    1.00000000e-03    1.00000000e-03    2.00000000e-03    1.00000000e-06    2.00000000e-03
40       5.63345388e-07    3.53959608e-03    7.07919215e-03    1.00000000e-03    1.00000000e-03    2.00000000e-03    1.00000000e-06    2.00000000e-03
41       5.70669312e-07    3.58561335e-03    7.17122671e-03    1.00000000e-03    1.00000000e-03    2.00000000e-03    1.00000000e-06    2.00000000e-03
42       5.73876292e-07    3.60576328e-03    7.21152655e-03    1.00000000e-03    1.00000000e-03    2.00000000e-03    1.00000000e-06    2.00000000e-03
43       5.76758910e-07    3.62387518e-03    7.24775036e-03    1.00000000e-03    1.00000000e-03    2.00000000e-03    1.00000000e-06    2.00000000e-03
44       5.79641528e-07    3.64198708e-03    7.28397417e-03    1.00000000e-03    1.00000000e-03    2.00000000e-03    1.00000000e-06    2.00000000e-03
45       5.82235884e-07    3.65828779e-03    7.31657559e-03    1.00000000e-03    1.00000000e-03    2.00000000e-03    1.00000000e-06    2.00000000e-03
46       5.84570805e-07    3.67295843e-03    7.34591687e-03    1.00000000e-03    1.00000000e-03    2.00000000e-03    1.00000000e-06    2.00000000e-03
47       5.86672233e-07    3.68616201e-03    7.37232402e-03    1.00000000e-03    1.00000000e-03    2.00000000e-03    1.00000000e-06    2.00000000e-03
48       5.88773662e-07    3.69936558e-03    7.39873117e-03    1.00000000e-03    1.00000000e-03    2.00000000e-03    1.00000000e-06    2.00000000e-03
49       5.90875090e-07    3.71256916e-03    7.42513832e-03    1.00000000e-03    1.00000000e-03    2.00000000e-03    1.00000000e-06    2.00000000e-03
50       5.92766376e-07    3.72445237e-03    7.44890475e-03    1.00000000e-03    1.00000000e-03    2.00000000e-03    1.00000000e-06    2.00000000e-03
51       5.94468533e-07    3.73514727e-03    7.47029454e-03    1.00000000e-03    1.00000000e-03    2.00000000e-03    1.00000000e-06    2.00000000e-03
52       5.96000474e-07    3.74477267e-03    7.48954534e-03    1.00000000e-03    1.00000000e-03    2.00000000e-03    1.00000000e-06    2.00000000e-03
53       5.97532416e-07    3.75439808e-03    7.50879615e-03    1.00000000e-03    1.00000000e-03    2.00000000e-03    1.00000000e-06    2.00000000e-03
54       5.99064357e-07    3.76402348e-03    7.52804696e-03    1.00000000e-03    1.00000000e-03    2.00000000e-03    1.00000000e-06    2.00000000e-03
55       6.00596299e-07    3.77364888e-03    7.54729776e-03    1.00000000e-03    1.00000000e-03    2.00000000e-03    1.00000000e-06    2.00000000e-03
56       6.01975046e-07    3.78231174e-03    7.56462349e-03    1.00000000e-03    1.00000000e-03    2.00000000e-03    1.00000000e-06    2.00000000e-03
57       6.03215918e-07    3.79010832e-03    7.58021664e-03    1.00000000e-03    1.00000000e-03    2.00000000e-03    1.00000000e-06    2.00000000e-03
58       6.04456791e-07    3.79790490e-03    7.59580979e-03    1.00000000e-03    1.00000000e-03    2.00000000e-03    1.00000000e-06    2.00000000e-03
59       6.05697663e-07    3.80570147e-03    7.61140294e-03    1.00000000e-03    1.00000000e-03    2.00000000e-03    1.00000000e-06    2.00000000e-03
60       6.06938536e-07    3.81349805e-03    7.62699609e-03    1.00000000e-03    1.00000000e-03    2.00000000e-03    1.00000000e-06    2.00000000e-03
61       6.08179408e-07    3.82129462e-03    7.64258924e-03    1.00000000e-03    1.00000000e-03    2.00000000e-03    1.00000000e-06    2.00000000e-03
62       6.09420281e-07    3.82909120e-03    7.65818239e-03    1.00000000e-03    1.00000000e-03    2.00000000e-03    1.00000000e-06    2.00000000e-03
63       6.10661153e-07    3.83688777e-03    7.67377554e-03    1.00000000e-03    1.00000000e-03    2.00000000e-03    1.00000000e-06    2.00000000e-03
64       6.11902026e-07    3.84468435e-03    7.68936869e-03    1.00000000e-03    1.00000000e-03    2.00000000e-03    1.00000000e-06    2.00000000e-03
65       6.13142898e-07    3.85248092e-03    7.70496184e-03    1.00000000e-03    1.00000000e-03    2.00000000e-03    1.00000000e-06    2.00000000e-03
66       6.14383771e-07    3.86027749e-03    7.72055499e-03    1.00000000e-03    1.00000000e-03    2.00000000e-03    1.00000000e-06    2.00000000e-03
67       6.15624643e-07    3.86807407e-03    7.73614813e-03    1.00000000e-03    1.00000000e-03    2.00000000e-03    1.00000000e-06    2.00000000e-03
68       6.16865516e-07    3.87587064e-03    7.75174128e-03    1.00000000e-03    1.00000000e-03    2.00000000e-03    1.00000000e-06    2.00000000e-03
69       6.18106388e-07    3.88366721e-03    7.76733443e-03    1.00000000e-03    1.00000000e-03    2.00000000e-03    1.00000000e-06    2.00000000e-03
70       6.19347261e-07    3.89146379e-03    7.78292757e-03    1.00000000e-03    1.00000000e-03    2.00000000e-03    1.00000000e-06    2.00000000e-03
71       6.20588133e-07    3.89926036e-03    7.79852072e-03    1.00000000e-03    1.00000000e-03    2.00000000e-03    1.00000000e-06    2.00000000e-03
72       6.21829006e-07    3.90705693e-03    7.81411386e-03    1.00000000e-03    1.00000000e-03    2.00000000e-03    1.00000000e-06    2.00000000e-03
73       6.23069878e-07    3.91485350e-03    7.82970701e-03    1.00000000e-03    1.00000000e-03    2.00000000e-03    1.00000000e-06    2.00000000e-03
74       6.24310751e-07    3.92265008e-03    7.84530015e-03    1.00000000e-03    1.00000000e-03    2.00000000e-03    1.00000000e-06    2.00000000e-03
75       6.25551623e-07    3.93044665e-03    7.86089330e-03    1.00000000e-03    1.00000000e-03    2.00000000e-03    1.00000000e-06    2.00000000e-03
76       6.26792496e-07    3.93824322e-03    7.87648644e-03    1.00000000e-03    1.00000000e-03    2.00000000e-03    1.00000000e-06    2.00000000e-03
77       6.28033368e-07    3.94603979e-03    7.89207958e-03    1.00000000e-03    1.00000000e-03    2.00000000e-03    1.00000000e-06    2.00000000e-03
78       6.29274241e-07    3.95383636e-03    7.90767272e-03    1.00000000e-03    1.00000000e-03    2.00000000e-03    1.00000000e-06    2.00000000e-03
79       6.30515113e-07    3.96163293e-03    7.92326586e-03    1.00000000e-03    1.00000000e-03    2.00000000e-03    1.00000000e-06    2.00000000e-03
80       6.32996858e-07    3.97722607e-03    7.95445215e-03    1.00000000e-03    1.00000000e-03    2.00000000e-03    1.00000000e-06    2.00000000e-03
81       6.35478603e-07    3.99281921e-03    7.98563843e-03    1.00000000e-03    1.00000000e-03    2.00000000e-03    1.00000000e-06    2.00000000e-03
82       6.36099039e-07    3.99671750e-03    7.99343500e-03    1.00000000e-03    1.00000000e-03    2.00000000e-03    1.00000000e-06    2.00000000e-03
83       6.36657432e-07    4.00022595e-03    8.00045191e-03    1.00000000e-03    1.00000000e-03    2.00000000e-03    1.00000000e-06    2.00000000e-03
84       6.37137760e-07    4.00324392e-03    8.00648784e-03    1.00000000e-03    1.00000000e-03    2.00000000e-03    1.00000000e-06    2.00000000e-03
85       6.37618088e-07    4.00626188e-03    8.01252377e-03    1.00000000e-03    1.00000000e-03    2.00000000e-03    1.00000000e-06    2.00000000e-03
86       6.38098416e-07    4.00927985e-03    8.01855970e-03    1.00000000e-03    1.00000000e-03    2.00000000e-03    1.00000000e-06    2.00000000e-03
87       6.38530711e-07    4.01199602e-03    8.02399204e-03    1.00000000e-03    1.00000000e-03    2.00000000e-03    1.00000000e-06    2.00000000e-03
88       6.38963006e-07    4.01471219e-03    8.02942437e-03    1.00000000e-03    1.00000000e-03    2.00000000e-03    1.00000000e-06    2.00000000e-03
89       6.39827596e-07    4.02014452e-03    8.04028905e-03    1.00000000e-03    1.00000000e-03    2.00000000e-03    1.00000000e-06    2.00000000e-03
90       6.41556777e-07    4.03100920e-03    8.06201839e-03    1.00000000e-03    1.00000000e-03    2.00000000e-03    1.00000000e-06    2.00000000e-03
91       6.43285957e-07    4.04187387e-03    8.08374774e-03    1.00000000e-03    1.00000000e-03    2.00000000e-03    1.00000000e-06    2.00000000e-03
92       6.45015138e-07    4.05273854e-03    8.10547709e-03    1.00000000e-03    1.00000000e-03    2.00000000e-03    1.00000000e-06    2.00000000e-03
93       6.46744318e-07    4.06360322e-03    8.12720643e-03    1.00000000e-03    1.00000000e-03    2.00000000e-03    1.00000000e-06    2.00000000e-03
94       6.48473499e-07    4.07446789e-03    8.14893578e-03    1.00000000e-03    1.00000000e-03    2.00000000e-03    1.00000000e-06    2.00000000e-03
95       6.50202680e-07    4.08533256e-03    8.17066512e-03    1.00000000e-03    1.00000000e-03    2.00000000e-03    1.00000000e-06    2.00000000e-03
96       6.51931860e-07    4.09619723e-03    8.19239446e-03    1.00000000e-03    1.00000000e-03    2.00000000e-03    1.00000000e-06    2.00000000e-03
97       6.53661041e-07    4.10706190e-03    8.21412380e-03    1.00000000e-03    1.00000000e-03    2.00000000e-03    1.00000000e-06    2.00000000e-03
98       6.57119402e-07    4.12879124e-03    8.25758248e-03    1.00000000e-03    1.00000000e-03    2.00000000e-03    1.00000000e-06    2.00000000e-03
99       6.64036124e-07    4.17224991e-03    8.34449982e-03    1.00000000e-03    1.00000000e-03    2.00000000e-03    1.00000000e-06    2.00000000e-03
100      6.70952846e-07    4.21570858e-03    8.43141715e-03    1.00000000e-03    1.00000000e-03    2.00000000e-03    1.00000000e-06    2.00000000e-03
101      6.77869568e-07    4.25916723e-03    8.51833447e-03    1.00000000e-03    1.00000000e-03    2.00000000e-03    1.00000000e-06    2.00000000e-03
102      6.84786290e-07    4.30262588e-03    8.60525176e-03    1.00000000e-03    1.00000000e-03    2.00000000e-03    1.00000000e-06    2.00000000e-03
103      6.91703012e-07    4.34608452e-03    8.69216905e-03    1.00000000e-03    1.00000000e-03    2.00000000e-03    1.00000000e-06    2.00000000e-03
104      6.98619735e-07    4.38954316e-03    8.77908631e-03    1.00000000e-03    1.00000000e-03    2.00000000e-03    1.00000000e-06    2.00000000e-03
105      7.05536457e-07    4.43300178e-03    8.86600356e-03    1.00000000e-03    1.00000000e-03    2.00000000e-03    1.00000000e-06    2.00000000e-03
106      7.12453179e-07    4.47646040e-03    8.95292079e-03    1.00000000e-03    1.00000000e-03    2.00000000e-03    1.00000000e-06    2.00000000e-03
107      7.19369901e-07    4.51991900e-03    9.03983801e-03    1.00000000e-03    1.00000000e-03    2.00000000e-03    1.00000000e-06    2.00000000e-03
108      7.33203345e-07    4.60683619e-03    9.21367238e-03    1.00000000e-03    1.00000000e-03    2.00000000e-03    1.00000000e-06    2.00000000e-03
109      7.47036790e-07    4.69375335e-03    9.38750669e-03    1.00000000e-03    1.00000000e-03    2.00000000e-03    1.00000000e-06    2.00000000e-03
110      7.74703678e-07    4.86758755e-03    9.73517509e-03    1.00000000e-03    1.00000000e-03    2.00000000e-03    1.00000000e-06    2.00000000e-03
111      8.02370567e-07    5.04142160e-03    1.00828432e-02    1.00000000e-03    1.00000000e-03    2.00000000e-03    1.00000000e-06    2.00000000e-03
112      8.30037456e-07    5.21525550e-03    1.04305110e-02    1.00000000e-03    1.00000000e-03    2.00000000e-03    1.00000000e-06    2.00000000e-03
113      8.85371233e-07    5.56292283e-03    1.11258457e-02    1.00000000e-03    1.00000000e-03    2.00000000e-03    1.00000000e-06    2.00000000e-03
114      9.40705010e-07    5.91058948e-03    1.18211790e-02    1.00000000e-03    1.00000000e-03    2.00000000e-03    1.00000000e-06    2.00000000e-03
115      9.96038787e-07    6.25825542e-03    1.25165108e-02    1.00000000e-03    1.00000000e-03    2.00000000e-03    1.00000000e-06    2.00000000e-03
116      1.05137256e-06    6.60592060e-03    1.32118412e-02    1.00000000e-03    1.00000000e-03    2.00000000e-03    1.00000000e-06    2.00000000e-03
117      1.10670634e-06    6.95358499e-03    1.39071700e-02    1.00000000e-03    1.00000000e-03    2.00000000e-03    1.00000000e-06    2.00000000e-03
118      1.16204012e-06    7.30124853e-03    1.46024971e-02    1.00000000e-03    1.00000000e-03    2.00000000e-03    1.00000000e-06    2.00000000e-03
119      1.21737390e-06    7.64891119e-03    1.52978224e-02    1.00000000e-03    1.00000000e-03    2.00000000e-03    1.00000000e-06    2.00000000e-03
120      1.27270767e-06    7.99657293e-03    1.59931459e-02    1.00000000e-03    1.00000000e-03    2.00000000e-03    1.00000000e-06    2.00000000e-03
121      1.32804145e-06    8.34423370e-03    1.66884674e-02    1.00000000e-03    1.00000000e-03    2.00000000e-03    1.00000000e-06    2.00000000e-03
122      1.38337523e-06    8.69189346e-03    1.73837869e-02    1.00000000e-03    1.00000000e-03    2.00000000e-03    1.00000000e-06    2.00000000e-03
123      1.43870901e-06    9.03955217e-03    1.80791043e-02    1.00000000e-03    1.00000000e-03    2.00000000e-03    1.00000000e-06    2.00000000e-03
124      1.49404278e-06    9.38720979e-03    1.87744196e-02    1.00000000e-03    1.00000000e-03    2.00000000e-03    1.00000000e-06    2.00000000e-03
125      1.54937656e-06    9.73486627e-03    1.94697325e-02    1.00000000e-03    1.00000000e-03    2.00000000e-03    1.00000000e-06    2.00000000e-03
126      1.60471034e-06    1.00825216e-02    2.01650432e-02    1.00000000e-03    1.00000000e-03    2.00000000e-03    1.00000000e-06    2.00000000e-03
127      1.66004411e-06    1.04301757e-02    2.08603513e-02    1.00000000e-03    1.00000000e-03    2.00000000e-03    1.00000000e-06    2.00000000e-03
128      1.71537789e-06    1.07778285e-02    2.15556570e-02    1.00000000e-03    1.00000000e-03    2.00000000e-03    1.00000000e-06    2.00000000e-03
129      1.77071167e-06    1.11254800e-02    2.22509600e-02    1.00000000e-03    1.00000000e-03    2.00000000e-03    1.00000000e-06    2.00000000e-03
130      1.82604545e-06    1.14731302e-02    2.29462604e-02    1.00000000e-03    1.00000000e-03    2.00000000e-03    1.00000000e-06    2.00000000e-03
131      1.88137922e-06    1.18207790e-02    2.36415580e-02    1.00000000e-03    1.00000000e-03    2.00000000e-03    1.00000000e-06    2.00000000e-03
132      1.93671300e-06    1.21684264e-02    2.43368527e-02    1.00000000e-03    1.00000000e-03    2.00000000e-03    1.00000000e-06    2.00000000e-03
133      1.99204678e-06    1.25160722e-02    2.50321445e-02    1.00000000e-03    1.00000000e-03    2.00000000e-03    1.00000000e-06    2.00000000e-03
134      2.04738055e-06    1.28637166e-02    2.57274332e-02    1.00000000e-03    1.00000000e-03    2.00000000e-03    1.00000000e-06    2.00000000e-03
135      2.10271433e-06    1.32113594e-02    2.64227189e-02    1.00000000e-03    1.00000000e-03    2.00000000e-03    1.00000000e-06    2.00000000e-03
136      2.15804811e-06    1.35590007e-02    2.71180014e-02    1.00000000e-03    1.00000000e-03    2.00000000e-03    1.00000000e-06    2.00000000e-03
137      2.21338189e-06    1.39066403e-02    2.78132805e-02    1.00000000e-03    1.00000000e-03    2.00000000e-03    1.00000000e-06    2.00000000e-03
138      2.26871566e-06    1.42542782e-02    2.85085563e-02    1.00000000e-03    1.00000000e-03    2.00000000e-03    1.00000000e-06    2.00000000e-03
139      2.37938322e-06    1.49495488e-02    2.98990976e-02    1.00000000e-03    1.00000000e-03    2.00000000e-03    1.00000000e-06    2.00000000e-03
140      2.49005077e-06    1.56448122e-02    3.12896243e-02    1.00000000e-03    1.00000000e-03    2.00000000e-03    1.00000000e-06    2.00000000e-03
141      2.60071833e-06    1.63400680e-02    3.26801359e-02    1.00000000e-03    1.00000000e-03    2.00000000e-03    1.00000000e-06    2.00000000e-03
142      2.71138588e-06    1.70353159e-02    3.40706318e-02    1.00000000e-03    1.00000000e-03    2.00000000e-03    1.00000000e-06    2.00000000e-03
143      2.82205344e-06    1.77305556e-02    3.54611111e-02    1.00000000e-03    1.00000000e-03    2.00000000e-03    1.00000000e-06    2.00000000e-03
144      2.93272099e-06    1.84257867e-02    3.68515733e-02    1.00000000e-03    1.00000000e-03    2.00000000e-03    1.00000000e-06    2.00000000e-03
145      3.04338855e-06    1.91210089e-02    3.82420177e-02    1.00000000e-03    1.00000000e-03    2.00000000e-03    1.00000000e-06    2.00000000e-03
146      3.15405610e-06    1.98162218e-02    3.96324436e-02    1.00000000e-03    1.00000000e-03    2.00000000e-03    1.00000000e-06    2.00000000e-03
147      3.26472365e-06    2.05114252e-02    4.10228503e-02    1.00000000e-03    1.00000000e-03    2.00000000e-03    1.00000000e-06    2.00000000e-03
148      3.37539121e-06    2.12066186e-02    4.24132372e-02    1.00000000e-03    1.00000000e-03    2.00000000e-03    1.00000000e-06    2.00000000e-03
149      3.48605876e-06    2.19018018e-02    4.38036036e-02    1.00000000e-03    1.00000000e-03    2.00000000e-03    1.00000000e-06    2.00000000e-03
150      3.59672632e-06    2.25969744e-02    4.51939488e-02    1.00000000e-03    1.00000000e-03    2.00000000e-03    1.00000000e-06    2.00000000e-03
151      3.70739387e-06    2.32921361e-02    4.65842722e-02    1.00000000e-03    1.00000000e-03    2.00000000e-03    1.00000000e-06    2.00000000e-03
152      3.81806143e-06    2.39872865e-02    4.79745730e-02    1.00000000e-03    1.00000000e-03    2.00000000e-03    1.00000000e-06    2.00000000e-03
153      3.92872898e-06    2.46824253e-02    4.93648507e-02    1.00000000e-03    1.00000000e-03    2.00000000e-03    1.00000000e-06    2.00000000e-03
154      4.03939654e-06    2.53775522e-02    5.07551045e-02    1.00000000e-03    1.00000000e-03    2.00000000e-03    1.00000000e-06    2.00000000e-03
155      4.15006409e-06    2.60726668e-02    5.21453337e-02    1.00000000e-03    1.00000000e-03    2.00000000e-03    1.00000000e-06    2.00000000e-03
156      4.26073164e-06    2.67677689e-02    5.35355377e-02    1.00000000e-03    1.00000000e-03    2.00000000e-03    1.00000000e-06    2.00000000e-03
157      4.37139920e-06    2.74628579e-02    5.49257159e-02    1.00000000e-03    1.00000000e-03    2.00000000e-03    1.00000000e-06    2.00000000e-03
158      4.59273431e-06    2.88529959e-02    5.77059918e-02    1.00000000e-03    1.00000000e-03    2.00000000e-03    1.00000000e-06    2.00000000e-03
159      4.81406942e-06    3.02430781e-02    6.04861561e-02    1.00000000e-03    1.00000000e-03    2.00000000e-03    1.00000000e-06    2.00000000e-03
160      5.03540453e-06    3.16331017e-02    6.32662035e-02    1.00000000e-03    1.00000000e-03    2.00000000e-03    1.00000000e-06    2.00000000e-03
161      5.25673963e-06    3.30230642e-02    6.60461284e-02    1.00000000e-03    1.00000000e-03    2.00000000e-03    1.00000000e-06    2.00000000e-03
162      5.47807474e-06    3.44129628e-02    6.88259257e-02    1.00000000e-03    1.00000000e-03    2.00000000e-03    1.00000000e-06    2.00000000e-03
163      5.69940985e-06    3.58027949e-02    7.16055898e-02    1.00000000e-03    1.00000000e-03    2.00000000e-03    1.00000000e-06    2.00000000e-03
164      5.92074496e-06    3.71925577e-02    7.43851155e-02    1.00000000e-03    1.00000000e-03    2.00000000e-03    1.00000000e-06    2.00000000e-03
165      6.14208007e-06    3.85822486e-02    7.71644973e-02    1.00000000e-03    1.00000000e-03    2.00000000e-03    1.00000000e-06    2.00000000e-03
166      6.36341518e-06    3.99718649e-02    7.99437298e-02    1.00000000e-03    1.00000000e-03    2.00000000e-03    1.00000000e-06    2.00000000e-03
167      6.58475029e-06    4.13614039e-02    8.27228078e-02    1.00000000e-03    1.00000000e-03    2.00000000e-03    1.00000000e-06    2.00000000e-03
168      6.80608540e-06    4.27508629e-02    8.55017257e-02    1.00000000e-03    1.00000000e-03    2.00000000e-03    1.00000000e-06    2.00000000e-03
169      7.02742051e-06    4.41402392e-02    8.82804783e-02    1.00000000e-03    1.00000000e-03    2.00000000e-03    1.00000000e-06    2.00000000e-03
170      7.24875562e-06    4.55295301e-02    9.10590602e-02    1.00000000e-03    1.00000000e-03    2.00000000e-03    1.00000000e-06    2.00000000e-03
171      7.47009072e-06    4.69187330e-02    9.38374660e-02    1.00000000e-03    1.00000000e-03    2.00000000e-03    1.00000000e-06    2.00000000e-03
172      7.69142583e-06    4.83078451e-02    9.66156902e-02    1.00000000e-03    1.00000000e-03    2.00000000e-03    1.00000000e-06    2.00000000e-03
173      7.91276094e-06    4.96968638e-02    9.93937276e-02    1.00000000e-03    1.00000000e-03    2.00000000e-03    1.00000000e-06    2.00000000e-03
174      8.13409605e-06    5.10857864e-02    1.02171573e-01    1.00000000e-03    1.00000000e-03    2.00000000e-03    1.00000000e-06    2.00000000e-03
175      8.35543116e-06    5.24746102e-02    1.04949220e-01    1.00000000e-03    1.00000000e-03    2.00000000e-03    1.00000000e-06    2.00000000e-03
176      8.57676627e-06    5.38633325e-02    1.07726665e-01    1.00000000e-03    1.00000000e-03    2.00000000e-03    1.00000000e-06    2.00000000e-03
177      8.79810138e-06    5.52519506e-02    1.10503901e-01    1.00000000e-03    1.00000000e-03    2.00000000e-03    1.00000000e-06    2.00000000e-03
178      9.24077160e-06    5.80288636e-02    1.16057727e-01    1.00000000e-03    1.00000000e-03    2.00000000e-03    1.00000000e-06    2.00000000e-03
179      9.68344181e-06    6.08053277e-02    1.21610655e-01    1.00000000e-03    1.00000000e-03    2.00000000e-03    1.00000000e-06    2.00000000e-03
180      1.01261120e-05    6.35813214e-02    1.27162643e-01    1.00000000e-03    1.00000000e-03    2.00000000e-03    1.00000000e-06    2.00000000e-03
181      1.05687822e-05    6.63568232e-02    1.32713646e-01    1.00000000e-03    1.00000000e-03    2.00000000e-03    1.00000000e-06    2.00000000e-03
182      1.10114525e-05    6.91318117e-02    1.38263623e-01    1.00000000e-03    1.00000000e-03    2.00000000e-03    1.00000000e-06    2.00000000e-03
183      1.14541227e-05    7.19062654e-02    1.43812531e-01    1.00000000e-03    1.00000000e-03    2.00000000e-03    1.00000000e-06    2.00000000e-03
184      1.18967929e-05    7.46801628e-02    1.49360326e-01    1.00000000e-03    1.00000000e-03    2.00000000e-03    1.00000000e-06    2.00000000e-03
185      1.23394631e-05    7.74534825e-02    1.54906965e-01    1.00000000e-03    1.00000000e-03    2.00000000e-03    1.00000000e-06    2.00000000e-03
186      1.27821333e-05    8.02262029e-02    1.60452406e-01    1.00000000e-03    1.00000000e-03    2.00000000e-03    1.00000000e-06    2.00000000e-03
187      1.32248036e-05    8.29983028e-02    1.65996606e-01    1.00000000e-03    1.00000000e-03    2.00000000e-03    1.00000000e-06    2.00000000e-03
188      1.36674738e-05    8.57697606e-02    1.71539521e-01    1.00000000e-03    1.00000000e-03    2.00000000e-03    1.00000000e-06    2.00000000e-03
189      1.41101440e-05    8.85405548e-02    1.77081110e-01    1.00000000e-03    1.00000000e-03    2.00000000e-03    1.00000000e-06    2.00000000e-03
190      1.45528142e-05    9.13106641e-02    1.82621328e-01    1.00000000e-03    1.00000000e-03    2.00000000e-03    1.00000000e-06    2.00000000e-03
191      1.49954844e-05    9.40800670e-02    1.88160134e-01    1.00000000e-03    1.00000000e-03    2.00000000e-03    1.00000000e-06    2.00000000e-03
192      1.54381546e-05    9.68487421e-02    1.93697484e-01    1.00000000e-03    1.00000000e-03    2.00000000e-03    1.00000000e-06    2.00000000e-03
193      1.58808249e-05    9.96166680e-02    1.99233336e-01    1.00000000e-03    1.00000000e-03    2.00000000e-03    1.00000000e-06    2.00000000e-03
194      1.63234951e-05    1.02383823e-01    2.04767646e-01    1.00000000e-03    1.00000000e-03    2.00000000e-03    1.00000000e-06    2.00000000e-03
195      1.67661653e-05    1.05150186e-01    2.10300373e-01    1.00000000e-03    1.00000000e-03    2.00000000e-03    1.00000000e-06    2.00000000e-03
196      1.72088355e-05    1.07915736e-01    2.15831472e-01    1.00000000e-03    1.00000000e-03    2.00000000e-03    1.00000000e-06    2.00000000e-03
197      1.80941760e-05    1.13444310e-01    2.26888619e-01    1.00000000e-03    1.00000000e-03    2.00000000e-03    1.00000000e-06    2.00000000e-03
198      1.89795164e-05    1.18969373e-01    2.37938746e-01    1.00000000e-03    1.00000000e-03    2.00000000e-03    1.00000000e-06    2.00000000e-03
199      1.98648568e-05    1.24490755e-01    2.48981509e-01    1.00000000e-03    1.00000000e-03    2.00000000e-03    1.00000000e-06    2.00000000e-03
200      2.07501973e-05    1.30008284e-01    2.60016568e-01    1.00000000e-03    1.00000000e-03    2.00000000e-03    1.00000000e-06    2.00000000e-03
201      2.16355377e-05    1.35521790e-01    2.71043581e-01    1.00000000e-03    1.00000000e-03    2.00000000e-03    1.00000000e-06    2.00000000e-03
202      2.25208781e-05    1.41031103e-01    2.82062206e-01    1.00000000e-03    1.00000000e-03    2.00000000e-03    1.00000000e-06    2.00000000e-03
203      2.34062186e-05    1.46536052e-01    2.93072104e-01    1.00000000e-03    1.00000000e-03    2.00000000e-03    1.00000000e-06    2.00000000e-03
204      2.42915590e-05    1.52036466e-01    3.04072932e-01    1.00000000e-03    1.00000000e-03    2.00000000e-03    1.00000000e-06    2.00000000e-03
205      2.51768994e-05    1.57532176e-01    3.15064352e-01    1.00000000e-03    1.00000000e-03    2.00000000e-03    1.00000000e-06    2.00000000e-03
206      2.60622399e-05    1.63023011e-01    3.26046022e-01    1.00000000e-03    1.00000000e-03    2.00000000e-03    1.00000000e-06    2.00000000e-03
207      2.69475803e-05    1.68508801e-01    3.37017602e-01    1.00000000e-03    1.00000000e-03    2.00000000e-03    1.00000000e-06    2.00000000e-03
208      2.78329207e-05    1.73989377e-01    3.47978754e-01    1.00000000e-03    1.00000000e-03    2.00000000e-03    1.00000000e-06    2.00000000e-03
209      2.87182612e-05    1.79464569e-01    3.58929138e-01    1.00000000e-03    1.00000000e-03    2.00000000e-03    1.00000000e-06    2.00000000e-03
210      2.96036016e-05    1.84934208e-01    3.69868415e-01    1.00000000e-03    1.00000000e-03    2.00000000e-03    1.00000000e-06    2.00000000e-03
211      3.04889421e-05    1.90398124e-01    3.80796247e-01    1.00000000e-03    1.00000000e-03    2.00000000e-03    1.00000000e-06    2.00000000e-03
212      3.13742825e-05    1.95856148e-01    3.91712296e-01    1.00000000e-03    1.00000000e-03    2.00000000e-03    1.00000000e-06    2.00000000e-03
213      3.22596229e-05    2.01308111e-01    4.02616223e-01    1.00000000e-03    1.00000000e-03    2.00000000e-03    1.00000000e-06    2.00000000e-03
214      3.31449634e-05    2.06753846e-01    4.13507691e-01    1.00000000e-03    1.00000000e-03    2.00000000e-03    1.00000000e-06    2.00000000e-03
215      3.40303038e-05    2.12193182e-01    4.24386364e-01    1.00000000e-03    1.00000000e-03    2.00000000e-03    1.00000000e-06    2.00000000e-03
216      3.58009847e-05    2.23051989e-01    4.46103977e-01    1.00000000e-03    1.00000000e-03    2.00000000e-03    1.00000000e-06    2.00000000e-03
217      3.75716655e-05    2.33883187e-01    4.67766373e-01    1.00000000e-03    1.00000000e-03    2.00000000e-03    1.00000000e-06    2.00000000e-03
218      3.93423464e-05    2.44685435e-01    4.89370871e-01    1.00000000e-03    1.00000000e-03    2.00000000e-03    1.00000000e-06    2.00000000e-03
219      4.11130273e-05    2.55457398e-01    5.10914796e-01    1.00000000e-03    1.00000000e-03    2.00000000e-03    1.00000000e-06    2.00000000e-03
220      4.28837082e-05    2.66197741e-01    5.32395483e-01    1.00000000e-03    1.00000000e-03    2.00000000e-03    1.00000000e-06    2.00000000e-03
221      4.46543890e-05    2.76905136e-01    5.53810272e-01    1.00000000e-03    1.00000000e-03    2.00000000e-03    1.00000000e-06    2.00000000e-03
222      4.64250699e-05    2.87578256e-01    5.75156512e-01    1.00000000e-03    1.00000000e-03    2.00000000e-03    1.00000000e-06    2.00000000e-03
223      4.81957508e-05    2.98215781e-01    5.96431562e-01    1.00000000e-03    1.00000000e-03    2.00000000e-03    1.00000000e-06    2.00000000e-03
224      4.99664316e-05    3.08816394e-01    6.17632789e-01    1.00000000e-03    1.00000000e-03    2.00000000e-03    1.00000000e-06    2.00000000e-03
225      5.17371125e-05    3.19378783e-01    6.38757567e-01    1.00000000e-03    1.00000000e-03    2.00000000e-03    1.00000000e-06    2.00000000e-03
226      5.35077934e-05    3.29901641e-01    6.59803282e-01    1.00000000e-03    1.00000000e-03    2.00000000e-03    1.00000000e-06    2.00000000e-03
227      5.52784743e-05    3.40383665e-01    6.80767330e-01    1.00000000e-03    1.00000000e-03    2.00000000e-03    1.00000000e-06    2.00000000e-03
228      5.70491551e-05    3.50823558e-01    7.01647115e-01    1.00000000e-03    1.00000000e-03    2.00000000e-03    1.00000000e-06    2.00000000e-03
229      5.88198360e-05    3.61220027e-01    7.22440054e-01    1.00000000e-03    1.00000000e-03    2.00000000e-03    1.00000000e-06    2.00000000e-03
230      6.05905169e-05    3.71571786e-01    7.43143571e-01    1.00000000e-03    1.00000000e-03    2.00000000e-03    1.00000000e-06    2.00000000e-03
231      6.23611977e-05    3.81877553e-01    7.63755106e-01    1.00000000e-03    1.00000000e-03    2.00000000e-03    1.00000000e-06    2.00000000e-03
232      6.41318786e-05    3.92136053e-01    7.84272106e-01    1.00000000e-03    1.00000000e-03    2.00000000e-03    1.00000000e-06    2.00000000e-03
233      6.59025595e-05    4.02346016e-01    8.04692032e-01    1.00000000e-03    1.00000000e-03    2.00000000e-03    1.00000000e-06    2.00000000e-03
234      6.76732404e-05    4.12506178e-01    8.25012357e-01    1.00000000e-03    1.00000000e-03    2.00000000e-03    1.00000000e-06    2.00000000e-03
235      7.12146021e-05    4.32672077e-01    8.65344154e-01    1.00000000e-03    1.00000000e-03    2.00000000e-03    1.00000000e-06    2.00000000e-03
236      7.47559638e-05    4.52623765e-01    9.05247529e-01    1.00000000e-03    1.00000000e-03    2.00000000e-03    1.00000000e-06    2.00000000e-03
237      7.82973256e-05    4.72351364e-01    9.44702727e-01    1.00000000e-03    1.00000000e-03    2.00000000e-03    1.00000000e-06    2.00000000e-03
238      8.18386873e-05    4.91845107e-01    9.83690215e-01    1.00000000e-03    1.00000000e-03    2.00000000e-03    1.00000000e-06    2.00000000e-03
239      8.53800491e-05    5.11095345e-01    1.02219069e+00    1.00000000e-03    1.00000000e-03    2.00000000e-03    1.00000000e-06    2.00000000e-03
240      8.89214108e-05    5.30092544e-01    1.06018509e+00    1.00000000e-03    1.00000000e-03    2.00000000e-03    1.00000000e-06    2.00000000e-03
241      9.24627726e-05    5.48827302e-01    1.09765460e+00    1.00000000e-03    1.00000000e-03    2.00000000e-03    1.00000000e-06    2.00000000e-03
242      9.60041343e-05    5.67290342e-01    1.13458068e+00    1.00000000e-03    1.00000000e-03    2.00000000e-03    1.00000000e-06    2.00000000e-03
243      9.95454960e-05    5.85472523e-01    1.17094505e+00    1.00000000e-03    1.00000000e-03    2.00000000e-03    1.00000000e-06    2.00000000e-03
244      1.03086858e-04    6.03364843e-01    1.20672969e+00    1.00000000e-03    1.00000000e-03    2.00000000e-03    1.00000000e-06    2.00000000e-03
245      1.06628220e-04    6.20958445e-01    1.24191689e+00    1.00000000e-03    1.00000000e-03    2.00000000e-03    1.00000000e-06    2.00000000e-03
246      1.10169581e-04    6.38244618e-01    1.27648924e+00    1.00000000e-03    1.00000000e-03    2.00000000e-03    1.00000000e-06    2.00000000e-03
247      1.13710943e-04    6.55214803e-01    1.31042961e+00    1.00000000e-03    1.00000000e-03    2.00000000e-03    1.00000000e-06    2.00000000e-03
248      1.17252305e-04    6.71860600e-01    1.34372120e+00    1.00000000e-03    1.00000000e-03    2.00000000e-03    1.00000000e-06    2.00000000e-03
249      1.20793667e-04    6.88173766e-01    1.37634753e+00    1.00000000e-03    1.00000000e-03    2.00000000e-03    1.00000000e-06    2.00000000e-03
250      1.27876390e-04    7.19770072e-01    1.43954014e+00    1.00000000e-03    1.00000000e-03    2.00000000e-03    1.00000000e-06    2.00000000e-03
251      1.34959113e-04    7.49941155e-01    1.49988231e+00    1.00000000e-03    1.00000000e-03    2.00000000e-03    1.00000000e-06    2.00000000e-03
252      1.42041837e-04    7.78627276e-01    1.55725455e+00    1.00000000e-03    1.00000000e-03    2.00000000e-03    1.00000000e-06    2.00000000e-03
253      1.49124560e-04    8.05771630e-01    1.61154326e+00    1.00000000e-03    1.00000000e-03    2.00000000e-03    1.00000000e-06    2.00000000e-03
254      1.56207284e-04    8.31320471e-01    1.66264094e+00    1.00000000e-03    1.00000000e-03    2.00000000e-03    1.00000000e-06    2.00000000e-03
255      1.63290007e-04    8.55223209e-01    1.71044642e+00    1.00000000e-03    1.00000000e-03    2.00000000e-03    1.00000000e-06    2.00000000e-03
256      1.70372731e-04    8.77432513e-01    1.75486503e+00    1.00000000e-03    1.00000000e-03    2.00000000e-03    1.00000000e-06    2.00000000e-03
257      1.77455454e-04    8.97904407e-01    1.79580881e+00    1.00000000e-03    1.00000000e-03    2.00000000e-03    1.00000000e-06    2.00000000e-03
258      1.84538178e-04    9.16598354e-01    1.83319671e+00    1.00000000e-03    1.00000000e-03    2.00000000e-03    1.00000000e-06    2.00000000e-03
259      1.91620901e-04    9.33477339e-01    1.86695468e+00    1.00000000e-03    1.00000000e-03    2.00000000e-03    1.00000000e-06    2.00000000e-03
260      2.05786348e-04    9.61660391e-01    1.92332078e+00    1.00000000e-03    1.00000000e-03    2.00000000e-03    1.00000000e-06    2.00000000e-03
261      2.19951795e-04    9.82230452e-01    1.96446090e+00    1.00000000e-03    1.00000000e-03    2.00000000e-03    1.00000000e-06    2.00000000e-03
262      2.34117242e-04    9.95024679e-01    1.99004936e+00    1.00000000e-03    1.00000000e-03    2.00000000e-03    1.00000000e-06    2.00000000e-03
263      2.62448136e-04    9.96942848e-01    1.99388570e+00    1.00000000e-03    1.00000000e-03    2.00000000e-03    1.00000000e-06    2.00000000e-03
264      2.90779030e-04    9.67354278e-01    1.93470856e+00    1.00000000e-03    1.00000000e-03    2.00000000e-03    1.00000000e-06    2.00000000e-03
265      3.19109924e-04    9.07194066e-01    1.81438813e+00    1.00000000e-03    1.00000000e-03    2.00000000e-03    1.00000000e-06    2.00000000e-03
266      3.47440818e-04    8.18363477e-01    1.63672695e+00    1.00000000e-03    1.00000000e-03    2.00000000e-03    1.00000000e-06    2.00000000e-03
267      3.72938623e-04    7.16205674e-01    1.43241135e+00    1.00000000e-03    1.00000000e-03    2.00000000e-03    1.00000000e-06    2.00000000e-03
268      3.95886647e-04    6.08495639e-01    1.21699128e+00    1.00000000e-03    1.00000000e-03    2.00000000e-03    1.00000000e-06    2.00000000e-03
269      4.18834671e-04    4.88157002e-01    9.76314005e-01    1.00000000e-03    1.00000000e-03    2.00000000e-03    1.00000000e-06    2.00000000e-03
270      4.41782695e-04    3.57687249e-01    7.15374498e-01    1.00000000e-03    1.00000000e-03    2.00000000e-03    1.00000000e-06    2.00000000e-03
271      4.64730719e-04    2.19794123e-01    4.39588247e-01    1.00000000e-03    1.00000000e-03    2.00000000e-03    1.00000000e-06    2.00000000e-03
272      4.87678743e-04    7.73394325e-02    1.54678865e-01    1.00000000e-03    1.00000000e-03    2.00000000e-03    1.00000000e-06    2.00000000e-03
273      4.90547246e-04    5.93584913e-02    1.18716983e-01    1.00000000e-03    1.00000000e-03    2.00000000e-03    1.00000000e-06    2.00000000e-03
274      4.96284252e-04    2.33446115e-02    4.66892229e-02    1.00000000e-03    1.00000000e-03    2.00000000e-03    1.00000000e-06    2.00000000e-03
275      4.97001378e-04    1.88397837e-02    3.76795674e-02    1.00000000e-03    1.00000000e-03    2.00000000e-03    1.00000000e-06    2.00000000e-03
276      4.98435629e-04    9.82907209e-03    1.96581442e-02    1.00000000e-03    1.00000000e-03    2.00000000e-03    1.00000000e-06    2.00000000e-03
277      4.98794192e-04    7.57624089e-03    1.51524818e-02    1.00000000e-03    1.00000000e-03    2.00000000e-03    1.00000000e-06    2.00000000e-03
278      4.99511318e-04    3.07047455e-03    6.14094910e-03    1.00000000e-03    1.00000000e-03    2.00000000e-03    1.00000000e-06    2.00000000e-03
279      4.99690599e-04    1.94401965e-03    3.88803930e-03    1.00000000e-03    1.00000000e-03    2.00000000e-03    1.00000000e-06    2.00000000e-03
280      5.00049162e-04   -3.08896119e-04   -6.17792238e-04    1.00000000e-03    1.00000000e-03    2.00000000e-03    1.00000000e-06    2.00000000e-03
281      5.00766288e-04   -4.81471152e-03   -9.62942303e-03    1.00000000e-03    1.00000000e-03    2.00000000e-03    1.00000000e-06    2.00000000e-03
282      5.02200540e-04   -1.38259576e-02   -2.76519152e-02    1.00000000e-03    1.00000000e-03    2.00000000e-03    1.00000000e-06    2.00000000e-03
283      5.05069043e-04   -3.18443496e-02   -6.36886992e-02    1.00000000e-03    1.00000000e-03    2.00000000e-03    1.00000000e-06    2.00000000e-03
284      5.10806049e-04   -6.78442519e-02   -1.35688504e-01    1.00000000e-03    1.00000000e-03    2.00000000e-03    1.00000000e-06    2.00000000e-03
285      5.22280061e-04   -1.39532965e-01   -2.79065930e-01    1.00000000e-03    1.00000000e-03    2.00000000e-03    1.00000000e-06    2.00000000e-03
286      5.33754073e-04   -2.10496776e-01   -4.20993553e-01    1.00000000e-03    1.00000000e-03    2.00000000e-03    1.00000000e-06    2.00000000e-03
287      5.45228085e-04   -2.80367015e-01   -5.60734030e-01    1.00000000e-03    1.00000000e-03    2.00000000e-03    1.00000000e-06    2.00000000e-03
288      5.56702097e-04   -3.48780691e-01   -6.97561382e-01    1.00000000e-03    1.00000000e-03    2.00000000e-03    1.00000000e-06    2.00000000e-03
289      5.68176109e-04   -4.15382382e-01   -8.30764764e-01    1.00000000e-03    1.00000000e-03    2.00000000e-03    1.00000000e-06    2.00000000e-03
290      5.79650121e-04   -4.79826078e-01   -9.59652157e-01    1.00000000e-03    1.00000000e-03    2.00000000e-03    1.00000000e-06    2.00000000e-03
291      5.91124133e-04   -5.41776983e-01   -1.08355397e+00    1.00000000e-03    1.00000000e-03    2.00000000e-03    1.00000000e-06    2.00000000e-03
292      6.02598145e-04   -6.00913247e-01   -1.20182649e+00    1.00000000e-03    1.00000000e-03    2.00000000e-03    1.00000000e-06    2.00000000e-03
293      6.14072157e-04   -6.56927648e-01   -1.31385530e+00    1.00000000e-03    1.00000000e-03    2.00000000e-03    1.00000000e-06    2.00000000e-03
294      6.25546169e-04   -7.09529178e-01   -1.41905836e+00    1.00000000e-03    1.00000000e-03    2.00000000e-03    1.00000000e-06    2.00000000e-03
295      6.37020181e-04   -7.58444563e-01   -1.51688913e+00    1.00000000e-03    1.00000000e-03    2.00000000e-03    1.00000000e-06    2.00000000e-03
296      6.48494193e-04   -8.03419677e-01   -1.60683935e+00    1.00000000e-03    1.00000000e-03    2.00000000e-03    1.00000000e-06    2.00000000e-03
297      6.59968205e-04   -8.44220865e-01   -1.68844173e+00    1.00000000e-03    1.00000000e-03    2.00000000e-03    1.00000000e-06    2.00000000e-03
298      6.71442217e-04   -8.80636158e-01   -1.76127232e+00    1.00000000e-03    1.00000000e-03    2.00000000e-03    1.00000000e-06    2.00000000e-03
299      6.82916229e-04   -9.12476370e-01   -1.82495274e+00    1.00000000e-03    1.00000000e-03    2.00000000e-03    1.00000000e-06    2.00000000e-03
300      6.94390241e-04   -9.39576085e-01   -1.87915217e+00    1.00000000e-03    1.00000000e-03    2.00000000e-03    1.00000000e-06    2.00000000e-03
301      7.17338266e-04   -9.79016231e-01   -1.95803246e+00    1.00000000e-03    1.00000000e-03    2.00000000e-03    1.00000000e-06    2.00000000e-03
302      7.63234314e-04   -9.96544727e-01   -1.99308945e+00    1.00000000e-03    1.00000000e-03    2.00000000e-03    1.00000000e-06    2.00000000e-03
303      7.71108432e-04   -9.91217766e-01   -1.98243553e+00    1.00000000e-03    1.00000000e-03    2.00000000e-03    1.00000000e-06    2.00000000e-03
304      7.86856670e-04   -9.73305598e-01   -1.94661120e+00    1.00000000e-03    1.00000000e-03    2.00000000e-03    1.00000000e-06    2.00000000e-03
305      8.02604908e-04   -9.45871642e-01   -1.89174328e+00    1.00000000e-03    1.00000000e-03    2.00000000e-03    1.00000000e-06    2.00000000e-03
306      8.18353145e-04   -9.09184283e-01   -1.81836857e+00    1.00000000e-03    1.00000000e-03    2.00000000e-03    1.00000000e-06    2.00000000e-03
307      8.34101383e-04   -8.63602430e-01   -1.72720486e+00    1.00000000e-03    1.00000000e-03    2.00000000e-03    1.00000000e-06    2.00000000e-03
308      8.49849620e-04   -8.09572010e-01   -1.61914402e+00    1.00000000e-03    1.00000000e-03    2.00000000e-03    1.00000000e-06    2.00000000e-03
309      8.64023034e-04   -7.54156346e-01   -1.50831269e+00    1.00000000e-03    1.00000000e-03    2.00000000e-03    1.00000000e-06    2.00000000e-03
310      8.76779107e-04   -6.99158404e-01   -1.39831681e+00    1.00000000e-03    1.00000000e-03    2.00000000e-03    1.00000000e-06    2.00000000e-03
311      8.88259572e-04   -6.45811605e-01   -1.29162321e+00    1.00000000e-03    1.00000000e-03    2.00000000e-03    1.00000000e-06    2.00000000e-03
312      8.98591991e-04   -5.94919356e-01   -1.18983871e+00    1.00000000e-03    1.00000000e-03    2.00000000e-03    1.00000000e-06    2.00000000e-03
313      9.07891167e-04   -5.46966934e-01   -1.09393387e+00    1.00000000e-03    1.00000000e-03    2.00000000e-03    1.00000000e-06    2.00000000e-03
314      9.16260426e-04   -5.02208884e-01   -1.00441777e+00    1.00000000e-03    1.00000000e-03    2.00000000e-03    1.00000000e-06    2.00000000e-03
315      9.23792760e-04   -4.60735939e-01   -9.21471879e-01    1.00000000e-03    1.00000000e-03    2.00000000e-03    1.00000000e-06    2.00000000e-03
316      9.30571860e-04   -4.22525416e-01   -8.45050833e-01    1.00000000e-03    1.00000000e-03    2.00000000e-03    1.00000000e-06    2.00000000e-03
317      9.36673049e-04   -3.87478615e-01   -7.74957231e-01    1.00000000e-03    1.00000000e-03    2.00000000e-03    1.00000000e-06    2.00000000e-03
318      9.42164120e-04   -3.55448211e-01   -7.10896421e-01    1.00000000e-03    1.00000000e-03    2.00000000e-03    1.00000000e-06    2.00000000e-03
319      9.47106084e-04   -3.26258028e-01   -6.52516057e-01    1.00000000e-03    1.00000000e-03    2.00000000e-03    1.00000000e-06    2.00000000e-03
320      9.51553852e-04   -2.99717119e-01   -5.99434237e-01    1.00000000e-03    1.00000000e-03    2.00000000e-03    1.00000000e-06    2.00000000e-03
321      9.55556842e-04   -2.75629584e-01   -5.51259168e-01    1.00000000e-03    1.00000000e-03    2.00000000e-03    1.00000000e-06    2.00000000e-03
322      9.59159534e-04   -2.53801293e-01   -5.07602587e-01    1.00000000e-03    1.00000000e-03    2.00000000e-03    1.00000000e-06    2.00000000e-03
323      9.62401956e-04   -2.34044325e-01   -4.68088649e-01    1.00000000e-03    1.00000000e-03    2.00000000e-03    1.00000000e-06    2.00000000e-03
324      9.65320137e-04   -2.16179766e-01   -4.32359533e-01    1.00000000e-03    1.00000000e-03    2.00000000e-03    1.00000000e-06    2.00000000e-03
325      9.67946499e-04   -2.00039355e-01   -4.00078710e-01    1.00000000e-03    1.00000000e-03    2.00000000e-03    1.00000000e-06    2.00000000e-03
326      9.70572861e-04   -1.83844471e-01   -3.67688943e-01    1.00000000e-03    1.00000000e-03    2.00000000e-03    1.00000000e-06    2.00000000e-03
327      9.72936587e-04   -1.69226147e-01   -3.38452294e-01    1.00000000e-03    1.00000000e-03    2.00000000e-03    1.00000000e-06    2.00000000e-03
328      9.75063940e-04   -1.56037649e-01   -3.12075299e-01    1.00000000e-03    1.00000000e-03    2.00000000e-03    1.00000000e-06    2.00000000e-03
329      9.76978558e-04   -1.44144098e-01   -2.88288197e-01    1.00000000e-03    1.00000000e-03    2.00000000e-03    1.00000000e-06    2.00000000e-03
330      9.78701715e-04   -1.33422018e-01   -2.66844036e-01    1.00000000e-03    1.00000000e-03    2.00000000e-03    1.00000000e-06    2.00000000e-03
331      9.80424871e-04   -1.22684298e-01   -2.45368595e-01    1.00000000e-03    1.00000000e-03    2.00000000e-03    1.00000000e-06    2.00000000e-03
332      9.81975712e-04   -1.13008018e-01   -2.26016035e-01    1.00000000e-03    1.00000000e-03    2.00000000e-03    1.00000000e-06    2.00000000e-03
333      9.83371468e-04   -1.04290165e-01   -2.08580330e-01    1.00000000e-03    1.00000000e-03    2.00000000e-03    1.00000000e-06    2.00000000e-03
334      9.84627649e-04   -9.64372212e-02   -1.92874442e-01    1.00000000e-03    1.00000000e-03    2.00000000e-03    1.00000000e-06    2.00000000e-03
335      9.85883830e-04   -8.85782694e-02   -1.77156539e-01    1.00000000e-03    1.00000000e-03    2.00000000e-03    1.00000000e-06    2.00000000e-03
336      9.87014393e-04   -8.15004809e-02   -1.63000962e-01    1.00000000e-03    1.00000000e-03    2.00000000e-03    1.00000000e-06    2.00000000e-03
337      9.88031899e-04   -7.51269449e-02   -1.50253890e-01    1.00000000e-03    1.00000000e-03    2.00000000e-03    1.00000000e-06    2.00000000e-03
338      9.88947655e-04   -6.93881296e-02   -1.38776259e-01    1.00000000e-03    1.00000000e-03    2.00000000e-03    1.00000000e-06    2.00000000e-03
339      9.89863411e-04   -6.36470172e-02   -1.27294034e-01    1.00000000e-03    1.00000000e-03    2.00000000e-03    1.00000000e-06    2.00000000e-03
340      9.90687591e-04   -5.84782089e-02   -1.16956418e-01    1.00000000e-03    1.00000000e-03    2.00000000e-03    1.00000000e-06    2.00000000e-03
341      9.91429353e-04   -5.38249367e-02   -1.07649873e-01    1.00000000e-03    1.00000000e-03    2.00000000e-03    1.00000000e-06    2.00000000e-03
342      9.92096940e-04   -4.96359892e-02   -9.92719785e-02    1.00000000e-03    1.00000000e-03    2.00000000e-03    1.00000000e-06    2.00000000e-03
343      9.92764526e-04   -4.54461684e-02   -9.08923369e-02    1.00000000e-03    1.00000000e-03    2.00000000e-03    1.00000000e-06    2.00000000e-03
344      9.93365353e-04   -4.16746440e-02   -8.33492880e-02    1.00000000e-03    1.00000000e-03    2.00000000e-03    1.00000000e-06    2.00000000e-03
345      9.93906098e-04   -3.82797626e-02   -7.65595252e-02    1.00000000e-03    1.00000000e-03    2.00000000e-03    1.00000000e-06    2.00000000e-03
346      9.94446842e-04   -3.48844394e-02   -6.97688787e-02    1.00000000e-03    1.00000000e-03    2.00000000e-03    1.00000000e-06    2.00000000e-03
347      9.94933513e-04   -3.18283030e-02   -6.36566061e-02    1.00000000e-03    1.00000000e-03    2.00000000e-03    1.00000000e-06    2.00000000e-03
348      9.95371516e-04   -2.90775251e-02   -5.81550501e-02    1.00000000e-03    1.00000000e-03    2.00000000e-03    1.00000000e-06    2.00000000e-03
349      9.95809519e-04   -2.63265269e-02   -5.26530537e-02    1.00000000e-03    1.00000000e-03    2.00000000e-03    1.00000000e-06    2.00000000e-03
350      9.96203722e-04   -2.38504574e-02   -4.77009148e-02    1.00000000e-03    1.00000000e-03    2.00000000e-03    1.00000000e-06    2.00000000e-03
351      9.96558504e-04   -2.16218694e-02   -4.32437387e-02    1.00000000e-03    1.00000000e-03    2.00000000e-03    1.00000000e-06    2.00000000e-03
352      9.96913287e-04   -1.93931739e-02   -3.87863477e-02    1.00000000e-03    1.00000000e-03    2.00000000e-03    1.00000000e-06    2.00000000e-03
353      9.97268070e-04   -1.71643820e-02   -3.43287640e-02    1.00000000e-03    1.00000000e-03    2.00000000e-03    1.00000000e-06    2.00000000e-03
354      9.97587374e-04   -1.51583961e-02   -3.03167922e-02    1.00000000e-03    1.00000000e-03    2.00000000e-03    1.00000000e-06    2.00000000e-03
355      9.97874748e-04   -1.33529564e-02   -2.67059128e-02    1.00000000e-03    1.00000000e-03    2.00000000e-03    1.00000000e-06    2.00000000e-03
356      9.98162122e-04   -1.15474731e-02   -2.30949463e-02    1.00000000e-03    1.00000000e-03    2.00000000e-03    1.00000000e-06    2.00000000e-03
357      9.98449496e-04   -9.74195223e-03   -1.94839045e-02    1.00000000e-03    1.00000000e-03    2.00000000e-03    1.00000000e-06    2.00000000e-03
358      9.98708132e-04   -8.11695610e-03   -1.62339122e-02    1.00000000e-03    1.00000000e-03    2.00000000e-03    1.00000000e-06    2.00000000e-03
359      9.98966769e-04   -6.49193853e-03   -1.29838771e-02    1.00000000e-03    1.00000000e-03    2.00000000e-03    1.00000000e-06    2.00000000e-03
360      9.99001847e-04   -6.27153972e-03   -1.25430794e-02    1.00000000e-03    1.00000000e-03    2.00000000e-03    1.00000000e-06    2.00000000e-03
361      9.99036925e-04   -6.05114060e-03   -1.21022812e-02    1.00000000e-03    1.00000000e-03    2.00000000e-03    1.00000000e-06    2.00000000e-03
362      9.99107082e-04   -5.61034150e-03   -1.12206830e-02    1.00000000e-03    1.00000000e-03    2.00000000e-03    1.00000000e-06    2.00000000e-03
363      9.99177238e-04   -5.16954130e-03   -1.03390826e-02    1.00000000e-03    1.00000000e-03    2.00000000e-03    1.00000000e-06    2.00000000e-03
364      9.99247395e-04   -4.72874010e-03   -9.45748021e-03    1.00000000e-03    1.00000000e-03    2.00000000e-03    1.00000000e-06    2.00000000e-03
365      9.99317551e-04   -4.28793799e-03   -8.57587597e-03    1.00000000e-03    1.00000000e-03    2.00000000e-03    1.00000000e-06    2.00000000e-03
366      9.99387708e-04   -3.84713503e-03   -7.69427007e-03    1.00000000e-03    1.00000000e-03    2.00000000e-03    1.00000000e-06    2.00000000e-03
367      9.99450849e-04   -3.45041174e-03   -6.90082347e-03    1.00000000e-03    1.00000000e-03    2.00000000e-03    1.00000000e-06    2.00000000e-03
368      9.99513990e-04   -3.05368789e-03   -6.10737579e-03    1.00000000e-03    1.00000000e-03    2.00000000e-03    1.00000000e-06    2.00000000e-03
369      9.99577131e-04   -2.65696357e-03   -5.31392715e-03    1.00000000e-03    1.00000000e-03    2.00000000e-03    1.00000000e-06    2.00000000e-03
370      9.99703412e-04   -1.86351374e-03   -3.72702748e-03    1.00000000e-03    1.00000000e-03    2.00000000e-03    1.00000000e-06    2.00000000e-03
371      9.99829694e-04   -1.07006273e-03   -2.14012546e-03    1.00000000e-03    1.00000000e-03    2.00000000e-03    1.00000000e-06    2.00000000e-03
372      1.00000000e-03   -2.44929360e-16   -4.90012901e-16    1.00000000e-03    1.00000000e-03    2.00000000e-03    1.00000000e-06    2.00000000e-03
End of Xyce(TM) Simulation
