Index     V(DRAIN)           V(GATE)        {-I(VDRAIN)}   
0        -0.10000    0.00000000e+00    -4.499e-10 
1      -9.9000e-02   0.00000000e+00    -4.342e-10 
2      -9.8000e-02   0.00000000e+00    -4.190e-10 
3      -9.7000e-02   0.00000000e+00    -4.043e-10 
4      -9.6000e-02   0.00000000e+00    -3.901e-10 
5      -9.5000e-02   0.00000000e+00    -3.764e-10 
6      -9.4000e-02   0.00000000e+00    -3.632e-10 
7      -9.3000e-02   0.00000000e+00    -3.505e-10 
8      -9.2000e-02   0.00000000e+00    -3.382e-10 
9      -9.1000e-02   0.00000000e+00    -3.263e-10 
10     -9.0000e-02   0.00000000e+00    -3.149e-10 
11     -8.9000e-02   0.00000000e+00    -3.038e-10 
12     -8.8000e-02   0.00000000e+00    -2.931e-10 
13     -8.7000e-02   0.00000000e+00    -2.828e-10 
14     -8.6000e-02   0.00000000e+00    -2.729e-10 
15     -8.5000e-02   0.00000000e+00    -2.633e-10 
16     -8.4000e-02   0.00000000e+00    -2.540e-10 
17     -8.3000e-02   0.00000000e+00    -2.451e-10 
18     -8.2000e-02   0.00000000e+00    -2.365e-10 
19     -8.1000e-02   0.00000000e+00    -2.281e-10 
20     -8.0000e-02   0.00000000e+00    -2.201e-10 
21     -7.9000e-02   0.00000000e+00    -2.124e-10 
22     -7.8000e-02   0.00000000e+00    -2.049e-10 
23     -7.7000e-02   0.00000000e+00    -1.976e-10 
24     -7.6000e-02   0.00000000e+00    -1.907e-10 
25     -7.5000e-02   0.00000000e+00    -1.840e-10 
26     -7.4000e-02   0.00000000e+00    -1.775e-10 
27     -7.3000e-02   0.00000000e+00    -1.712e-10 
28     -7.2000e-02   0.00000000e+00    -1.651e-10 
29     -7.1000e-02   0.00000000e+00    -1.593e-10 
30     -7.0000e-02   0.00000000e+00    -1.537e-10 
31     -6.9000e-02   0.00000000e+00    -1.483e-10 
32     -6.8000e-02   0.00000000e+00    -1.430e-10 
33     -6.7000e-02   0.00000000e+00    -1.380e-10 
34     -6.6000e-02   0.00000000e+00    -1.331e-10 
35     -6.5000e-02   0.00000000e+00    -1.284e-10 
36     -6.4000e-02   0.00000000e+00    -1.238e-10 
37     -6.3000e-02   0.00000000e+00    -1.194e-10 
38     -6.2000e-02   0.00000000e+00    -1.152e-10 
39     -6.1000e-02   0.00000000e+00    -1.111e-10 
40     -6.0000e-02   0.00000000e+00    -1.071e-10 
41     -5.9000e-02   0.00000000e+00    -1.033e-10 
42     -5.8000e-02   0.00000000e+00    -9.967e-11 
43     -5.7000e-02   0.00000000e+00    -9.613e-11 
44     -5.6000e-02   0.00000000e+00    -9.270e-11 
45     -5.5000e-02   0.00000000e+00    -8.939e-11 
46     -5.4000e-02   0.00000000e+00    -8.621e-11 
47     -5.3000e-02   0.00000000e+00    -8.313e-11 
48     -5.2000e-02   0.00000000e+00    -8.017e-11 
49     -5.1000e-02   0.00000000e+00    -7.730e-11 
50     -5.0000e-02   0.00000000e+00    -7.454e-11 
51     -4.9000e-02   0.00000000e+00    -7.189e-11 
52     -4.8000e-02   0.00000000e+00    -6.931e-11 
53     -4.7000e-02   0.00000000e+00    -6.683e-11 
54     -4.6000e-02   0.00000000e+00    -6.445e-11 
55     -4.5000e-02   0.00000000e+00    -6.215e-11 
56     -4.4000e-02   0.00000000e+00    -5.996e-11 
57     -4.3000e-02   0.00000000e+00    -5.784e-11 
58     -4.2000e-02   0.00000000e+00    -5.581e-11 
59     -4.1000e-02   0.00000000e+00    -5.388e-11 
60     -4.0000e-02   0.00000000e+00    -5.207e-11 
61     -3.9000e-02   0.00000000e+00    -5.043e-11 
62     -3.8000e-02   0.00000000e+00    -4.920e-11 
63     -3.7000e-02   0.00000000e+00    -4.744e-11 
64     -3.6000e-02   0.00000000e+00    -4.477e-11 
65     -3.5000e-02   0.00000000e+00    -4.265e-11 
66     -3.4000e-02   0.00000000e+00    -4.073e-11 
67     -3.3000e-02   0.00000000e+00    -3.892e-11 
68     -3.2000e-02   0.00000000e+00    -3.720e-11 
69     -3.1000e-02   0.00000000e+00    -3.556e-11 
70     -3.0000e-02   0.00000000e+00    -3.399e-11 
71     -2.9000e-02   0.00000000e+00    -3.246e-11 
72     -2.8000e-02   0.00000000e+00    -3.099e-11 
73     -2.7000e-02   0.00000000e+00    -2.958e-11 
74     -2.6000e-02   0.00000000e+00    -2.820e-11 
75     -2.5000e-02   0.00000000e+00    -2.687e-11 
76     -2.4000e-02   0.00000000e+00    -2.557e-11 
77     -2.3000e-02   0.00000000e+00    -2.431e-11 
78     -2.2000e-02   0.00000000e+00    -2.307e-11 
79     -2.1000e-02   0.00000000e+00    -2.187e-11 
80     -2.0000e-02   0.00000000e+00    -2.069e-11 
81     -1.9000e-02   0.00000000e+00    -1.954e-11 
82     -1.8000e-02   0.00000000e+00    -1.841e-11 
83     -1.7000e-02   0.00000000e+00    -1.730e-11 
84     -1.6000e-02   0.00000000e+00    -1.621e-11 
85     -1.5000e-02   0.00000000e+00    -1.513e-11 
86     -1.4000e-02   0.00000000e+00    -1.407e-11 
87     -1.3000e-02   0.00000000e+00    -1.302e-11 
88     -1.2000e-02   0.00000000e+00    -1.199e-11 
89     -1.1000e-02   0.00000000e+00    -1.096e-11 
90     -1.0000e-02   0.00000000e+00    -9.942e-12 
91     -9.0000e-03   0.00000000e+00    -8.928e-12 
92     -8.0000e-03   0.00000000e+00    -7.924e-12 
93     -7.0000e-03   0.00000000e+00    -6.922e-12 
94     -6.0000e-03   0.00000000e+00    -5.926e-12 
95     -5.0000e-03   0.00000000e+00    -4.933e-12 
96     -4.0000e-03   0.00000000e+00    -3.943e-12 
97     -3.0000e-03   0.00000000e+00    -2.955e-12 
98     -2.0000e-03   0.00000000e+00    -1.968e-12 
99     -1.0000e-03   0.00000000e+00    -9.835e-13 
100       0.         0.00000000e+00     3.276e-28 
101     1.0000e-03   0.00000000e+00     9.838e-13 
102     2.0000e-03   0.00000000e+00     1.968e-12 
103     3.0000e-03   0.00000000e+00     2.955e-12 
104     4.0000e-03   0.00000000e+00     3.942e-12 
105     5.0000e-03   0.00000000e+00     4.933e-12 
106     6.0000e-03   0.00000000e+00     5.926e-12 
107     7.0000e-03   0.00000000e+00     6.922e-12 
108     8.0000e-03   0.00000000e+00     7.924e-12 
109     9.0000e-03   0.00000000e+00     8.928e-12 
110     1.0000e-02   0.00000000e+00     9.940e-12 
111     1.1000e-02   0.00000000e+00     1.096e-11 
112     1.2000e-02   0.00000000e+00     1.199e-11 
113     1.3000e-02   0.00000000e+00     1.302e-11 
114     1.4000e-02   0.00000000e+00     1.407e-11 
115     1.5000e-02   0.00000000e+00     1.513e-11 
116     1.6000e-02   0.00000000e+00     1.621e-11 
117     1.7000e-02   0.00000000e+00     1.730e-11 
118     1.8000e-02   0.00000000e+00     1.841e-11 
119     1.9000e-02   0.00000000e+00     1.954e-11 
120     2.0000e-02   0.00000000e+00     2.069e-11 
121     2.1000e-02   0.00000000e+00     2.187e-11 
122     2.2000e-02   0.00000000e+00     2.307e-11 
123     2.3000e-02   0.00000000e+00     2.431e-11 
124     2.4000e-02   0.00000000e+00     2.557e-11 
125     2.5000e-02   0.00000000e+00     2.687e-11 
126     2.6000e-02   0.00000000e+00     2.820e-11 
127     2.7000e-02   0.00000000e+00     2.958e-11 
128     2.8000e-02   0.00000000e+00     3.100e-11 
129     2.9000e-02   0.00000000e+00     3.247e-11 
130     3.0000e-02   0.00000000e+00     3.399e-11 
131     3.1000e-02   0.00000000e+00     3.556e-11 
132     3.2000e-02   0.00000000e+00     3.720e-11 
133     3.3000e-02   0.00000000e+00     3.892e-11 
134     3.4000e-02   0.00000000e+00     4.073e-11 
135     3.5000e-02   0.00000000e+00     4.265e-11 
136     3.6000e-02   0.00000000e+00     4.478e-11 
137     3.7000e-02   0.00000000e+00     4.744e-11 
138     3.8000e-02   0.00000000e+00     4.920e-11 
139     3.9000e-02   0.00000000e+00     5.043e-11 
140     4.0000e-02   0.00000000e+00     5.207e-11 
141     4.1000e-02   0.00000000e+00     5.387e-11 
142     4.2000e-02   0.00000000e+00     5.581e-11 
143     4.3000e-02   0.00000000e+00     5.784e-11 
144     4.4000e-02   0.00000000e+00     5.996e-11 
145     4.5000e-02   0.00000000e+00     6.215e-11 
146     4.6000e-02   0.00000000e+00     6.445e-11 
147     4.7000e-02   0.00000000e+00     6.684e-11 
148     4.8000e-02   0.00000000e+00     6.932e-11 
149     4.9000e-02   0.00000000e+00     7.188e-11 
150     5.0000e-02   0.00000000e+00     7.454e-11 
151     5.1000e-02   0.00000000e+00     7.731e-11 
152     5.2000e-02   0.00000000e+00     8.017e-11 
153     5.3000e-02   0.00000000e+00     8.313e-11 
154     5.4000e-02   0.00000000e+00     8.621e-11 
155     5.5000e-02   0.00000000e+00     8.940e-11 
156     5.6000e-02   0.00000000e+00     9.270e-11 
157     5.7000e-02   0.00000000e+00     9.612e-11 
158     5.8000e-02   0.00000000e+00     9.967e-11 
159     5.9000e-02   0.00000000e+00     1.033e-10 
160     6.0000e-02   0.00000000e+00     1.071e-10 
161     6.1000e-02   0.00000000e+00     1.111e-10 
162     6.2000e-02   0.00000000e+00     1.152e-10 
163     6.3000e-02   0.00000000e+00     1.194e-10 
164     6.4000e-02   0.00000000e+00     1.238e-10 
165     6.5000e-02   0.00000000e+00     1.284e-10 
166     6.6000e-02   0.00000000e+00     1.331e-10 
167     6.7000e-02   0.00000000e+00     1.380e-10 
168     6.8000e-02   0.00000000e+00     1.430e-10 
169     6.9000e-02   0.00000000e+00     1.483e-10 
170     7.0000e-02   0.00000000e+00     1.537e-10 
171     7.1000e-02   0.00000000e+00     1.593e-10 
172     7.2000e-02   0.00000000e+00     1.652e-10 
173     7.3000e-02   0.00000000e+00     1.712e-10 
174     7.4000e-02   0.00000000e+00     1.775e-10 
175     7.5000e-02   0.00000000e+00     1.840e-10 
176     7.6000e-02   0.00000000e+00     1.907e-10 
177     7.7000e-02   0.00000000e+00     1.977e-10 
178     7.8000e-02   0.00000000e+00     2.049e-10 
179     7.9000e-02   0.00000000e+00     2.124e-10 
180     8.0000e-02   0.00000000e+00     2.201e-10 
181     8.1000e-02   0.00000000e+00     2.281e-10 
182     8.2000e-02   0.00000000e+00     2.365e-10 
183     8.3000e-02   0.00000000e+00     2.451e-10 
184     8.4000e-02   0.00000000e+00     2.540e-10 
185     8.5000e-02   0.00000000e+00     2.633e-10 
186     8.6000e-02   0.00000000e+00     2.729e-10 
187     8.7000e-02   0.00000000e+00     2.828e-10 
188     8.8000e-02   0.00000000e+00     2.931e-10 
189     8.9000e-02   0.00000000e+00     3.038e-10 
190     9.0000e-02   0.00000000e+00     3.149e-10 
191     9.1000e-02   0.00000000e+00     3.263e-10 
192     9.2000e-02   0.00000000e+00     3.382e-10 
193     9.3000e-02   0.00000000e+00     3.505e-10 
194     9.4000e-02   0.00000000e+00     3.632e-10 
195     9.5000e-02   0.00000000e+00     3.764e-10 
196     9.6000e-02   0.00000000e+00     3.901e-10 
197     9.7000e-02   0.00000000e+00     4.043e-10 
198     9.8000e-02   0.00000000e+00     4.190e-10 
199     9.9000e-02   0.00000000e+00     4.342e-10 
200       0.10000    0.00000000e+00     4.499e-10 
201      -0.10000   -2.00000000e-01    -3.130e-07 
202    -9.9000e-02  -2.00000000e-01    -3.030e-07 
203    -9.8000e-02  -2.00000000e-01    -2.933e-07 
204    -9.7000e-02  -2.00000000e-01    -2.838e-07 
205    -9.6000e-02  -2.00000000e-01    -2.747e-07 
206    -9.5000e-02  -2.00000000e-01    -2.658e-07 
207    -9.4000e-02  -2.00000000e-01    -2.572e-07 
208    -9.3000e-02  -2.00000000e-01    -2.489e-07 
209    -9.2000e-02  -2.00000000e-01    -2.408e-07 
210    -9.1000e-02  -2.00000000e-01    -2.329e-07 
211    -9.0000e-02  -2.00000000e-01    -2.253e-07 
212    -8.9000e-02  -2.00000000e-01    -2.179e-07 
213    -8.8000e-02  -2.00000000e-01    -2.108e-07 
214    -8.7000e-02  -2.00000000e-01    -2.039e-07 
215    -8.6000e-02  -2.00000000e-01    -1.971e-07 
216    -8.5000e-02  -2.00000000e-01    -1.906e-07 
217    -8.4000e-02  -2.00000000e-01    -1.843e-07 
218    -8.3000e-02  -2.00000000e-01    -1.782e-07 
219    -8.2000e-02  -2.00000000e-01    -1.723e-07 
220    -8.1000e-02  -2.00000000e-01    -1.666e-07 
221    -8.0000e-02  -2.00000000e-01    -1.610e-07 
222    -7.9000e-02  -2.00000000e-01    -1.557e-07 
223    -7.8000e-02  -2.00000000e-01    -1.505e-07 
224    -7.7000e-02  -2.00000000e-01    -1.454e-07 
225    -7.6000e-02  -2.00000000e-01    -1.405e-07 
226    -7.5000e-02  -2.00000000e-01    -1.358e-07 
227    -7.4000e-02  -2.00000000e-01    -1.312e-07 
228    -7.3000e-02  -2.00000000e-01    -1.268e-07 
229    -7.2000e-02  -2.00000000e-01    -1.225e-07 
230    -7.1000e-02  -2.00000000e-01    -1.184e-07 
231    -7.0000e-02  -2.00000000e-01    -1.144e-07 
232    -6.9000e-02  -2.00000000e-01    -1.105e-07 
233    -6.8000e-02  -2.00000000e-01    -1.067e-07 
234    -6.7000e-02  -2.00000000e-01    -1.031e-07 
235    -6.6000e-02  -2.00000000e-01    -9.954e-08 
236    -6.5000e-02  -2.00000000e-01    -9.613e-08 
237    -6.4000e-02  -2.00000000e-01    -9.283e-08 
238    -6.3000e-02  -2.00000000e-01    -8.964e-08 
239    -6.2000e-02  -2.00000000e-01    -8.655e-08 
240    -6.1000e-02  -2.00000000e-01    -8.356e-08 
241    -6.0000e-02  -2.00000000e-01    -8.067e-08 
242    -5.9000e-02  -2.00000000e-01    -7.787e-08 
243    -5.8000e-02  -2.00000000e-01    -7.516e-08 
244    -5.7000e-02  -2.00000000e-01    -7.254e-08 
245    -5.6000e-02  -2.00000000e-01    -7.001e-08 
246    -5.5000e-02  -2.00000000e-01    -6.755e-08 
247    -5.4000e-02  -2.00000000e-01    -6.518e-08 
248    -5.3000e-02  -2.00000000e-01    -6.288e-08 
249    -5.2000e-02  -2.00000000e-01    -6.066e-08 
250    -5.1000e-02  -2.00000000e-01    -5.851e-08 
251    -5.0000e-02  -2.00000000e-01    -5.643e-08 
252    -4.9000e-02  -2.00000000e-01    -5.441e-08 
253    -4.8000e-02  -2.00000000e-01    -5.247e-08 
254    -4.7000e-02  -2.00000000e-01    -5.058e-08 
255    -4.6000e-02  -2.00000000e-01    -4.875e-08 
256    -4.5000e-02  -2.00000000e-01    -4.698e-08 
257    -4.4000e-02  -2.00000000e-01    -4.527e-08 
258    -4.3000e-02  -2.00000000e-01    -4.361e-08 
259    -4.2000e-02  -2.00000000e-01    -4.200e-08 
260    -4.1000e-02  -2.00000000e-01    -4.044e-08 
261    -4.0000e-02  -2.00000000e-01    -3.893e-08 
262    -3.9000e-02  -2.00000000e-01    -3.747e-08 
263    -3.8000e-02  -2.00000000e-01    -3.605e-08 
264    -3.7000e-02  -2.00000000e-01    -3.468e-08 
265    -3.6000e-02  -2.00000000e-01    -3.334e-08 
266    -3.5000e-02  -2.00000000e-01    -3.205e-08 
267    -3.4000e-02  -2.00000000e-01    -3.079e-08 
268    -3.3000e-02  -2.00000000e-01    -2.956e-08 
269    -3.2000e-02  -2.00000000e-01    -2.838e-08 
270    -3.1000e-02  -2.00000000e-01    -2.722e-08 
271    -3.0000e-02  -2.00000000e-01    -2.610e-08 
272    -2.9000e-02  -2.00000000e-01    -2.500e-08 
273    -2.8000e-02  -2.00000000e-01    -2.393e-08 
274    -2.7000e-02  -2.00000000e-01    -2.289e-08 
275    -2.6000e-02  -2.00000000e-01    -2.188e-08 
276    -2.5000e-02  -2.00000000e-01    -2.088e-08 
277    -2.4000e-02  -2.00000000e-01    -1.991e-08 
278    -2.3000e-02  -2.00000000e-01    -1.896e-08 
279    -2.2000e-02  -2.00000000e-01    -1.803e-08 
280    -2.1000e-02  -2.00000000e-01    -1.712e-08 
281    -2.0000e-02  -2.00000000e-01    -1.622e-08 
282    -1.9000e-02  -2.00000000e-01    -1.534e-08 
283    -1.8000e-02  -2.00000000e-01    -1.447e-08 
284    -1.7000e-02  -2.00000000e-01    -1.361e-08 
285    -1.6000e-02  -2.00000000e-01    -1.277e-08 
286    -1.5000e-02  -2.00000000e-01    -1.193e-08 
287    -1.4000e-02  -2.00000000e-01    -1.111e-08 
288    -1.3000e-02  -2.00000000e-01    -1.029e-08 
289    -1.2000e-02  -2.00000000e-01    -9.479e-09 
290    -1.1000e-02  -2.00000000e-01    -8.673e-09 
291    -1.0000e-02  -2.00000000e-01    -7.872e-09 
292    -9.0000e-03  -2.00000000e-01    -7.075e-09 
293    -8.0000e-03  -2.00000000e-01    -6.282e-09 
294    -7.0000e-03  -2.00000000e-01    -5.491e-09 
295    -6.0000e-03  -2.00000000e-01    -4.703e-09 
296    -5.0000e-03  -2.00000000e-01    -3.916e-09 
297    -4.0000e-03  -2.00000000e-01    -3.131e-09 
298    -3.0000e-03  -2.00000000e-01    -2.347e-09 
299    -2.0000e-03  -2.00000000e-01    -1.564e-09 
300    -1.0000e-03  -2.00000000e-01    -7.816e-10 
301       0.        -2.00000000e-01     1.271e-14 
302     1.0000e-03  -2.00000000e-01     7.816e-10 
303     2.0000e-03  -2.00000000e-01     1.564e-09 
304     3.0000e-03  -2.00000000e-01     2.347e-09 
305     4.0000e-03  -2.00000000e-01     3.131e-09 
306     5.0000e-03  -2.00000000e-01     3.916e-09 
307     6.0000e-03  -2.00000000e-01     4.703e-09 
308     7.0000e-03  -2.00000000e-01     5.491e-09 
309     8.0000e-03  -2.00000000e-01     6.282e-09 
310     9.0000e-03  -2.00000000e-01     7.076e-09 
311     1.0000e-02  -2.00000000e-01     7.872e-09 
312     1.1000e-02  -2.00000000e-01     8.673e-09 
313     1.2000e-02  -2.00000000e-01     9.479e-09 
314     1.3000e-02  -2.00000000e-01     1.029e-08 
315     1.4000e-02  -2.00000000e-01     1.111e-08 
316     1.5000e-02  -2.00000000e-01     1.193e-08 
317     1.6000e-02  -2.00000000e-01     1.277e-08 
318     1.7000e-02  -2.00000000e-01     1.361e-08 
319     1.8000e-02  -2.00000000e-01     1.447e-08 
320     1.9000e-02  -2.00000000e-01     1.534e-08 
321     2.0000e-02  -2.00000000e-01     1.622e-08 
322     2.1000e-02  -2.00000000e-01     1.712e-08 
323     2.2000e-02  -2.00000000e-01     1.803e-08 
324     2.3000e-02  -2.00000000e-01     1.896e-08 
325     2.4000e-02  -2.00000000e-01     1.991e-08 
326     2.5000e-02  -2.00000000e-01     2.088e-08 
327     2.6000e-02  -2.00000000e-01     2.188e-08 
328     2.7000e-02  -2.00000000e-01     2.289e-08 
329     2.8000e-02  -2.00000000e-01     2.393e-08 
330     2.9000e-02  -2.00000000e-01     2.500e-08 
331     3.0000e-02  -2.00000000e-01     2.610e-08 
332     3.1000e-02  -2.00000000e-01     2.722e-08 
333     3.2000e-02  -2.00000000e-01     2.838e-08 
334     3.3000e-02  -2.00000000e-01     2.956e-08 
335     3.4000e-02  -2.00000000e-01     3.079e-08 
336     3.5000e-02  -2.00000000e-01     3.205e-08 
337     3.6000e-02  -2.00000000e-01     3.334e-08 
338     3.7000e-02  -2.00000000e-01     3.468e-08 
339     3.8000e-02  -2.00000000e-01     3.605e-08 
340     3.9000e-02  -2.00000000e-01     3.747e-08 
341     4.0000e-02  -2.00000000e-01     3.893e-08 
342     4.1000e-02  -2.00000000e-01     4.044e-08 
343     4.2000e-02  -2.00000000e-01     4.200e-08 
344     4.3000e-02  -2.00000000e-01     4.361e-08 
345     4.4000e-02  -2.00000000e-01     4.527e-08 
346     4.5000e-02  -2.00000000e-01     4.698e-08 
347     4.6000e-02  -2.00000000e-01     4.875e-08 
348     4.7000e-02  -2.00000000e-01     5.058e-08 
349     4.8000e-02  -2.00000000e-01     5.247e-08 
350     4.9000e-02  -2.00000000e-01     5.441e-08 
351     5.0000e-02  -2.00000000e-01     5.643e-08 
352     5.1000e-02  -2.00000000e-01     5.851e-08 
353     5.2000e-02  -2.00000000e-01     6.066e-08 
354     5.3000e-02  -2.00000000e-01     6.288e-08 
355     5.4000e-02  -2.00000000e-01     6.518e-08 
356     5.5000e-02  -2.00000000e-01     6.755e-08 
357     5.6000e-02  -2.00000000e-01     7.001e-08 
358     5.7000e-02  -2.00000000e-01     7.254e-08 
359     5.8000e-02  -2.00000000e-01     7.516e-08 
360     5.9000e-02  -2.00000000e-01     7.787e-08 
361     6.0000e-02  -2.00000000e-01     8.067e-08 
362     6.1000e-02  -2.00000000e-01     8.356e-08 
363     6.2000e-02  -2.00000000e-01     8.655e-08 
364     6.3000e-02  -2.00000000e-01     8.964e-08 
365     6.4000e-02  -2.00000000e-01     9.283e-08 
366     6.5000e-02  -2.00000000e-01     9.613e-08 
367     6.6000e-02  -2.00000000e-01     9.954e-08 
368     6.7000e-02  -2.00000000e-01     1.031e-07 
369     6.8000e-02  -2.00000000e-01     1.067e-07 
370     6.9000e-02  -2.00000000e-01     1.105e-07 
371     7.0000e-02  -2.00000000e-01     1.144e-07 
372     7.1000e-02  -2.00000000e-01     1.184e-07 
373     7.2000e-02  -2.00000000e-01     1.225e-07 
374     7.3000e-02  -2.00000000e-01     1.268e-07 
375     7.4000e-02  -2.00000000e-01     1.312e-07 
376     7.5000e-02  -2.00000000e-01     1.358e-07 
377     7.6000e-02  -2.00000000e-01     1.405e-07 
378     7.7000e-02  -2.00000000e-01     1.454e-07 
379     7.8000e-02  -2.00000000e-01     1.505e-07 
380     7.9000e-02  -2.00000000e-01     1.557e-07 
381     8.0000e-02  -2.00000000e-01     1.610e-07 
382     8.1000e-02  -2.00000000e-01     1.666e-07 
383     8.2000e-02  -2.00000000e-01     1.723e-07 
384     8.3000e-02  -2.00000000e-01     1.782e-07 
385     8.4000e-02  -2.00000000e-01     1.843e-07 
386     8.5000e-02  -2.00000000e-01     1.906e-07 
387     8.6000e-02  -2.00000000e-01     1.971e-07 
388     8.7000e-02  -2.00000000e-01     2.039e-07 
389     8.8000e-02  -2.00000000e-01     2.108e-07 
390     8.9000e-02  -2.00000000e-01     2.179e-07 
391     9.0000e-02  -2.00000000e-01     2.253e-07 
392     9.1000e-02  -2.00000000e-01     2.329e-07 
393     9.2000e-02  -2.00000000e-01     2.408e-07 
394     9.3000e-02  -2.00000000e-01     2.489e-07 
395     9.4000e-02  -2.00000000e-01     2.572e-07 
396     9.5000e-02  -2.00000000e-01     2.658e-07 
397     9.6000e-02  -2.00000000e-01     2.747e-07 
398     9.7000e-02  -2.00000000e-01     2.838e-07 
399     9.8000e-02  -2.00000000e-01     2.933e-07 
400     9.9000e-02  -2.00000000e-01     3.030e-07 
401       0.10000   -2.00000000e-01     3.130e-07 
402      -0.10000   -4.00000000e-01    -1.981e-05 
403    -9.9000e-02  -4.00000000e-01    -1.954e-05 
404    -9.8000e-02  -4.00000000e-01    -1.927e-05 
405    -9.7000e-02  -4.00000000e-01    -1.901e-05 
406    -9.6000e-02  -4.00000000e-01    -1.874e-05 
407    -9.5000e-02  -4.00000000e-01    -1.848e-05 
408    -9.4000e-02  -4.00000000e-01    -1.822e-05 
409    -9.3000e-02  -4.00000000e-01    -1.797e-05 
410    -9.2000e-02  -4.00000000e-01    -1.771e-05 
411    -9.1000e-02  -4.00000000e-01    -1.746e-05 
412    -9.0000e-02  -4.00000000e-01    -1.721e-05 
413    -8.9000e-02  -4.00000000e-01    -1.696e-05 
414    -8.8000e-02  -4.00000000e-01    -1.671e-05 
415    -8.7000e-02  -4.00000000e-01    -1.647e-05 
416    -8.6000e-02  -4.00000000e-01    -1.622e-05 
417    -8.5000e-02  -4.00000000e-01    -1.598e-05 
418    -8.4000e-02  -4.00000000e-01    -1.574e-05 
419    -8.3000e-02  -4.00000000e-01    -1.551e-05 
420    -8.2000e-02  -4.00000000e-01    -1.527e-05 
421    -8.1000e-02  -4.00000000e-01    -1.504e-05 
422    -8.0000e-02  -4.00000000e-01    -1.480e-05 
423    -7.9000e-02  -4.00000000e-01    -1.457e-05 
424    -7.8000e-02  -4.00000000e-01    -1.435e-05 
425    -7.7000e-02  -4.00000000e-01    -1.412e-05 
426    -7.6000e-02  -4.00000000e-01    -1.390e-05 
427    -7.5000e-02  -4.00000000e-01    -1.367e-05 
428    -7.4000e-02  -4.00000000e-01    -1.345e-05 
429    -7.3000e-02  -4.00000000e-01    -1.323e-05 
430    -7.2000e-02  -4.00000000e-01    -1.301e-05 
431    -7.1000e-02  -4.00000000e-01    -1.280e-05 
432    -7.0000e-02  -4.00000000e-01    -1.259e-05 
433    -6.9000e-02  -4.00000000e-01    -1.237e-05 
434    -6.8000e-02  -4.00000000e-01    -1.216e-05 
435    -6.7000e-02  -4.00000000e-01    -1.195e-05 
436    -6.6000e-02  -4.00000000e-01    -1.175e-05 
437    -6.5000e-02  -4.00000000e-01    -1.154e-05 
438    -6.4000e-02  -4.00000000e-01    -1.134e-05 
439    -6.3000e-02  -4.00000000e-01    -1.113e-05 
440    -6.2000e-02  -4.00000000e-01    -1.093e-05 
441    -6.1000e-02  -4.00000000e-01    -1.073e-05 
442    -6.0000e-02  -4.00000000e-01    -1.053e-05 
443    -5.9000e-02  -4.00000000e-01    -1.034e-05 
444    -5.8000e-02  -4.00000000e-01    -1.014e-05 
445    -5.7000e-02  -4.00000000e-01    -9.948e-06 
446    -5.6000e-02  -4.00000000e-01    -9.756e-06 
447    -5.5000e-02  -4.00000000e-01    -9.565e-06 
448    -5.4000e-02  -4.00000000e-01    -9.376e-06 
449    -5.3000e-02  -4.00000000e-01    -9.187e-06 
450    -5.2000e-02  -4.00000000e-01    -9.000e-06 
451    -5.1000e-02  -4.00000000e-01    -8.815e-06 
452    -5.0000e-02  -4.00000000e-01    -8.630e-06 
453    -4.9000e-02  -4.00000000e-01    -8.447e-06 
454    -4.8000e-02  -4.00000000e-01    -8.265e-06 
455    -4.7000e-02  -4.00000000e-01    -8.084e-06 
456    -4.6000e-02  -4.00000000e-01    -7.904e-06 
457    -4.5000e-02  -4.00000000e-01    -7.725e-06 
458    -4.4000e-02  -4.00000000e-01    -7.547e-06 
459    -4.3000e-02  -4.00000000e-01    -7.370e-06 
460    -4.2000e-02  -4.00000000e-01    -7.194e-06 
461    -4.1000e-02  -4.00000000e-01    -7.019e-06 
462    -4.0000e-02  -4.00000000e-01    -6.845e-06 
463    -3.9000e-02  -4.00000000e-01    -6.672e-06 
464    -3.8000e-02  -4.00000000e-01    -6.499e-06 
465    -3.7000e-02  -4.00000000e-01    -6.327e-06 
466    -3.6000e-02  -4.00000000e-01    -6.155e-06 
467    -3.5000e-02  -4.00000000e-01    -5.985e-06 
468    -3.4000e-02  -4.00000000e-01    -5.814e-06 
469    -3.3000e-02  -4.00000000e-01    -5.645e-06 
470    -3.2000e-02  -4.00000000e-01    -5.475e-06 
471    -3.1000e-02  -4.00000000e-01    -5.306e-06 
472    -3.0000e-02  -4.00000000e-01    -5.138e-06 
473    -2.9000e-02  -4.00000000e-01    -4.969e-06 
474    -2.8000e-02  -4.00000000e-01    -4.801e-06 
475    -2.7000e-02  -4.00000000e-01    -4.633e-06 
476    -2.6000e-02  -4.00000000e-01    -4.465e-06 
477    -2.5000e-02  -4.00000000e-01    -4.297e-06 
478    -2.4000e-02  -4.00000000e-01    -4.128e-06 
479    -2.3000e-02  -4.00000000e-01    -3.960e-06 
480    -2.2000e-02  -4.00000000e-01    -3.792e-06 
481    -2.1000e-02  -4.00000000e-01    -3.623e-06 
482    -2.0000e-02  -4.00000000e-01    -3.455e-06 
483    -1.9000e-02  -4.00000000e-01    -3.285e-06 
484    -1.8000e-02  -4.00000000e-01    -3.116e-06 
485    -1.7000e-02  -4.00000000e-01    -2.946e-06 
486    -1.6000e-02  -4.00000000e-01    -2.776e-06 
487    -1.5000e-02  -4.00000000e-01    -2.605e-06 
488    -1.4000e-02  -4.00000000e-01    -2.434e-06 
489    -1.3000e-02  -4.00000000e-01    -2.263e-06 
490    -1.2000e-02  -4.00000000e-01    -2.091e-06 
491    -1.1000e-02  -4.00000000e-01    -1.918e-06 
492    -1.0000e-02  -4.00000000e-01    -1.745e-06 
493    -9.0000e-03  -4.00000000e-01    -1.572e-06 
494    -8.0000e-03  -4.00000000e-01    -1.398e-06 
495    -7.0000e-03  -4.00000000e-01    -1.224e-06 
496    -6.0000e-03  -4.00000000e-01    -1.050e-06 
497    -5.0000e-03  -4.00000000e-01    -8.753e-07 
498    -4.0000e-03  -4.00000000e-01    -7.004e-07 
499    -3.0000e-03  -4.00000000e-01    -5.254e-07 
500    -2.0000e-03  -4.00000000e-01    -3.503e-07 
501    -1.0000e-03  -4.00000000e-01    -1.752e-07 
502       0.        -4.00000000e-01     1.698e-13 
503     1.0000e-03  -4.00000000e-01     1.752e-07 
504     2.0000e-03  -4.00000000e-01     3.503e-07 
505     3.0000e-03  -4.00000000e-01     5.254e-07 
506     4.0000e-03  -4.00000000e-01     7.004e-07 
507     5.0000e-03  -4.00000000e-01     8.753e-07 
508     6.0000e-03  -4.00000000e-01     1.050e-06 
509     7.0000e-03  -4.00000000e-01     1.224e-06 
510     8.0000e-03  -4.00000000e-01     1.398e-06 
511     9.0000e-03  -4.00000000e-01     1.572e-06 
512     1.0000e-02  -4.00000000e-01     1.745e-06 
513     1.1000e-02  -4.00000000e-01     1.918e-06 
514     1.2000e-02  -4.00000000e-01     2.091e-06 
515     1.3000e-02  -4.00000000e-01     2.263e-06 
516     1.4000e-02  -4.00000000e-01     2.434e-06 
517     1.5000e-02  -4.00000000e-01     2.605e-06 
518     1.6000e-02  -4.00000000e-01     2.776e-06 
519     1.7000e-02  -4.00000000e-01     2.946e-06 
520     1.8000e-02  -4.00000000e-01     3.116e-06 
521     1.9000e-02  -4.00000000e-01     3.285e-06 
522     2.0000e-02  -4.00000000e-01     3.455e-06 
523     2.1000e-02  -4.00000000e-01     3.623e-06 
524     2.2000e-02  -4.00000000e-01     3.792e-06 
525     2.3000e-02  -4.00000000e-01     3.960e-06 
526     2.4000e-02  -4.00000000e-01     4.128e-06 
527     2.5000e-02  -4.00000000e-01     4.297e-06 
528     2.6000e-02  -4.00000000e-01     4.465e-06 
529     2.7000e-02  -4.00000000e-01     4.633e-06 
530     2.8000e-02  -4.00000000e-01     4.801e-06 
531     2.9000e-02  -4.00000000e-01     4.969e-06 
532     3.0000e-02  -4.00000000e-01     5.138e-06 
533     3.1000e-02  -4.00000000e-01     5.306e-06 
534     3.2000e-02  -4.00000000e-01     5.475e-06 
535     3.3000e-02  -4.00000000e-01     5.645e-06 
536     3.4000e-02  -4.00000000e-01     5.814e-06 
537     3.5000e-02  -4.00000000e-01     5.985e-06 
538     3.6000e-02  -4.00000000e-01     6.155e-06 
539     3.7000e-02  -4.00000000e-01     6.327e-06 
540     3.8000e-02  -4.00000000e-01     6.499e-06 
541     3.9000e-02  -4.00000000e-01     6.672e-06 
542     4.0000e-02  -4.00000000e-01     6.845e-06 
543     4.1000e-02  -4.00000000e-01     7.019e-06 
544     4.2000e-02  -4.00000000e-01     7.194e-06 
545     4.3000e-02  -4.00000000e-01     7.370e-06 
546     4.4000e-02  -4.00000000e-01     7.547e-06 
547     4.5000e-02  -4.00000000e-01     7.725e-06 
548     4.6000e-02  -4.00000000e-01     7.904e-06 
549     4.7000e-02  -4.00000000e-01     8.084e-06 
550     4.8000e-02  -4.00000000e-01     8.265e-06 
551     4.9000e-02  -4.00000000e-01     8.447e-06 
552     5.0000e-02  -4.00000000e-01     8.630e-06 
553     5.1000e-02  -4.00000000e-01     8.815e-06 
554     5.2000e-02  -4.00000000e-01     9.000e-06 
555     5.3000e-02  -4.00000000e-01     9.187e-06 
556     5.4000e-02  -4.00000000e-01     9.376e-06 
557     5.5000e-02  -4.00000000e-01     9.565e-06 
558     5.6000e-02  -4.00000000e-01     9.756e-06 
559     5.7000e-02  -4.00000000e-01     9.948e-06 
560     5.8000e-02  -4.00000000e-01     1.014e-05 
561     5.9000e-02  -4.00000000e-01     1.034e-05 
562     6.0000e-02  -4.00000000e-01     1.053e-05 
563     6.1000e-02  -4.00000000e-01     1.073e-05 
564     6.2000e-02  -4.00000000e-01     1.093e-05 
565     6.3000e-02  -4.00000000e-01     1.113e-05 
566     6.4000e-02  -4.00000000e-01     1.134e-05 
567     6.5000e-02  -4.00000000e-01     1.154e-05 
568     6.6000e-02  -4.00000000e-01     1.175e-05 
569     6.7000e-02  -4.00000000e-01     1.195e-05 
570     6.8000e-02  -4.00000000e-01     1.216e-05 
571     6.9000e-02  -4.00000000e-01     1.237e-05 
572     7.0000e-02  -4.00000000e-01     1.259e-05 
573     7.1000e-02  -4.00000000e-01     1.280e-05 
574     7.2000e-02  -4.00000000e-01     1.301e-05 
575     7.3000e-02  -4.00000000e-01     1.323e-05 
576     7.4000e-02  -4.00000000e-01     1.345e-05 
577     7.5000e-02  -4.00000000e-01     1.367e-05 
578     7.6000e-02  -4.00000000e-01     1.390e-05 
579     7.7000e-02  -4.00000000e-01     1.412e-05 
580     7.8000e-02  -4.00000000e-01     1.435e-05 
581     7.9000e-02  -4.00000000e-01     1.457e-05 
582     8.0000e-02  -4.00000000e-01     1.480e-05 
583     8.1000e-02  -4.00000000e-01     1.504e-05 
584     8.2000e-02  -4.00000000e-01     1.527e-05 
585     8.3000e-02  -4.00000000e-01     1.551e-05 
586     8.4000e-02  -4.00000000e-01     1.574e-05 
587     8.5000e-02  -4.00000000e-01     1.598e-05 
588     8.6000e-02  -4.00000000e-01     1.622e-05 
589     8.7000e-02  -4.00000000e-01     1.647e-05 
590     8.8000e-02  -4.00000000e-01     1.671e-05 
591     8.9000e-02  -4.00000000e-01     1.696e-05 
592     9.0000e-02  -4.00000000e-01     1.721e-05 
593     9.1000e-02  -4.00000000e-01     1.746e-05 
594     9.2000e-02  -4.00000000e-01     1.771e-05 
595     9.3000e-02  -4.00000000e-01     1.797e-05 
596     9.4000e-02  -4.00000000e-01     1.822e-05 
597     9.5000e-02  -4.00000000e-01     1.848e-05 
598     9.6000e-02  -4.00000000e-01     1.874e-05 
599     9.7000e-02  -4.00000000e-01     1.901e-05 
600     9.8000e-02  -4.00000000e-01     1.927e-05 
601     9.9000e-02  -4.00000000e-01     1.954e-05 
602       0.10000   -4.00000000e-01     1.981e-05 
603      -0.10000   -6.00000000e-01    -7.998e-05 
604    -9.9000e-02  -6.00000000e-01    -7.921e-05 
605    -9.8000e-02  -6.00000000e-01    -7.844e-05 
606    -9.7000e-02  -6.00000000e-01    -7.768e-05 
607    -9.6000e-02  -6.00000000e-01    -7.691e-05 
608    -9.5000e-02  -6.00000000e-01    -7.614e-05 
609    -9.4000e-02  -6.00000000e-01    -7.537e-05 
610    -9.3000e-02  -6.00000000e-01    -7.461e-05 
611    -9.2000e-02  -6.00000000e-01    -7.384e-05 
612    -9.1000e-02  -6.00000000e-01    -7.308e-05 
613    -9.0000e-02  -6.00000000e-01    -7.231e-05 
614    -8.9000e-02  -6.00000000e-01    -7.154e-05 
615    -8.8000e-02  -6.00000000e-01    -7.078e-05 
616    -8.7000e-02  -6.00000000e-01    -7.001e-05 
617    -8.6000e-02  -6.00000000e-01    -6.925e-05 
618    -8.5000e-02  -6.00000000e-01    -6.848e-05 
619    -8.4000e-02  -6.00000000e-01    -6.772e-05 
620    -8.3000e-02  -6.00000000e-01    -6.695e-05 
621    -8.2000e-02  -6.00000000e-01    -6.619e-05 
622    -8.1000e-02  -6.00000000e-01    -6.542e-05 
623    -8.0000e-02  -6.00000000e-01    -6.466e-05 
624    -7.9000e-02  -6.00000000e-01    -6.389e-05 
625    -7.8000e-02  -6.00000000e-01    -6.313e-05 
626    -7.7000e-02  -6.00000000e-01    -6.236e-05 
627    -7.6000e-02  -6.00000000e-01    -6.159e-05 
628    -7.5000e-02  -6.00000000e-01    -6.083e-05 
629    -7.4000e-02  -6.00000000e-01    -6.006e-05 
630    -7.3000e-02  -6.00000000e-01    -5.929e-05 
631    -7.2000e-02  -6.00000000e-01    -5.853e-05 
632    -7.1000e-02  -6.00000000e-01    -5.776e-05 
633    -7.0000e-02  -6.00000000e-01    -5.699e-05 
634    -6.9000e-02  -6.00000000e-01    -5.622e-05 
635    -6.8000e-02  -6.00000000e-01    -5.545e-05 
636    -6.7000e-02  -6.00000000e-01    -5.468e-05 
637    -6.6000e-02  -6.00000000e-01    -5.391e-05 
638    -6.5000e-02  -6.00000000e-01    -5.313e-05 
639    -6.4000e-02  -6.00000000e-01    -5.236e-05 
640    -6.3000e-02  -6.00000000e-01    -5.159e-05 
641    -6.2000e-02  -6.00000000e-01    -5.081e-05 
642    -6.1000e-02  -6.00000000e-01    -5.004e-05 
643    -6.0000e-02  -6.00000000e-01    -4.926e-05 
644    -5.9000e-02  -6.00000000e-01    -4.848e-05 
645    -5.8000e-02  -6.00000000e-01    -4.770e-05 
646    -5.7000e-02  -6.00000000e-01    -4.692e-05 
647    -5.6000e-02  -6.00000000e-01    -4.614e-05 
648    -5.5000e-02  -6.00000000e-01    -4.536e-05 
649    -5.4000e-02  -6.00000000e-01    -4.458e-05 
650    -5.3000e-02  -6.00000000e-01    -4.379e-05 
651    -5.2000e-02  -6.00000000e-01    -4.300e-05 
652    -5.1000e-02  -6.00000000e-01    -4.222e-05 
653    -5.0000e-02  -6.00000000e-01    -4.143e-05 
654    -4.9000e-02  -6.00000000e-01    -4.064e-05 
655    -4.8000e-02  -6.00000000e-01    -3.984e-05 
656    -4.7000e-02  -6.00000000e-01    -3.905e-05 
657    -4.6000e-02  -6.00000000e-01    -3.826e-05 
658    -4.5000e-02  -6.00000000e-01    -3.746e-05 
659    -4.4000e-02  -6.00000000e-01    -3.666e-05 
660    -4.3000e-02  -6.00000000e-01    -3.586e-05 
661    -4.2000e-02  -6.00000000e-01    -3.506e-05 
662    -4.1000e-02  -6.00000000e-01    -3.425e-05 
663    -4.0000e-02  -6.00000000e-01    -3.345e-05 
664    -3.9000e-02  -6.00000000e-01    -3.264e-05 
665    -3.8000e-02  -6.00000000e-01    -3.183e-05 
666    -3.7000e-02  -6.00000000e-01    -3.102e-05 
667    -3.6000e-02  -6.00000000e-01    -3.021e-05 
668    -3.5000e-02  -6.00000000e-01    -2.940e-05 
669    -3.4000e-02  -6.00000000e-01    -2.858e-05 
670    -3.3000e-02  -6.00000000e-01    -2.776e-05 
671    -3.2000e-02  -6.00000000e-01    -2.694e-05 
672    -3.1000e-02  -6.00000000e-01    -2.612e-05 
673    -3.0000e-02  -6.00000000e-01    -2.530e-05 
674    -2.9000e-02  -6.00000000e-01    -2.448e-05 
675    -2.8000e-02  -6.00000000e-01    -2.365e-05 
676    -2.7000e-02  -6.00000000e-01    -2.282e-05 
677    -2.6000e-02  -6.00000000e-01    -2.199e-05 
678    -2.5000e-02  -6.00000000e-01    -2.116e-05 
679    -2.4000e-02  -6.00000000e-01    -2.033e-05 
680    -2.3000e-02  -6.00000000e-01    -1.949e-05 
681    -2.2000e-02  -6.00000000e-01    -1.866e-05 
682    -2.1000e-02  -6.00000000e-01    -1.782e-05 
683    -2.0000e-02  -6.00000000e-01    -1.698e-05 
684    -1.9000e-02  -6.00000000e-01    -1.614e-05 
685    -1.8000e-02  -6.00000000e-01    -1.530e-05 
686    -1.7000e-02  -6.00000000e-01    -1.445e-05 
687    -1.6000e-02  -6.00000000e-01    -1.361e-05 
688    -1.5000e-02  -6.00000000e-01    -1.276e-05 
689    -1.4000e-02  -6.00000000e-01    -1.192e-05 
690    -1.3000e-02  -6.00000000e-01    -1.107e-05 
691    -1.2000e-02  -6.00000000e-01    -1.022e-05 
692    -1.1000e-02  -6.00000000e-01    -9.373e-06 
693    -1.0000e-02  -6.00000000e-01    -8.523e-06 
694    -9.0000e-03  -6.00000000e-01    -7.673e-06 
695    -8.0000e-03  -6.00000000e-01    -6.822e-06 
696    -7.0000e-03  -6.00000000e-01    -5.970e-06 
697    -6.0000e-03  -6.00000000e-01    -5.118e-06 
698    -5.0000e-03  -6.00000000e-01    -4.265e-06 
699    -4.0000e-03  -6.00000000e-01    -3.412e-06 
700    -3.0000e-03  -6.00000000e-01    -2.560e-06 
701    -2.0000e-03  -6.00000000e-01    -1.706e-06 
702    -1.0000e-03  -6.00000000e-01    -8.532e-07 
703       0.        -6.00000000e-01     3.012e-13 
704     1.0000e-03  -6.00000000e-01     8.532e-07 
705     2.0000e-03  -6.00000000e-01     1.706e-06 
706     3.0000e-03  -6.00000000e-01     2.560e-06 
707     4.0000e-03  -6.00000000e-01     3.412e-06 
708     5.0000e-03  -6.00000000e-01     4.265e-06 
709     6.0000e-03  -6.00000000e-01     5.118e-06 
710     7.0000e-03  -6.00000000e-01     5.970e-06 
711     8.0000e-03  -6.00000000e-01     6.822e-06 
712     9.0000e-03  -6.00000000e-01     7.673e-06 
713     1.0000e-02  -6.00000000e-01     8.523e-06 
714     1.1000e-02  -6.00000000e-01     9.373e-06 
715     1.2000e-02  -6.00000000e-01     1.022e-05 
716     1.3000e-02  -6.00000000e-01     1.107e-05 
717     1.4000e-02  -6.00000000e-01     1.192e-05 
718     1.5000e-02  -6.00000000e-01     1.276e-05 
719     1.6000e-02  -6.00000000e-01     1.361e-05 
720     1.7000e-02  -6.00000000e-01     1.445e-05 
721     1.8000e-02  -6.00000000e-01     1.530e-05 
722     1.9000e-02  -6.00000000e-01     1.614e-05 
723     2.0000e-02  -6.00000000e-01     1.698e-05 
724     2.1000e-02  -6.00000000e-01     1.782e-05 
725     2.2000e-02  -6.00000000e-01     1.866e-05 
726     2.3000e-02  -6.00000000e-01     1.949e-05 
727     2.4000e-02  -6.00000000e-01     2.033e-05 
728     2.5000e-02  -6.00000000e-01     2.116e-05 
729     2.6000e-02  -6.00000000e-01     2.199e-05 
730     2.7000e-02  -6.00000000e-01     2.282e-05 
731     2.8000e-02  -6.00000000e-01     2.365e-05 
732     2.9000e-02  -6.00000000e-01     2.448e-05 
733     3.0000e-02  -6.00000000e-01     2.530e-05 
734     3.1000e-02  -6.00000000e-01     2.612e-05 
735     3.2000e-02  -6.00000000e-01     2.694e-05 
736     3.3000e-02  -6.00000000e-01     2.776e-05 
737     3.4000e-02  -6.00000000e-01     2.858e-05 
738     3.5000e-02  -6.00000000e-01     2.940e-05 
739     3.6000e-02  -6.00000000e-01     3.021e-05 
740     3.7000e-02  -6.00000000e-01     3.102e-05 
741     3.8000e-02  -6.00000000e-01     3.183e-05 
742     3.9000e-02  -6.00000000e-01     3.264e-05 
743     4.0000e-02  -6.00000000e-01     3.345e-05 
744     4.1000e-02  -6.00000000e-01     3.425e-05 
745     4.2000e-02  -6.00000000e-01     3.506e-05 
746     4.3000e-02  -6.00000000e-01     3.586e-05 
747     4.4000e-02  -6.00000000e-01     3.666e-05 
748     4.5000e-02  -6.00000000e-01     3.746e-05 
749     4.6000e-02  -6.00000000e-01     3.826e-05 
750     4.7000e-02  -6.00000000e-01     3.905e-05 
751     4.8000e-02  -6.00000000e-01     3.984e-05 
752     4.9000e-02  -6.00000000e-01     4.064e-05 
753     5.0000e-02  -6.00000000e-01     4.143e-05 
754     5.1000e-02  -6.00000000e-01     4.222e-05 
755     5.2000e-02  -6.00000000e-01     4.300e-05 
756     5.3000e-02  -6.00000000e-01     4.379e-05 
757     5.4000e-02  -6.00000000e-01     4.458e-05 
758     5.5000e-02  -6.00000000e-01     4.536e-05 
759     5.6000e-02  -6.00000000e-01     4.614e-05 
760     5.7000e-02  -6.00000000e-01     4.692e-05 
761     5.8000e-02  -6.00000000e-01     4.770e-05 
762     5.9000e-02  -6.00000000e-01     4.848e-05 
763     6.0000e-02  -6.00000000e-01     4.926e-05 
764     6.1000e-02  -6.00000000e-01     5.004e-05 
765     6.2000e-02  -6.00000000e-01     5.081e-05 
766     6.3000e-02  -6.00000000e-01     5.159e-05 
767     6.4000e-02  -6.00000000e-01     5.236e-05 
768     6.5000e-02  -6.00000000e-01     5.313e-05 
769     6.6000e-02  -6.00000000e-01     5.391e-05 
770     6.7000e-02  -6.00000000e-01     5.468e-05 
771     6.8000e-02  -6.00000000e-01     5.545e-05 
772     6.9000e-02  -6.00000000e-01     5.622e-05 
773     7.0000e-02  -6.00000000e-01     5.699e-05 
774     7.1000e-02  -6.00000000e-01     5.776e-05 
775     7.2000e-02  -6.00000000e-01     5.853e-05 
776     7.3000e-02  -6.00000000e-01     5.929e-05 
777     7.4000e-02  -6.00000000e-01     6.006e-05 
778     7.5000e-02  -6.00000000e-01     6.083e-05 
779     7.6000e-02  -6.00000000e-01     6.159e-05 
780     7.7000e-02  -6.00000000e-01     6.236e-05 
781     7.8000e-02  -6.00000000e-01     6.313e-05 
782     7.9000e-02  -6.00000000e-01     6.389e-05 
783     8.0000e-02  -6.00000000e-01     6.466e-05 
784     8.1000e-02  -6.00000000e-01     6.542e-05 
785     8.2000e-02  -6.00000000e-01     6.619e-05 
786     8.3000e-02  -6.00000000e-01     6.695e-05 
787     8.4000e-02  -6.00000000e-01     6.772e-05 
788     8.5000e-02  -6.00000000e-01     6.848e-05 
789     8.6000e-02  -6.00000000e-01     6.925e-05 
790     8.7000e-02  -6.00000000e-01     7.001e-05 
791     8.8000e-02  -6.00000000e-01     7.078e-05 
792     8.9000e-02  -6.00000000e-01     7.154e-05 
793     9.0000e-02  -6.00000000e-01     7.231e-05 
794     9.1000e-02  -6.00000000e-01     7.308e-05 
795     9.2000e-02  -6.00000000e-01     7.384e-05 
796     9.3000e-02  -6.00000000e-01     7.461e-05 
797     9.4000e-02  -6.00000000e-01     7.537e-05 
798     9.5000e-02  -6.00000000e-01     7.614e-05 
799     9.6000e-02  -6.00000000e-01     7.691e-05 
800     9.7000e-02  -6.00000000e-01     7.768e-05 
801     9.8000e-02  -6.00000000e-01     7.844e-05 
802     9.9000e-02  -6.00000000e-01     7.921e-05 
803       0.10000   -6.00000000e-01     7.998e-05 
804      -0.10000   -8.00000000e-01    -1.434e-04 
805    -9.9000e-02  -8.00000000e-01    -1.421e-04 
806    -9.8000e-02  -8.00000000e-01    -1.407e-04 
807    -9.7000e-02  -8.00000000e-01    -1.394e-04 
808    -9.6000e-02  -8.00000000e-01    -1.381e-04 
809    -9.5000e-02  -8.00000000e-01    -1.368e-04 
810    -9.4000e-02  -8.00000000e-01    -1.355e-04 
811    -9.3000e-02  -8.00000000e-01    -1.342e-04 
812    -9.2000e-02  -8.00000000e-01    -1.328e-04 
813    -9.1000e-02  -8.00000000e-01    -1.315e-04 
814    -9.0000e-02  -8.00000000e-01    -1.302e-04 
815    -8.9000e-02  -8.00000000e-01    -1.289e-04 
816    -8.8000e-02  -8.00000000e-01    -1.275e-04 
817    -8.7000e-02  -8.00000000e-01    -1.262e-04 
818    -8.6000e-02  -8.00000000e-01    -1.249e-04 
819    -8.5000e-02  -8.00000000e-01    -1.235e-04 
820    -8.4000e-02  -8.00000000e-01    -1.222e-04 
821    -8.3000e-02  -8.00000000e-01    -1.208e-04 
822    -8.2000e-02  -8.00000000e-01    -1.195e-04 
823    -8.1000e-02  -8.00000000e-01    -1.181e-04 
824    -8.0000e-02  -8.00000000e-01    -1.168e-04 
825    -7.9000e-02  -8.00000000e-01    -1.154e-04 
826    -7.8000e-02  -8.00000000e-01    -1.141e-04 
827    -7.7000e-02  -8.00000000e-01    -1.127e-04 
828    -7.6000e-02  -8.00000000e-01    -1.113e-04 
829    -7.5000e-02  -8.00000000e-01    -1.100e-04 
830    -7.4000e-02  -8.00000000e-01    -1.086e-04 
831    -7.3000e-02  -8.00000000e-01    -1.072e-04 
832    -7.2000e-02  -8.00000000e-01    -1.058e-04 
833    -7.1000e-02  -8.00000000e-01    -1.045e-04 
834    -7.0000e-02  -8.00000000e-01    -1.031e-04 
835    -6.9000e-02  -8.00000000e-01    -1.017e-04 
836    -6.8000e-02  -8.00000000e-01    -1.003e-04 
837    -6.7000e-02  -8.00000000e-01    -9.892e-05 
838    -6.6000e-02  -8.00000000e-01    -9.753e-05 
839    -6.5000e-02  -8.00000000e-01    -9.613e-05 
840    -6.4000e-02  -8.00000000e-01    -9.473e-05 
841    -6.3000e-02  -8.00000000e-01    -9.333e-05 
842    -6.2000e-02  -8.00000000e-01    -9.192e-05 
843    -6.1000e-02  -8.00000000e-01    -9.051e-05 
844    -6.0000e-02  -8.00000000e-01    -8.910e-05 
845    -5.9000e-02  -8.00000000e-01    -8.769e-05 
846    -5.8000e-02  -8.00000000e-01    -8.627e-05 
847    -5.7000e-02  -8.00000000e-01    -8.485e-05 
848    -5.6000e-02  -8.00000000e-01    -8.343e-05 
849    -5.5000e-02  -8.00000000e-01    -8.200e-05 
850    -5.4000e-02  -8.00000000e-01    -8.057e-05 
851    -5.3000e-02  -8.00000000e-01    -7.914e-05 
852    -5.2000e-02  -8.00000000e-01    -7.770e-05 
853    -5.1000e-02  -8.00000000e-01    -7.626e-05 
854    -5.0000e-02  -8.00000000e-01    -7.482e-05 
855    -4.9000e-02  -8.00000000e-01    -7.338e-05 
856    -4.8000e-02  -8.00000000e-01    -7.193e-05 
857    -4.7000e-02  -8.00000000e-01    -7.048e-05 
858    -4.6000e-02  -8.00000000e-01    -6.903e-05 
859    -4.5000e-02  -8.00000000e-01    -6.757e-05 
860    -4.4000e-02  -8.00000000e-01    -6.612e-05 
861    -4.3000e-02  -8.00000000e-01    -6.465e-05 
862    -4.2000e-02  -8.00000000e-01    -6.319e-05 
863    -4.1000e-02  -8.00000000e-01    -6.172e-05 
864    -4.0000e-02  -8.00000000e-01    -6.026e-05 
865    -3.9000e-02  -8.00000000e-01    -5.878e-05 
866    -3.8000e-02  -8.00000000e-01    -5.731e-05 
867    -3.7000e-02  -8.00000000e-01    -5.583e-05 
868    -3.6000e-02  -8.00000000e-01    -5.435e-05 
869    -3.5000e-02  -8.00000000e-01    -5.287e-05 
870    -3.4000e-02  -8.00000000e-01    -5.139e-05 
871    -3.3000e-02  -8.00000000e-01    -4.990e-05 
872    -3.2000e-02  -8.00000000e-01    -4.842e-05 
873    -3.1000e-02  -8.00000000e-01    -4.692e-05 
874    -3.0000e-02  -8.00000000e-01    -4.543e-05 
875    -2.9000e-02  -8.00000000e-01    -4.394e-05 
876    -2.8000e-02  -8.00000000e-01    -4.244e-05 
877    -2.7000e-02  -8.00000000e-01    -4.094e-05 
878    -2.6000e-02  -8.00000000e-01    -3.944e-05 
879    -2.5000e-02  -8.00000000e-01    -3.794e-05 
880    -2.4000e-02  -8.00000000e-01    -3.643e-05 
881    -2.3000e-02  -8.00000000e-01    -3.493e-05 
882    -2.2000e-02  -8.00000000e-01    -3.342e-05 
883    -2.1000e-02  -8.00000000e-01    -3.191e-05 
884    -2.0000e-02  -8.00000000e-01    -3.040e-05 
885    -1.9000e-02  -8.00000000e-01    -2.889e-05 
886    -1.8000e-02  -8.00000000e-01    -2.738e-05 
887    -1.7000e-02  -8.00000000e-01    -2.586e-05 
888    -1.6000e-02  -8.00000000e-01    -2.435e-05 
889    -1.5000e-02  -8.00000000e-01    -2.283e-05 
890    -1.4000e-02  -8.00000000e-01    -2.131e-05 
891    -1.3000e-02  -8.00000000e-01    -1.979e-05 
892    -1.2000e-02  -8.00000000e-01    -1.827e-05 
893    -1.1000e-02  -8.00000000e-01    -1.675e-05 
894    -1.0000e-02  -8.00000000e-01    -1.523e-05 
895    -9.0000e-03  -8.00000000e-01    -1.371e-05 
896    -8.0000e-03  -8.00000000e-01    -1.219e-05 
897    -7.0000e-03  -8.00000000e-01    -1.067e-05 
898    -6.0000e-03  -8.00000000e-01    -9.143e-06 
899    -5.0000e-03  -8.00000000e-01    -7.620e-06 
900    -4.0000e-03  -8.00000000e-01    -6.096e-06 
901    -3.0000e-03  -8.00000000e-01    -4.572e-06 
902    -2.0000e-03  -8.00000000e-01    -3.048e-06 
903    -1.0000e-03  -8.00000000e-01    -1.524e-06 
904       0.        -8.00000000e-01     1.438e-13 
905     1.0000e-03  -8.00000000e-01     1.524e-06 
906     2.0000e-03  -8.00000000e-01     3.048e-06 
907     3.0000e-03  -8.00000000e-01     4.572e-06 
908     4.0000e-03  -8.00000000e-01     6.096e-06 
909     5.0000e-03  -8.00000000e-01     7.620e-06 
910     6.0000e-03  -8.00000000e-01     9.143e-06 
911     7.0000e-03  -8.00000000e-01     1.067e-05 
912     8.0000e-03  -8.00000000e-01     1.219e-05 
913     9.0000e-03  -8.00000000e-01     1.371e-05 
914     1.0000e-02  -8.00000000e-01     1.523e-05 
915     1.1000e-02  -8.00000000e-01     1.675e-05 
916     1.2000e-02  -8.00000000e-01     1.827e-05 
917     1.3000e-02  -8.00000000e-01     1.979e-05 
918     1.4000e-02  -8.00000000e-01     2.131e-05 
919     1.5000e-02  -8.00000000e-01     2.283e-05 
920     1.6000e-02  -8.00000000e-01     2.435e-05 
921     1.7000e-02  -8.00000000e-01     2.586e-05 
922     1.8000e-02  -8.00000000e-01     2.738e-05 
923     1.9000e-02  -8.00000000e-01     2.889e-05 
924     2.0000e-02  -8.00000000e-01     3.040e-05 
925     2.1000e-02  -8.00000000e-01     3.191e-05 
926     2.2000e-02  -8.00000000e-01     3.342e-05 
927     2.3000e-02  -8.00000000e-01     3.493e-05 
928     2.4000e-02  -8.00000000e-01     3.643e-05 
929     2.5000e-02  -8.00000000e-01     3.794e-05 
930     2.6000e-02  -8.00000000e-01     3.944e-05 
931     2.7000e-02  -8.00000000e-01     4.094e-05 
932     2.8000e-02  -8.00000000e-01     4.244e-05 
933     2.9000e-02  -8.00000000e-01     4.394e-05 
934     3.0000e-02  -8.00000000e-01     4.543e-05 
935     3.1000e-02  -8.00000000e-01     4.692e-05 
936     3.2000e-02  -8.00000000e-01     4.842e-05 
937     3.3000e-02  -8.00000000e-01     4.990e-05 
938     3.4000e-02  -8.00000000e-01     5.139e-05 
939     3.5000e-02  -8.00000000e-01     5.287e-05 
940     3.6000e-02  -8.00000000e-01     5.435e-05 
941     3.7000e-02  -8.00000000e-01     5.583e-05 
942     3.8000e-02  -8.00000000e-01     5.731e-05 
943     3.9000e-02  -8.00000000e-01     5.878e-05 
944     4.0000e-02  -8.00000000e-01     6.026e-05 
945     4.1000e-02  -8.00000000e-01     6.172e-05 
946     4.2000e-02  -8.00000000e-01     6.319e-05 
947     4.3000e-02  -8.00000000e-01     6.465e-05 
948     4.4000e-02  -8.00000000e-01     6.612e-05 
949     4.5000e-02  -8.00000000e-01     6.757e-05 
950     4.6000e-02  -8.00000000e-01     6.903e-05 
951     4.7000e-02  -8.00000000e-01     7.048e-05 
952     4.8000e-02  -8.00000000e-01     7.193e-05 
953     4.9000e-02  -8.00000000e-01     7.338e-05 
954     5.0000e-02  -8.00000000e-01     7.482e-05 
955     5.1000e-02  -8.00000000e-01     7.626e-05 
956     5.2000e-02  -8.00000000e-01     7.770e-05 
957     5.3000e-02  -8.00000000e-01     7.914e-05 
958     5.4000e-02  -8.00000000e-01     8.057e-05 
959     5.5000e-02  -8.00000000e-01     8.200e-05 
960     5.6000e-02  -8.00000000e-01     8.343e-05 
961     5.7000e-02  -8.00000000e-01     8.485e-05 
962     5.8000e-02  -8.00000000e-01     8.627e-05 
963     5.9000e-02  -8.00000000e-01     8.769e-05 
964     6.0000e-02  -8.00000000e-01     8.910e-05 
965     6.1000e-02  -8.00000000e-01     9.051e-05 
966     6.2000e-02  -8.00000000e-01     9.192e-05 
967     6.3000e-02  -8.00000000e-01     9.333e-05 
968     6.4000e-02  -8.00000000e-01     9.473e-05 
969     6.5000e-02  -8.00000000e-01     9.613e-05 
970     6.6000e-02  -8.00000000e-01     9.753e-05 
971     6.7000e-02  -8.00000000e-01     9.892e-05 
972     6.8000e-02  -8.00000000e-01     1.003e-04 
973     6.9000e-02  -8.00000000e-01     1.017e-04 
974     7.0000e-02  -8.00000000e-01     1.031e-04 
975     7.1000e-02  -8.00000000e-01     1.045e-04 
976     7.2000e-02  -8.00000000e-01     1.058e-04 
977     7.3000e-02  -8.00000000e-01     1.072e-04 
978     7.4000e-02  -8.00000000e-01     1.086e-04 
979     7.5000e-02  -8.00000000e-01     1.100e-04 
980     7.6000e-02  -8.00000000e-01     1.113e-04 
981     7.7000e-02  -8.00000000e-01     1.127e-04 
982     7.8000e-02  -8.00000000e-01     1.141e-04 
983     7.9000e-02  -8.00000000e-01     1.154e-04 
984     8.0000e-02  -8.00000000e-01     1.168e-04 
985     8.1000e-02  -8.00000000e-01     1.181e-04 
986     8.2000e-02  -8.00000000e-01     1.195e-04 
987     8.3000e-02  -8.00000000e-01     1.208e-04 
988     8.4000e-02  -8.00000000e-01     1.222e-04 
989     8.5000e-02  -8.00000000e-01     1.235e-04 
990     8.6000e-02  -8.00000000e-01     1.249e-04 
991     8.7000e-02  -8.00000000e-01     1.262e-04 
992     8.8000e-02  -8.00000000e-01     1.275e-04 
993     8.9000e-02  -8.00000000e-01     1.289e-04 
994     9.0000e-02  -8.00000000e-01     1.302e-04 
995     9.1000e-02  -8.00000000e-01     1.315e-04 
996     9.2000e-02  -8.00000000e-01     1.328e-04 
997     9.3000e-02  -8.00000000e-01     1.342e-04 
998     9.4000e-02  -8.00000000e-01     1.355e-04 
999     9.5000e-02  -8.00000000e-01     1.368e-04 
1000    9.6000e-02  -8.00000000e-01     1.381e-04 
1001    9.7000e-02  -8.00000000e-01     1.394e-04 
1002    9.8000e-02  -8.00000000e-01     1.407e-04 
1003    9.9000e-02  -8.00000000e-01     1.421e-04 
1004      0.10000   -8.00000000e-01     1.434e-04 
1005     -0.10000   -1.00000000e+00    -1.942e-04 
1006   -9.9000e-02  -1.00000000e+00    -1.925e-04 
1007   -9.8000e-02  -1.00000000e+00    -1.907e-04 
1008   -9.7000e-02  -1.00000000e+00    -1.889e-04 
1009   -9.6000e-02  -1.00000000e+00    -1.872e-04 
1010   -9.5000e-02  -1.00000000e+00    -1.854e-04 
1011   -9.4000e-02  -1.00000000e+00    -1.836e-04 
1012   -9.3000e-02  -1.00000000e+00    -1.818e-04 
1013   -9.2000e-02  -1.00000000e+00    -1.800e-04 
1014   -9.1000e-02  -1.00000000e+00    -1.783e-04 
1015   -9.0000e-02  -1.00000000e+00    -1.765e-04 
1016   -8.9000e-02  -1.00000000e+00    -1.747e-04 
1017   -8.8000e-02  -1.00000000e+00    -1.729e-04 
1018   -8.7000e-02  -1.00000000e+00    -1.710e-04 
1019   -8.6000e-02  -1.00000000e+00    -1.692e-04 
1020   -8.5000e-02  -1.00000000e+00    -1.674e-04 
1021   -8.4000e-02  -1.00000000e+00    -1.656e-04 
1022   -8.3000e-02  -1.00000000e+00    -1.638e-04 
1023   -8.2000e-02  -1.00000000e+00    -1.619e-04 
1024   -8.1000e-02  -1.00000000e+00    -1.601e-04 
1025   -8.0000e-02  -1.00000000e+00    -1.583e-04 
1026   -7.9000e-02  -1.00000000e+00    -1.564e-04 
1027   -7.8000e-02  -1.00000000e+00    -1.546e-04 
1028   -7.7000e-02  -1.00000000e+00    -1.527e-04 
1029   -7.6000e-02  -1.00000000e+00    -1.509e-04 
1030   -7.5000e-02  -1.00000000e+00    -1.490e-04 
1031   -7.4000e-02  -1.00000000e+00    -1.471e-04 
1032   -7.3000e-02  -1.00000000e+00    -1.453e-04 
1033   -7.2000e-02  -1.00000000e+00    -1.434e-04 
1034   -7.1000e-02  -1.00000000e+00    -1.415e-04 
1035   -7.0000e-02  -1.00000000e+00    -1.396e-04 
1036   -6.9000e-02  -1.00000000e+00    -1.377e-04 
1037   -6.8000e-02  -1.00000000e+00    -1.359e-04 
1038   -6.7000e-02  -1.00000000e+00    -1.340e-04 
1039   -6.6000e-02  -1.00000000e+00    -1.321e-04 
1040   -6.5000e-02  -1.00000000e+00    -1.302e-04 
1041   -6.4000e-02  -1.00000000e+00    -1.283e-04 
1042   -6.3000e-02  -1.00000000e+00    -1.263e-04 
1043   -6.2000e-02  -1.00000000e+00    -1.244e-04 
1044   -6.1000e-02  -1.00000000e+00    -1.225e-04 
1045   -6.0000e-02  -1.00000000e+00    -1.206e-04 
1046   -5.9000e-02  -1.00000000e+00    -1.187e-04 
1047   -5.8000e-02  -1.00000000e+00    -1.167e-04 
1048   -5.7000e-02  -1.00000000e+00    -1.148e-04 
1049   -5.6000e-02  -1.00000000e+00    -1.129e-04 
1050   -5.5000e-02  -1.00000000e+00    -1.109e-04 
1051   -5.4000e-02  -1.00000000e+00    -1.090e-04 
1052   -5.3000e-02  -1.00000000e+00    -1.070e-04 
1053   -5.2000e-02  -1.00000000e+00    -1.051e-04 
1054   -5.1000e-02  -1.00000000e+00    -1.031e-04 
1055   -5.0000e-02  -1.00000000e+00    -1.011e-04 
1056   -4.9000e-02  -1.00000000e+00    -9.918e-05 
1057   -4.8000e-02  -1.00000000e+00    -9.721e-05 
1058   -4.7000e-02  -1.00000000e+00    -9.524e-05 
1059   -4.6000e-02  -1.00000000e+00    -9.326e-05 
1060   -4.5000e-02  -1.00000000e+00    -9.129e-05 
1061   -4.4000e-02  -1.00000000e+00    -8.931e-05 
1062   -4.3000e-02  -1.00000000e+00    -8.732e-05 
1063   -4.2000e-02  -1.00000000e+00    -8.533e-05 
1064   -4.1000e-02  -1.00000000e+00    -8.334e-05 
1065   -4.0000e-02  -1.00000000e+00    -8.135e-05 
1066   -3.9000e-02  -1.00000000e+00    -7.935e-05 
1067   -3.8000e-02  -1.00000000e+00    -7.736e-05 
1068   -3.7000e-02  -1.00000000e+00    -7.535e-05 
1069   -3.6000e-02  -1.00000000e+00    -7.335e-05 
1070   -3.5000e-02  -1.00000000e+00    -7.134e-05 
1071   -3.4000e-02  -1.00000000e+00    -6.933e-05 
1072   -3.3000e-02  -1.00000000e+00    -6.732e-05 
1073   -3.2000e-02  -1.00000000e+00    -6.531e-05 
1074   -3.1000e-02  -1.00000000e+00    -6.329e-05 
1075   -3.0000e-02  -1.00000000e+00    -6.127e-05 
1076   -2.9000e-02  -1.00000000e+00    -5.925e-05 
1077   -2.8000e-02  -1.00000000e+00    -5.722e-05 
1078   -2.7000e-02  -1.00000000e+00    -5.520e-05 
1079   -2.6000e-02  -1.00000000e+00    -5.317e-05 
1080   -2.5000e-02  -1.00000000e+00    -5.114e-05 
1081   -2.4000e-02  -1.00000000e+00    -4.911e-05 
1082   -2.3000e-02  -1.00000000e+00    -4.708e-05 
1083   -2.2000e-02  -1.00000000e+00    -4.504e-05 
1084   -2.1000e-02  -1.00000000e+00    -4.300e-05 
1085   -2.0000e-02  -1.00000000e+00    -4.097e-05 
1086   -1.9000e-02  -1.00000000e+00    -3.893e-05 
1087   -1.8000e-02  -1.00000000e+00    -3.688e-05 
1088   -1.7000e-02  -1.00000000e+00    -3.484e-05 
1089   -1.6000e-02  -1.00000000e+00    -3.280e-05 
1090   -1.5000e-02  -1.00000000e+00    -3.075e-05 
1091   -1.4000e-02  -1.00000000e+00    -2.871e-05 
1092   -1.3000e-02  -1.00000000e+00    -2.666e-05 
1093   -1.2000e-02  -1.00000000e+00    -2.461e-05 
1094   -1.1000e-02  -1.00000000e+00    -2.257e-05 
1095   -1.0000e-02  -1.00000000e+00    -2.052e-05 
1096   -9.0000e-03  -1.00000000e+00    -1.847e-05 
1097   -8.0000e-03  -1.00000000e+00    -1.642e-05 
1098   -7.0000e-03  -1.00000000e+00    -1.436e-05 
1099   -6.0000e-03  -1.00000000e+00    -1.231e-05 
1100   -5.0000e-03  -1.00000000e+00    -1.026e-05 
1101   -4.0000e-03  -1.00000000e+00    -8.210e-06 
1102   -3.0000e-03  -1.00000000e+00    -6.158e-06 
1103   -2.0000e-03  -1.00000000e+00    -4.105e-06 
1104   -1.0000e-03  -1.00000000e+00    -2.053e-06 
1105      0.        -1.00000000e+00     5.427e-14 
1106    1.0000e-03  -1.00000000e+00     2.053e-06 
1107    2.0000e-03  -1.00000000e+00     4.105e-06 
1108    3.0000e-03  -1.00000000e+00     6.158e-06 
1109    4.0000e-03  -1.00000000e+00     8.210e-06 
1110    5.0000e-03  -1.00000000e+00     1.026e-05 
1111    6.0000e-03  -1.00000000e+00     1.231e-05 
1112    7.0000e-03  -1.00000000e+00     1.436e-05 
1113    8.0000e-03  -1.00000000e+00     1.642e-05 
1114    9.0000e-03  -1.00000000e+00     1.847e-05 
1115    1.0000e-02  -1.00000000e+00     2.052e-05 
1116    1.1000e-02  -1.00000000e+00     2.257e-05 
1117    1.2000e-02  -1.00000000e+00     2.461e-05 
1118    1.3000e-02  -1.00000000e+00     2.666e-05 
1119    1.4000e-02  -1.00000000e+00     2.871e-05 
1120    1.5000e-02  -1.00000000e+00     3.075e-05 
1121    1.6000e-02  -1.00000000e+00     3.280e-05 
1122    1.7000e-02  -1.00000000e+00     3.484e-05 
1123    1.8000e-02  -1.00000000e+00     3.688e-05 
1124    1.9000e-02  -1.00000000e+00     3.893e-05 
1125    2.0000e-02  -1.00000000e+00     4.097e-05 
1126    2.1000e-02  -1.00000000e+00     4.300e-05 
1127    2.2000e-02  -1.00000000e+00     4.504e-05 
1128    2.3000e-02  -1.00000000e+00     4.708e-05 
1129    2.4000e-02  -1.00000000e+00     4.911e-05 
1130    2.5000e-02  -1.00000000e+00     5.114e-05 
1131    2.6000e-02  -1.00000000e+00     5.317e-05 
1132    2.7000e-02  -1.00000000e+00     5.520e-05 
1133    2.8000e-02  -1.00000000e+00     5.722e-05 
1134    2.9000e-02  -1.00000000e+00     5.925e-05 
1135    3.0000e-02  -1.00000000e+00     6.127e-05 
1136    3.1000e-02  -1.00000000e+00     6.329e-05 
1137    3.2000e-02  -1.00000000e+00     6.531e-05 
1138    3.3000e-02  -1.00000000e+00     6.732e-05 
1139    3.4000e-02  -1.00000000e+00     6.933e-05 
1140    3.5000e-02  -1.00000000e+00     7.134e-05 
1141    3.6000e-02  -1.00000000e+00     7.335e-05 
1142    3.7000e-02  -1.00000000e+00     7.535e-05 
1143    3.8000e-02  -1.00000000e+00     7.736e-05 
1144    3.9000e-02  -1.00000000e+00     7.935e-05 
1145    4.0000e-02  -1.00000000e+00     8.135e-05 
1146    4.1000e-02  -1.00000000e+00     8.334e-05 
1147    4.2000e-02  -1.00000000e+00     8.533e-05 
1148    4.3000e-02  -1.00000000e+00     8.732e-05 
1149    4.4000e-02  -1.00000000e+00     8.931e-05 
1150    4.5000e-02  -1.00000000e+00     9.129e-05 
1151    4.6000e-02  -1.00000000e+00     9.326e-05 
1152    4.7000e-02  -1.00000000e+00     9.524e-05 
1153    4.8000e-02  -1.00000000e+00     9.721e-05 
1154    4.9000e-02  -1.00000000e+00     9.918e-05 
1155    5.0000e-02  -1.00000000e+00     1.011e-04 
1156    5.1000e-02  -1.00000000e+00     1.031e-04 
1157    5.2000e-02  -1.00000000e+00     1.051e-04 
1158    5.3000e-02  -1.00000000e+00     1.070e-04 
1159    5.4000e-02  -1.00000000e+00     1.090e-04 
1160    5.5000e-02  -1.00000000e+00     1.109e-04 
1161    5.6000e-02  -1.00000000e+00     1.129e-04 
1162    5.7000e-02  -1.00000000e+00     1.148e-04 
1163    5.8000e-02  -1.00000000e+00     1.167e-04 
1164    5.9000e-02  -1.00000000e+00     1.187e-04 
1165    6.0000e-02  -1.00000000e+00     1.206e-04 
1166    6.1000e-02  -1.00000000e+00     1.225e-04 
1167    6.2000e-02  -1.00000000e+00     1.244e-04 
1168    6.3000e-02  -1.00000000e+00     1.263e-04 
1169    6.4000e-02  -1.00000000e+00     1.283e-04 
1170    6.5000e-02  -1.00000000e+00     1.302e-04 
1171    6.6000e-02  -1.00000000e+00     1.321e-04 
1172    6.7000e-02  -1.00000000e+00     1.340e-04 
1173    6.8000e-02  -1.00000000e+00     1.359e-04 
1174    6.9000e-02  -1.00000000e+00     1.377e-04 
1175    7.0000e-02  -1.00000000e+00     1.396e-04 
1176    7.1000e-02  -1.00000000e+00     1.415e-04 
1177    7.2000e-02  -1.00000000e+00     1.434e-04 
1178    7.3000e-02  -1.00000000e+00     1.453e-04 
1179    7.4000e-02  -1.00000000e+00     1.471e-04 
1180    7.5000e-02  -1.00000000e+00     1.490e-04 
1181    7.6000e-02  -1.00000000e+00     1.509e-04 
1182    7.7000e-02  -1.00000000e+00     1.527e-04 
1183    7.8000e-02  -1.00000000e+00     1.546e-04 
1184    7.9000e-02  -1.00000000e+00     1.564e-04 
1185    8.0000e-02  -1.00000000e+00     1.583e-04 
1186    8.1000e-02  -1.00000000e+00     1.601e-04 
1187    8.2000e-02  -1.00000000e+00     1.619e-04 
1188    8.3000e-02  -1.00000000e+00     1.638e-04 
1189    8.4000e-02  -1.00000000e+00     1.656e-04 
1190    8.5000e-02  -1.00000000e+00     1.674e-04 
1191    8.6000e-02  -1.00000000e+00     1.692e-04 
1192    8.7000e-02  -1.00000000e+00     1.710e-04 
1193    8.8000e-02  -1.00000000e+00     1.729e-04 
1194    8.9000e-02  -1.00000000e+00     1.747e-04 
1195    9.0000e-02  -1.00000000e+00     1.765e-04 
1196    9.1000e-02  -1.00000000e+00     1.783e-04 
1197    9.2000e-02  -1.00000000e+00     1.800e-04 
1198    9.3000e-02  -1.00000000e+00     1.818e-04 
1199    9.4000e-02  -1.00000000e+00     1.836e-04 
1200    9.5000e-02  -1.00000000e+00     1.854e-04 
1201    9.6000e-02  -1.00000000e+00     1.872e-04 
1202    9.7000e-02  -1.00000000e+00     1.889e-04 
1203    9.8000e-02  -1.00000000e+00     1.907e-04 
1204    9.9000e-02  -1.00000000e+00     1.925e-04 
1205      0.10000   -1.00000000e+00     1.942e-04 
End of Xyce(TM) Simulation