Index        TIME           {V(1)+2}
0       0.00000000e+00   2.58000000e+00   
1       1.00000000e-11   2.57763330e+00   
2       2.00000000e-11   2.57294565e+00   
3       3.00000000e-11   2.56710365e+00   
4       4.00000000e-11   2.55896750e+00   
5       5.00000000e-11   2.54857087e+00   
6       6.00000000e-11   2.53595652e+00   
7       7.00000000e-11   2.52117603e+00   
8       8.00000000e-11   2.50428962e+00   
9       9.00000000e-11   2.48536588e+00   
10      1.00000000e-10   2.46448147e+00   
11      1.10000000e-10   2.44172083e+00   
12      1.20000000e-10   2.41717580e+00   
13      1.30000000e-10   2.39094530e+00   
14      1.40000000e-10   2.36313488e+00   
15      1.50000000e-10   2.33385639e+00   
16      1.60000000e-10   2.30322747e+00   
17      1.70000000e-10   2.27137116e+00   
18      1.80000000e-10   2.23841543e+00   
19      1.90000000e-10   2.20449268e+00   
20      2.00000000e-10   2.16973927e+00   
21      2.10000000e-10   2.13429499e+00   
22      2.20000000e-10   2.09830258e+00   
23      2.30000000e-10   2.06190711e+00   
24      2.40000000e-10   2.02525552e+00   
25      2.50000000e-10   1.98849596e+00   
26      2.60000000e-10   1.95177728e+00   
27      2.70000000e-10   1.91524836e+00   
28      2.80000000e-10   1.87905755e+00   
29      2.90000000e-10   1.84335201e+00   
30      3.00000000e-10   1.80827714e+00   
31      3.10000000e-10   1.77397590e+00   
32      3.20000000e-10   1.74058821e+00   
33      3.30000000e-10   1.70825034e+00   
34      3.40000000e-10   1.67709434e+00   
35      3.50000000e-10   1.64724742e+00   
36      3.60000000e-10   1.61883141e+00   
37      3.70000000e-10   1.59196225e+00   
38      3.80000000e-10   1.56674948e+00   
39      3.90000000e-10   1.54329577e+00   
40      4.00000000e-10   1.52169650e+00   
41      4.10000000e-10   1.50203937e+00   
42      4.20000000e-10   1.48440400e+00   
43      4.30000000e-10   1.46886170e+00   
44      4.40000000e-10   1.45547508e+00   
45      4.50000000e-10   1.44429792e+00   
46      4.60000000e-10   1.43537489e+00   
47      4.70000000e-10   1.42874142e+00   
48      4.80000000e-10   1.42442358e+00   
49      4.90000000e-10   1.42243800e+00   
50      5.00000000e-10   1.42279184e+00   
51      5.10000000e-10   1.42548276e+00   
52      5.20000000e-10   1.43049898e+00   
53      5.30000000e-10   1.43781934e+00   
54      5.40000000e-10   1.44741343e+00   
55      5.50000000e-10   1.45924173e+00   
56      5.60000000e-10   1.47325578e+00   
57      5.70000000e-10   1.48939840e+00   
58      5.80000000e-10   1.50760397e+00   
59      5.90000000e-10   1.52779867e+00   
60      6.00000000e-10   1.54990079e+00   
61      6.10000000e-10   1.57382108e+00   
62      6.20000000e-10   1.59946312e+00   
63      6.30000000e-10   1.62672366e+00   
64      6.40000000e-10   1.65549304e+00   
65      6.50000000e-10   1.68565565e+00   
66      6.60000000e-10   1.71709029e+00   
67      6.70000000e-10   1.74967071e+00   
68      6.80000000e-10   1.78326602e+00   
69      6.90000000e-10   1.81774121e+00   
70      7.00000000e-10   1.85295764e+00   
71      7.10000000e-10   1.88877355e+00   
72      7.20000000e-10   1.92504464e+00   
73      7.30000000e-10   1.96162455e+00   
74      7.40000000e-10   1.99836548e+00   
75      7.50000000e-10   2.03511877e+00   
76      7.60000000e-10   2.07173546e+00   
77      7.70000000e-10   2.10806692e+00   
78      7.80000000e-10   2.14396548e+00   
79      7.90000000e-10   2.17928504e+00   
80      8.00000000e-10   2.21388168e+00   
81      8.10000000e-10   2.24761432e+00   
82      8.20000000e-10   2.28034529e+00   
83      8.30000000e-10   2.31194096e+00   
84      8.40000000e-10   2.34227233e+00   
85      8.50000000e-10   2.37121555e+00   
86      8.60000000e-10   2.39865253e+00   
87      8.70000000e-10   2.42447136e+00   
88      8.80000000e-10   2.44856686e+00   
89      8.90000000e-10   2.47084100e+00   
90      9.00000000e-10   2.49120329e+00   
91      9.10000000e-10   2.50957116e+00   
92      9.20000000e-10   2.52587030e+00   
93      9.30000000e-10   2.54003496e+00   
94      9.40000000e-10   2.55200816e+00   
95      9.50000000e-10   2.56174198e+00   
96      9.60000000e-10   2.56919764e+00   
97      9.70000000e-10   2.57434572e+00   
98      9.80000000e-10   2.57716622e+00   
99      9.90000000e-10   2.57764857e+00   
100     1.00000000e-09   2.57579175e+00   
101     1.01000000e-09   2.57160415e+00   
102     1.02000000e-09   2.56510360e+00   
103     1.03000000e-09   2.55631722e+00   
104     1.04000000e-09   2.54528130e+00   
105     1.05000000e-09   2.53204113e+00   
106     1.06000000e-09   2.51665080e+00   
107     1.07000000e-09   2.49917295e+00   
108     1.08000000e-09   2.47967852e+00   
109     1.09000000e-09   2.45824644e+00   
110     1.10000000e-09   2.43496330e+00   
111     1.11000000e-09   2.40992302e+00   
112     1.12000000e-09   2.38322647e+00   
113     1.13000000e-09   2.35498106e+00   
114     1.14000000e-09   2.32530034e+00   
115     1.15000000e-09   2.29430356e+00   
116     1.16000000e-09   2.26211525e+00   
117     1.17000000e-09   2.22886469e+00   
118     1.18000000e-09   2.19468550e+00   
119     1.19000000e-09   2.15971508e+00   
120     1.20000000e-09   2.12409415e+00   
121     1.21000000e-09   2.08796617e+00   
122     1.22000000e-09   2.05147686e+00   
123     1.23000000e-09   2.01477355e+00   
124     1.24000000e-09   1.97800470e+00   
125     1.25000000e-09   1.94131924e+00   
126     1.26000000e-09   1.90486599e+00   
127     1.27000000e-09   1.86879305e+00   
128     1.28000000e-09   1.83324716e+00   
129     1.29000000e-09   1.79837311e+00   
130     1.30000000e-09   1.76431308e+00   
131     1.31000000e-09   1.73120603e+00   
132     1.32000000e-09   1.69918711e+00   
133     1.33000000e-09   1.66838706e+00   
134     1.34000000e-09   1.63893164e+00   
135     1.35000000e-09   1.61094107e+00   
136     1.36000000e-09   1.58452953e+00   
137     1.37000000e-09   1.55980466e+00   
138     1.38000000e-09   1.53686711e+00   
139     1.39000000e-09   1.51581012e+00   
140     1.40000000e-09   1.49671913e+00   
141     1.41000000e-09   1.47967144e+00   
142     1.42000000e-09   1.46473591e+00   
143     1.43000000e-09   1.45197266e+00   
144     1.44000000e-09   1.44143290e+00   
145     1.45000000e-09   1.43315868e+00   
146     1.46000000e-09   1.42718278e+00   
147     1.47000000e-09   1.42352858e+00   
148     1.48000000e-09   1.42221003e+00   
149     1.49000000e-09   1.42323156e+00   
150     1.50000000e-09   1.42658812e+00   
151     1.51000000e-09   1.43226527e+00   
152     1.52000000e-09   1.44023917e+00   
153     1.53000000e-09   1.45047681e+00   
154     1.54000000e-09   1.46293606e+00   
155     1.55000000e-09   1.47756597e+00   
156     1.56000000e-09   1.49430691e+00   
157     1.57000000e-09   1.51309088e+00   
158     1.58000000e-09   1.53384174e+00   
159     1.59000000e-09   1.55647562e+00   
160     1.60000000e-09   1.58090114e+00   
161     1.61000000e-09   1.60701989e+00   
162     1.62000000e-09   1.63472673e+00   
163     1.63000000e-09   1.66391025e+00   
164     1.64000000e-09   1.69445316e+00   
165     1.65000000e-09   1.72623278e+00   
166     1.66000000e-09   1.75912145e+00   
167     1.67000000e-09   1.79298703e+00   
168     1.68000000e-09   1.82769341e+00   
169     1.69000000e-09   1.86310098e+00   
170     1.70000000e-09   1.89906719e+00   
171     1.71000000e-09   1.93544706e+00   
172     1.72000000e-09   1.97209375e+00   
173     1.73000000e-09   2.00885912e+00   
174     1.74000000e-09   2.04559434e+00   
175     1.75000000e-09   2.08215046e+00   
176     1.76000000e-09   2.11837904e+00   
177     1.77000000e-09   2.15413278e+00   
178     1.78000000e-09   2.18926610e+00   
179     1.79000000e-09   2.22363581e+00   
180     1.80000000e-09   2.25710172e+00   
181     1.81000000e-09   2.28952724e+00   
182     1.82000000e-09   2.32077996e+00   
183     1.83000000e-09   2.35073228e+00   
184     1.84000000e-09   2.37926194e+00   
185     1.85000000e-09   2.40625252e+00   
186     1.86000000e-09   2.43159398e+00   
187     1.87000000e-09   2.45518312e+00   
188     1.88000000e-09   2.47692400e+00   
189     1.89000000e-09   2.49672834e+00   
190     1.90000000e-09   2.51451589e+00   
191     1.91000000e-09   2.53021473e+00   
192     1.92000000e-09   2.54376160e+00   
193     1.93000000e-09   2.55510206e+00   
194     1.94000000e-09   2.56419077e+00   
195     1.95000000e-09   2.57099163e+00   
196     1.96000000e-09   2.57547787e+00   
197     1.97000000e-09   2.57763218e+00   
198     1.98000000e-09   2.57744673e+00   
199     1.99000000e-09   2.57492317e+00   
200     2.00000000e-09   2.57007261e+00   
201     2.01000000e-09   2.56291553e+00   
202     2.02000000e-09   2.55348169e+00   
203     2.03000000e-09   2.54180998e+00   
204     2.04000000e-09   2.52794824e+00   
205     2.05000000e-09   2.51195301e+00   
206     2.06000000e-09   2.49388936e+00   
207     2.07000000e-09   2.47383054e+00   
208     2.08000000e-09   2.45185771e+00   
209     2.09000000e-09   2.42805962e+00   
210     2.10000000e-09   2.40253220e+00   
211     2.11000000e-09   2.37537826e+00   
212     2.12000000e-09   2.34670703e+00   
213     2.13000000e-09   2.31663373e+00   
214     2.14000000e-09   2.28527919e+00   
215     2.15000000e-09   2.25276937e+00   
216     2.16000000e-09   2.21923485e+00   
217     2.17000000e-09   2.18481040e+00   
218     2.18000000e-09   2.14963444e+00   
219     2.19000000e-09   2.11384855e+00   
220     2.20000000e-09   2.07759693e+00   
221     2.21000000e-09   2.04102581e+00   
222     2.22000000e-09   2.00428295e+00   
223     2.23000000e-09   1.96751701e+00   
224     2.24000000e-09   1.93087698e+00   
225     2.25000000e-09   1.89451157e+00   
226     2.26000000e-09   1.85856856e+00   
227     2.27000000e-09   1.82319424e+00   
228     2.28000000e-09   1.78853272e+00   
229     2.29000000e-09   1.75472536e+00   
230     2.30000000e-09   1.72191012e+00   
231     2.31000000e-09   1.69022097e+00   
232     2.32000000e-09   1.65978730e+00   
233     2.33000000e-09   1.63073336e+00   
234     2.34000000e-09   1.60317772e+00   
235     2.35000000e-09   1.57723277e+00   
236     2.36000000e-09   1.55300420e+00   
237     2.37000000e-09   1.53059062e+00   
238     2.38000000e-09   1.51008308e+00   
239     2.39000000e-09   1.49156475e+00   
240     2.40000000e-09   1.47511056e+00   
241     2.41000000e-09   1.46078692e+00   
242     2.42000000e-09   1.44865143e+00   
243     2.43000000e-09   1.43875271e+00   
244     2.44000000e-09   1.43113019e+00   
245     2.45000000e-09   1.42581399e+00   
246     2.46000000e-09   1.42282479e+00   
247     2.47000000e-09   1.42217382e+00   
248     2.48000000e-09   1.42386283e+00   
249     2.49000000e-09   1.42788407e+00   
250     2.50000000e-09   1.43422039e+00   
251     2.51000000e-09   1.44284533e+00   
252     2.52000000e-09   1.45372325e+00   
253     2.53000000e-09   1.46680949e+00   
254     2.54000000e-09   1.48205057e+00   
255     2.55000000e-09   1.49938443e+00   
256     2.56000000e-09   1.51874072e+00   
257     2.57000000e-09   1.54004106e+00   
258     2.58000000e-09   1.56319936e+00   
259     2.59000000e-09   1.58812220e+00   
260     2.60000000e-09   1.61470919e+00   
261     2.61000000e-09   1.64285334e+00   
262     2.62000000e-09   1.67244150e+00   
263     2.63000000e-09   1.70335478e+00   
264     2.64000000e-09   1.73546901e+00   
265     2.65000000e-09   1.76865518e+00   
266     2.66000000e-09   1.80277997e+00   
267     2.67000000e-09   1.83770617e+00   
268     2.68000000e-09   1.87329326e+00   
269     2.69000000e-09   1.90939793e+00   
270     2.70000000e-09   1.94587458e+00   
271     2.71000000e-09   1.98257591e+00   
272     2.72000000e-09   2.01935353e+00   
273     2.73000000e-09   2.05605846e+00   
274     2.74000000e-09   2.09254183e+00   
275     2.75000000e-09   2.12865543e+00   
276     2.76000000e-09   2.16425237e+00   
277     2.77000000e-09   2.19918765e+00   
278     2.78000000e-09   2.23331887e+00   
279     2.79000000e-09   2.26650678e+00   
280     2.80000000e-09   2.29861588e+00   
281     2.81000000e-09   2.32951509e+00   
282     2.82000000e-09   2.35907823e+00   
283     2.83000000e-09   2.38718465e+00   
284     2.84000000e-09   2.41371967e+00   
285     2.85000000e-09   2.43857516e+00   
286     2.86000000e-09   2.46164991e+00   
287     2.87000000e-09   2.48285012e+00   
288     2.88000000e-09   2.50208977e+00   
289     2.89000000e-09   2.51929092e+00   
290     2.90000000e-09   2.53438410e+00   
291     2.91000000e-09   2.54730851e+00   
292     2.92000000e-09   2.55801232e+00   
293     2.93000000e-09   2.56645278e+00   
294     2.94000000e-09   2.57259643e+00   
295     2.95000000e-09   2.57641921e+00   
296     2.96000000e-09   2.57790649e+00   
297     2.97000000e-09   2.57705316e+00   
298     2.98000000e-09   2.57386357e+00   
299     2.99000000e-09   2.56835151e+00   
300     3.00000000e-09   2.56054014e+00   
301     3.01000000e-09   2.55046184e+00   
302     3.02000000e-09   2.53815807e+00   
303     3.03000000e-09   2.52367919e+00   
304     3.04000000e-09   2.50708422e+00   
305     3.05000000e-09   2.48844059e+00   
306     3.06000000e-09   2.46782386e+00   
307     3.07000000e-09   2.44531739e+00   
308     3.08000000e-09   2.42101205e+00   
309     3.09000000e-09   2.39500578e+00   
310     3.10000000e-09   2.36740327e+00   
311     3.11000000e-09   2.33831552e+00   
312     3.12000000e-09   2.30785943e+00   
313     3.13000000e-09   2.27615735e+00   
314     3.14000000e-09   2.24333662e+00   
315     3.15000000e-09   2.20952910e+00   
316     3.16000000e-09   2.17487066e+00   
317     3.17000000e-09   2.13950071e+00   
318     3.18000000e-09   2.10356164e+00   
319     3.19000000e-09   2.06719831e+00   
320     3.20000000e-09   2.03055747e+00   
321     3.21000000e-09   1.99378723e+00   
322     3.22000000e-09   1.95703642e+00   
323     3.23000000e-09   1.92045403e+00   
324     3.24000000e-09   1.88418858e+00   
325     3.25000000e-09   1.84838755e+00   
326     3.26000000e-09   1.81319665e+00   
327     3.27000000e-09   1.77875933e+00   
328     3.28000000e-09   1.74521603e+00   
329     3.29000000e-09   1.71270367e+00   
330     3.30000000e-09   1.68135499e+00   
331     3.31000000e-09   1.65129799e+00   
332     3.32000000e-09   1.62265537e+00   
333     3.33000000e-09   1.59554402e+00   
334     3.34000000e-09   1.57007446e+00   
335     3.35000000e-09   1.54635043e+00   
336     3.36000000e-09   1.52446843e+00   
337     3.37000000e-09   1.50451733e+00   
338     3.38000000e-09   1.48657798e+00   
339     3.39000000e-09   1.47072292e+00   
340     3.40000000e-09   1.45701608e+00   
341     3.41000000e-09   1.44551253e+00   
342     3.42000000e-09   1.43625829e+00   
343     3.43000000e-09   1.42929014e+00   
344     3.44000000e-09   1.42463553e+00   
345     3.45000000e-09   1.42231245e+00   
346     3.46000000e-09   1.42232942e+00   
347     3.47000000e-09   1.42468548e+00   
348     3.48000000e-09   1.42937018e+00   
349     3.49000000e-09   1.43636371e+00   
350     3.50000000e-09   1.44563697e+00   
351     3.51000000e-09   1.45715171e+00   
352     3.52000000e-09   1.47086074e+00   
353     3.53000000e-09   1.48670808e+00   
354     3.54000000e-09   1.50462928e+00   
355     3.55000000e-09   1.52455165e+00   
356     3.56000000e-09   1.54639456e+00   
357     3.57000000e-09   1.57006979e+00   
358     3.58000000e-09   1.59548187e+00   
359     3.59000000e-09   1.62252847e+00   
360     3.60000000e-09   1.65110079e+00   
361     3.61000000e-09   1.68108397e+00   
362     3.62000000e-09   1.71235755e+00   
363     3.63000000e-09   1.74479592e+00   
364     3.64000000e-09   1.77826877e+00   
365     3.65000000e-09   1.81264158e+00   
366     3.66000000e-09   1.84777615e+00   
367     3.67000000e-09   1.88353108e+00   
368     3.68000000e-09   1.91976231e+00   
369     3.69000000e-09   1.95632369e+00   
370     3.70000000e-09   1.99306753e+00   
371     3.71000000e-09   2.02984518e+00   
372     3.72000000e-09   2.06650762e+00   
373     3.73000000e-09   2.10290607e+00   
374     3.74000000e-09   2.13889261e+00   
375     3.75000000e-09   2.17432081e+00   
376     3.76000000e-09   2.20904633e+00   
377     3.77000000e-09   2.24292757e+00   
378     3.78000000e-09   2.27582627e+00   
379     3.79000000e-09   2.30760813e+00   
380     3.80000000e-09   2.33814337e+00   
381     3.81000000e-09   2.36730733e+00   
382     3.82000000e-09   2.39498097e+00   
383     3.83000000e-09   2.42105144e+00   
384     3.84000000e-09   2.44541250e+00   
385     3.85000000e-09   2.46796502e+00   
386     3.86000000e-09   2.48861735e+00   
387     3.87000000e-09   2.50728574e+00   
388     3.88000000e-09   2.52389462e+00   
389     3.89000000e-09   2.53837696e+00   
390     3.90000000e-09   2.55067449e+00   
391     3.91000000e-09   2.56073794e+00   
392     3.92000000e-09   2.56852720e+00   
393     3.93000000e-09   2.57401148e+00   
394     3.94000000e-09   2.57716939e+00   
395     3.95000000e-09   2.57798902e+00   
396     3.96000000e-09   2.57646797e+00   
397     3.97000000e-09   2.57261327e+00   
398     3.98000000e-09   2.56644142e+00   
399     3.99000000e-09   2.55797822e+00   
400     4.00000000e-09   2.54725865e+00   
401     4.01000000e-09   2.53432676e+00   
402     4.02000000e-09   2.51923540e+00   
403     4.03000000e-09   2.50204603e+00   
404     4.04000000e-09   2.48282844e+00   
405     4.05000000e-09   2.46166046e+00   
406     4.06000000e-09   2.43862764e+00   
407     4.07000000e-09   2.41382292e+00   
408     4.08000000e-09   2.38734623e+00   
409     4.09000000e-09   2.35930411e+00   
410     4.10000000e-09   2.32980931e+00   
411     4.11000000e-09   2.29898035e+00   
412     4.12000000e-09   2.26694105e+00   
413     4.13000000e-09   2.23382013e+00   
414     4.14000000e-09   2.19975066e+00   
415     4.15000000e-09   2.16486959e+00   
416     4.16000000e-09   2.12931725e+00   
417     4.17000000e-09   2.09323683e+00   
418     4.18000000e-09   2.05677379e+00   
419     4.19000000e-09   2.02007536e+00   
420     4.20000000e-09   1.98328992e+00   
421     4.21000000e-09   1.94656645e+00   
422     4.22000000e-09   1.91005388e+00   
423     4.23000000e-09   1.87390054e+00   
424     4.24000000e-09   1.83825345e+00   
425     4.25000000e-09   1.80325780e+00   
426     4.26000000e-09   1.76905624e+00   
427     4.27000000e-09   1.73578831e+00   
428     4.28000000e-09   1.70358980e+00   
429     4.29000000e-09   1.67259219e+00   
430     4.30000000e-09   1.64292203e+00   
431     4.31000000e-09   1.61470045e+00   
432     4.32000000e-09   1.58804257e+00   
433     4.33000000e-09   1.56305705e+00   
434     4.34000000e-09   1.53984562e+00   
435     4.35000000e-09   1.51850266e+00   
436     4.36000000e-09   1.49911479e+00   
437     4.37000000e-09   1.48176054e+00   
438     4.38000000e-09   1.46651003e+00   
439     4.39000000e-09   1.45342470e+00   
440     4.40000000e-09   1.44255705e+00   
441     4.41000000e-09   1.43395049e+00   
442     4.42000000e-09   1.42763916e+00   
443     4.43000000e-09   1.42364782e+00   
444     4.44000000e-09   1.42199175e+00   
445     4.45000000e-09   1.42267679e+00   
446     4.46000000e-09   1.42569924e+00   
447     4.47000000e-09   1.43104598e+00   
448     4.48000000e-09   1.43869454e+00   
449     4.49000000e-09   1.44861318e+00   
450     4.50000000e-09   1.46076106e+00   
451     4.51000000e-09   1.47508847e+00   
452     4.52000000e-09   1.49153698e+00   
453     4.53000000e-09   1.51003974e+00   
454     4.54000000e-09   1.53052175e+00   
455     4.55000000e-09   1.55290017e+00   
456     4.56000000e-09   1.57708466e+00   
457     4.57000000e-09   1.60297774e+00   
458     4.58000000e-09   1.63047517e+00   
459     4.59000000e-09   1.65946636e+00   
460     4.60000000e-09   1.68983481e+00   
461     4.61000000e-09   1.72145851e+00   
462     4.62000000e-09   1.75421043e+00   
463     4.63000000e-09   1.78795901e+00   
464     4.64000000e-09   1.82256860e+00   
465     4.65000000e-09   1.85790001e+00   
466     4.66000000e-09   1.89381101e+00   
467     4.67000000e-09   1.93015686e+00   
468     4.68000000e-09   1.96679091e+00   
469     4.69000000e-09   2.00356508e+00   
470     4.70000000e-09   2.04033056e+00   
471     4.71000000e-09   2.07693829e+00   
472     4.72000000e-09   2.11323967e+00   
473     4.73000000e-09   2.14908711e+00   
474     4.74000000e-09   2.18433470e+00   
475     4.75000000e-09   2.21883878e+00   
476     4.76000000e-09   2.25245863e+00   
477     4.77000000e-09   2.28505704e+00   
478     4.78000000e-09   2.31650092e+00   
479     4.79000000e-09   2.34666186e+00   
480     4.80000000e-09   2.37541675e+00   
481     4.81000000e-09   2.40264825e+00   
482     4.82000000e-09   2.42824531e+00   
483     4.83000000e-09   2.45210368e+00   
484     4.84000000e-09   2.47412629e+00   
485     4.85000000e-09   2.49422371e+00   
486     4.86000000e-09   2.51231447e+00   
487     4.87000000e-09   2.52832541e+00   
488     4.88000000e-09   2.54219195e+00   
489     4.89000000e-09   2.55385838e+00   
490     4.90000000e-09   2.56327799e+00   
491     4.91000000e-09   2.57041333e+00   
492     4.92000000e-09   2.57523628e+00   
493     4.93000000e-09   2.57772815e+00   
494     4.94000000e-09   2.57787973e+00   
495     4.95000000e-09   2.57569133e+00   
496     4.96000000e-09   2.57117269e+00   
497     4.97000000e-09   2.56434296e+00   
498     4.98000000e-09   2.55523059e+00   
499     4.99000000e-09   2.54387318e+00   
500     5.00000000e-09   2.53031731e+00   
501     5.01000000e-09   2.51461832e+00   
502     5.02000000e-09   2.49684009e+00   
503     5.03000000e-09   2.47705475e+00   
504     5.04000000e-09   2.45534237e+00   
505     5.05000000e-09   2.43179066e+00   
506     5.06000000e-09   2.40649461e+00   
507     5.07000000e-09   2.37955609e+00   
508     5.08000000e-09   2.35108347e+00   
509     5.09000000e-09   2.32119121e+00   
510     5.10000000e-09   2.28999941e+00   
511     5.11000000e-09   2.25763335e+00   
512     5.12000000e-09   2.22422306e+00   
513     5.13000000e-09   2.18990278e+00   
514     5.14000000e-09   2.15481051e+00   
515     5.15000000e-09   2.11908748e+00   
516     5.16000000e-09   2.08287757e+00   
517     5.17000000e-09   2.04632686e+00   
518     5.18000000e-09   2.00958298e+00   
519     5.19000000e-09   1.97279455e+00   
520     5.20000000e-09   1.93611063e+00   
521     5.21000000e-09   1.89968007e+00   
522     5.22000000e-09   1.86365090e+00   
523     5.23000000e-09   1.82816971e+00   
524     5.24000000e-09   1.79338105e+00   
525     5.25000000e-09   1.75942677e+00   
526     5.26000000e-09   1.72644542e+00   
527     5.27000000e-09   1.69457163e+00   
528     5.28000000e-09   1.66393556e+00   
529     5.29000000e-09   1.63466229e+00   
530     5.30000000e-09   1.60687130e+00   
531     5.31000000e-09   1.58067593e+00   
532     5.32000000e-09   1.55618294e+00   
533     5.33000000e-09   1.53349200e+00   
534     5.34000000e-09   1.51269534e+00   
535     5.35000000e-09   1.49387731e+00   
536     5.36000000e-09   1.47711408e+00   
537     5.37000000e-09   1.46247334e+00   
538     5.38000000e-09   1.45001400e+00   
539     5.39000000e-09   1.43978600e+00   
540     5.40000000e-09   1.43183012e+00   
541     5.41000000e-09   1.42617783e+00   
542     5.42000000e-09   1.42285121e+00   
543     5.43000000e-09   1.42186284e+00   
544     5.44000000e-09   1.42321583e+00   
545     5.45000000e-09   1.42690380e+00   
546     5.46000000e-09   1.43291094e+00   
547     5.47000000e-09   1.44121212e+00   
548     5.48000000e-09   1.45177297e+00   
549     5.49000000e-09   1.46455012e+00   
550     5.50000000e-09   1.47949131e+00   
551     5.51000000e-09   1.49653568e+00   
552     5.52000000e-09   1.51561402e+00   
553     5.53000000e-09   1.53664905e+00   
554     5.54000000e-09   1.55955573e+00   
555     5.55000000e-09   1.58424164e+00   
556     5.56000000e-09   1.61060731e+00   
557     5.57000000e-09   1.63854664e+00   
558     5.58000000e-09   1.66794729e+00   
559     5.59000000e-09   1.69869112e+00   
560     5.60000000e-09   1.73065463e+00   
561     5.61000000e-09   1.76370942e+00   
562     5.62000000e-09   1.79772270e+00   
563     5.63000000e-09   1.83255773e+00   
564     5.64000000e-09   1.86807438e+00   
565     5.65000000e-09   1.90412964e+00   
566     5.66000000e-09   1.94057813e+00   
567     5.67000000e-09   1.97727272e+00   
568     5.68000000e-09   2.01406504e+00   
569     5.69000000e-09   2.05080612e+00   
570     5.70000000e-09   2.08734696e+00   
571     5.71000000e-09   2.12353914e+00   
572     5.72000000e-09   2.15923549e+00   
573     5.73000000e-09   2.19429063e+00   
574     5.74000000e-09   2.22856167e+00   
575     5.75000000e-09   2.26190882e+00   
576     5.76000000e-09   2.29419594e+00   
577     5.77000000e-09   2.32529121e+00   
578     5.78000000e-09   2.35506766e+00   
579     5.79000000e-09   2.38340374e+00   
580     5.80000000e-09   2.41018385e+00   
581     5.81000000e-09   2.43529882e+00   
582     5.82000000e-09   2.45864639e+00   
583     5.83000000e-09   2.48013161e+00   
584     5.84000000e-09   2.49966728e+00   
585     5.85000000e-09   2.51717425e+00   
586     5.86000000e-09   2.53258177e+00   
587     5.87000000e-09   2.54582777e+00   
588     5.88000000e-09   2.55685907e+00   
589     5.89000000e-09   2.56563158e+00   
590     5.90000000e-09   2.57211051e+00   
591     5.91000000e-09   2.57627040e+00   
592     5.92000000e-09   2.57809528e+00   
593     5.93000000e-09   2.57757864e+00   
594     5.94000000e-09   2.57472349e+00   
595     5.95000000e-09   2.56954227e+00   
596     5.96000000e-09   2.56205679e+00   
597     5.97000000e-09   2.55229815e+00   
598     5.98000000e-09   2.54030653e+00   
599     5.99000000e-09   2.52613103e+00   
600     6.00000000e-09   2.50982947e+00   
601     6.01000000e-09   2.49146812e+00   
602     6.02000000e-09   2.47112142e+00   
603     6.03000000e-09   2.44887167e+00   
604     6.04000000e-09   2.42480871e+00   
605     6.05000000e-09   2.39902953e+00   
606     6.06000000e-09   2.37163793e+00   
607     6.07000000e-09   2.34274406e+00   
608     6.08000000e-09   2.31246407e+00   
609     6.09000000e-09   2.28091959e+00   
610     6.10000000e-09   2.24823732e+00   
611     6.11000000e-09   2.21454857e+00   
612     6.12000000e-09   2.17998873e+00   
613     6.13000000e-09   2.14469678e+00   
614     6.14000000e-09   2.10881478e+00   
615     6.15000000e-09   2.07248733e+00   
616     6.16000000e-09   2.03586102e+00   
617     6.17000000e-09   1.99908385e+00   
618     6.18000000e-09   1.96230465e+00   
619     6.18837319e-09   1.93161253e+00   
620     6.19837319e-09   1.89521794e+00   
621     6.20837319e-09   1.85924290e+00   
622     6.21837319e-09   1.82383378e+00   
623     6.22837319e-09   1.78913487e+00   
624     6.23837319e-09   1.75528765e+00   
625     6.24837319e-09   1.72243026e+00   
626     6.25837319e-09   1.69069683e+00   
627     6.26837319e-09   1.66021694e+00   
628     6.27837319e-09   1.63111503e+00   
629     6.28837319e-09   1.60350986e+00   
630     6.29837319e-09   1.57751403e+00   
631     6.30837319e-09   1.55323345e+00   
632     6.31837319e-09   1.53076692e+00   
633     6.32837319e-09   1.51020574e+00   
634     6.33837319e-09   1.49163327e+00   
635     6.34837319e-09   1.47512469e+00   
636     6.35837319e-09   1.46074661e+00   
637     6.36837319e-09   1.44855686e+00   
638     6.37837319e-09   1.43860429e+00   
639     6.38837319e-09   1.43092854e+00   
640     6.39837319e-09   1.42555994e+00   
641     6.40837319e-09   1.42251940e+00   
642     6.41837319e-09   1.42181835e+00   
643     6.42837319e-09   1.42345873e+00   
644     6.43837319e-09   1.42743299e+00   
645     6.44837319e-09   1.43372418e+00   
646     6.45837319e-09   1.44230602e+00   
647     6.46837319e-09   1.45314302e+00   
648     6.47837319e-09   1.46619068e+00   
649     6.48837319e-09   1.48139570e+00   
650     6.49837319e-09   1.49869615e+00   
651     6.50837319e-09   1.51802181e+00   
652     6.51837319e-09   1.53929440e+00   
653     6.52837319e-09   1.56242797e+00   
654     6.53837319e-09   1.58732919e+00   
655     6.54837319e-09   1.61389774e+00   
656     6.55837319e-09   1.64202671e+00   
657     6.56837319e-09   1.67160301e+00   
658     6.57837319e-09   1.70250780e+00   
659     6.58837319e-09   1.73461693e+00   
660     6.59837319e-09   1.76780144e+00   
661     6.60837319e-09   1.80192799e+00   
662     6.61837319e-09   1.83685938e+00   
663     6.62837319e-09   1.87245508e+00   
664     6.63837319e-09   1.90857173e+00   
665     6.64837319e-09   1.94506370e+00   
666     6.65837319e-09   1.98178364e+00   
667     6.66837319e-09   2.01858306e+00   
668     6.67837319e-09   2.05531293e+00   
669     6.68837319e-09   2.09182427e+00   
670     6.69837319e-09   2.12796876e+00   
671     6.70837319e-09   2.16359937e+00   
672     6.71837319e-09   2.19857101e+00   
673     6.72837319e-09   2.23274109e+00   
674     6.73837319e-09   2.26597022e+00   
675     6.74837319e-09   2.29812274e+00   
676     6.75837319e-09   2.32906737e+00   
677     6.76837319e-09   2.35867777e+00   
678     6.77837319e-09   2.38683307e+00   
679     6.78837319e-09   2.41341841e+00   
680     6.79837319e-09   2.43832543e+00   
681     6.80837319e-09   2.46145273e+00   
682     6.81837319e-09   2.48270628e+00   
683     6.82837319e-09   2.50199984e+00   
684     6.83837319e-09   2.51925526e+00   
685     6.84837319e-09   2.53440283e+00   
686     6.85837319e-09   2.54738155e+00   
687     6.86837319e-09   2.55813934e+00   
688     6.87837319e-09   2.56663324e+00   
689     6.88837319e-09   2.57282959e+00   
690     6.89837319e-09   2.57670410e+00   
691     6.90837319e-09   2.57824194e+00   
692     6.91837319e-09   2.57743779e+00   
693     6.92837319e-09   2.57429580e+00   
694     6.93837319e-09   2.56882958e+00   
695     6.94837319e-09   2.56106210e+00   
696     6.95837319e-09   2.55102557e+00   
697     6.96837319e-09   2.53876128e+00   
698     6.97837319e-09   2.52431943e+00   
699     6.98837319e-09   2.50775891e+00   
700     6.99837319e-09   2.48914699e+00   
701     7.00837319e-09   2.46855913e+00   
702     7.01837319e-09   2.44607858e+00   
703     7.02837319e-09   2.42179608e+00   
704     7.03837319e-09   2.39580950e+00   
705     7.04837319e-09   2.36822345e+00   
706     7.05837319e-09   2.33914887e+00   
707     7.06837319e-09   2.30870261e+00   
708     7.07837319e-09   2.27700696e+00   
709     7.08837319e-09   2.24418926e+00   
710     7.09837319e-09   2.21038133e+00   
711     7.10837319e-09   2.17571906e+00   
712     7.11837319e-09   2.14034186e+00   
713     7.12837319e-09   2.10439215e+00   
714     7.13837319e-09   2.06801483e+00   
715     7.14837319e-09   2.03135671e+00   
716     7.15837319e-09   1.99456593e+00   
717     7.16837319e-09   1.95779144e+00   
718     7.17837319e-09   1.92118229e+00   
719     7.18837319e-09   1.88488714e+00   
720     7.19837319e-09   1.84905354e+00   
721     7.20837319e-09   1.81382737e+00   
722     7.21837319e-09   1.77935220e+00   
723     7.22837319e-09   1.74576863e+00   
724     7.23837319e-09   1.71321375e+00   
725     7.24837319e-09   1.68182046e+00   
726     7.25837319e-09   1.65171695e+00   
727     7.26837319e-09   1.62302613e+00   
728     7.27837319e-09   1.59586504e+00   
729     7.28837319e-09   1.57034445e+00   
730     7.29837319e-09   1.54656831e+00   
731     7.30837319e-09   1.52463331e+00   
732     7.31837319e-09   1.50462855e+00   
733     7.32837319e-09   1.48663510e+00   
734     7.33837319e-09   1.47072573e+00   
735     7.34837319e-09   1.45696458e+00   
736     7.35837319e-09   1.44540695e+00   
737     7.36837319e-09   1.43609907e+00   
738     7.37837319e-09   1.42907796e+00   
739     7.38837319e-09   1.42437126e+00   
740     7.39837319e-09   1.42199718e+00   
741     7.40837319e-09   1.42196446e+00   
742     7.41837319e-09   1.42427231e+00   
743     7.42837319e-09   1.42891050e+00   
744     7.43837319e-09   1.43585940e+00   
745     7.44837319e-09   1.44509007e+00   
746     7.45837319e-09   1.45656445e+00   
747     7.46837319e-09   1.47023549e+00   
748     7.47837319e-09   1.48604738e+00   
749     7.48837319e-09   1.50393580e+00   
750     7.49837319e-09   1.52382819e+00   
751     7.50837319e-09   1.54564403e+00   
752     7.51837319e-09   1.56929521e+00   
753     7.52837319e-09   1.59468636e+00   
754     7.53837319e-09   1.62171523e+00   
755     7.54837319e-09   1.65027308e+00   
756     7.55837319e-09   1.68024511e+00   
757     7.56837319e-09   1.71151092e+00   
758     7.57837319e-09   1.74394492e+00   
759     7.58837319e-09   1.77741681e+00   
760     7.59837319e-09   1.81179210e+00   
761     7.60837319e-09   1.84693256e+00   
762     7.61837319e-09   1.88269677e+00   
763     7.62837319e-09   1.91894066e+00   
764     7.63837319e-09   1.95551802e+00   
765     7.64837319e-09   1.99228110e+00   
766     7.65837319e-09   2.02908117e+00   
767     7.66837319e-09   2.06576913e+00   
768     7.67837319e-09   2.10219611e+00   
769     7.68837319e-09   2.13821407e+00   
770     7.69837319e-09   2.17367645e+00   
771     7.70837319e-09   2.20843878e+00   
772     7.71837319e-09   2.24235931e+00   
773     7.72837319e-09   2.27529962e+00   
774     7.73837319e-09   2.30712524e+00   
775     7.74837319e-09   2.33770621e+00   
776     7.75837319e-09   2.36691768e+00   
777     7.76837319e-09   2.39464043e+00   
778     7.77837319e-09   2.42076138e+00   
779     7.78837319e-09   2.44517411e+00   
780     7.79837319e-09   2.46777926e+00   
781     7.80837319e-09   2.48848496e+00   
782     7.81837319e-09   2.50720724e+00   
783     7.82837319e-09   2.52387032e+00   
784     7.83837319e-09   2.53840695e+00   
785     7.84837319e-09   2.55075863e+00   
786     7.85837319e-09   2.56087586e+00   
787     7.86837319e-09   2.56871832e+00   
788     7.87837319e-09   2.57425501e+00   
789     7.88837319e-09   2.57746432e+00   
790     7.89837319e-09   2.57833414e+00   
791     7.90837319e-09   2.57686185e+00   
792     7.91837319e-09   2.57305432e+00   
793     7.92837319e-09   2.56692782e+00   
794     7.93837319e-09   2.55850799e+00   
795     7.94837319e-09   2.54782965e+00   
796     7.95837319e-09   2.53493666e+00   
797     7.96837319e-09   2.51988174e+00   
798     7.97837319e-09   2.50272619e+00   
799     7.98837319e-09   2.48353967e+00   
800     7.99837319e-09   2.46239990e+00   
801     8.00837319e-09   2.43939232e+00   
802     8.01837319e-09   2.41460975e+00   
803     8.02837319e-09   2.38815205e+00   
804     8.03837319e-09   2.36012568e+00   
805     8.04837319e-09   2.33064334e+00   
806     8.05837319e-09   2.29982347e+00   
807     8.06837319e-09   2.26778990e+00   
808     8.07837319e-09   2.23467129e+00   
809     8.08837319e-09   2.20060070e+00   
810     8.09837319e-09   2.16571510e+00   
811     8.10837319e-09   2.13015482e+00   
812     8.11837319e-09   2.09406308e+00   
813     8.12837319e-09   2.05758539e+00   
814     8.13837319e-09   2.02086902e+00   
815     8.14837319e-09   1.98406243e+00   
816     8.15837319e-09   1.94731468e+00   
817     8.16837319e-09   1.91077479e+00   
818     8.17837319e-09   1.87459118e+00   
819     8.18837319e-09   1.83891102e+00   
820     8.19837319e-09   1.80387962e+00   
821     8.20837319e-09   1.76963977e+00   
822     8.21837319e-09   1.73633117e+00   
823     8.22837319e-09   1.70408977e+00   
824     8.23837319e-09   1.67304722e+00   
825     8.24837319e-09   1.64333028e+00   
826     8.25837319e-09   1.61506024e+00   
827     8.26837319e-09   1.58835244e+00   
828     8.27837319e-09   1.56331575e+00   
829     8.28837319e-09   1.54005211e+00   
830     8.29837319e-09   1.51865610e+00   
831     8.30837319e-09   1.49921456e+00   
832     8.31837319e-09   1.48180626e+00   
833     8.32837319e-09   1.46650153e+00   
834     8.33837319e-09   1.45336202e+00   
835     8.34837319e-09   1.44244047e+00   
836     8.35837319e-09   1.43378050e+00   
837     8.36837319e-09   1.42741648e+00   
838     8.37837319e-09   1.42337336e+00   
839     8.38837319e-09   1.42166666e+00   
840     8.39837319e-09   1.42230238e+00   
841     8.40837319e-09   1.42527706e+00   
842     8.41837319e-09   1.43057776e+00   
843     8.42837319e-09   1.43818218e+00   
844     8.43837319e-09   1.44805877e+00   
845     8.44837319e-09   1.46016685e+00   
846     8.45837319e-09   1.47445687e+00   
847     8.46837319e-09   1.49087053e+00   
848     8.47837319e-09   1.50934115e+00   
849     8.48837319e-09   1.52979383e+00   
850     8.49837319e-09   1.55214585e+00   
851     8.50837319e-09   1.57630698e+00   
852     8.51837319e-09   1.60217983e+00   
853     8.52837319e-09   1.62966023e+00   
854     8.53837319e-09   1.65863767e+00   
855     8.54837319e-09   1.68899569e+00   
856     8.55837319e-09   1.72061234e+00   
857     8.56837319e-09   1.75336061e+00   
858     8.57837319e-09   1.78710895e+00   
859     8.58837319e-09   1.82172172e+00   
860     8.59837319e-09   1.85705971e+00   
861     8.60837319e-09   1.89298068e+00   
862     8.61837319e-09   1.92933986e+00   
863     8.62837319e-09   1.96599053e+00   
864     8.63837319e-09   2.00278458e+00   
865     8.64837319e-09   2.03957309e+00   
866     8.65837319e-09   2.07620693e+00   
867     8.66837319e-09   2.11253739e+00   
868     8.67837319e-09   2.14841678e+00   
869     8.68837319e-09   2.18369904e+00   
870     8.69837319e-09   2.21824039e+00   
871     8.70837319e-09   2.25189995e+00   
872     8.71837319e-09   2.28454036e+00   
873     8.72837319e-09   2.31602834e+00   
874     8.73837319e-09   2.34623531e+00   
875     8.74837319e-09   2.37503797e+00   
876     8.75837319e-09   2.40231878e+00   
877     8.76837319e-09   2.42796650e+00   
878     8.77837319e-09   2.45187664e+00   
879     8.78837319e-09   2.47395196e+00   
880     8.79837319e-09   2.49410277e+00   
881     8.80837319e-09   2.51224741e+00   
882     8.81837319e-09   2.52831248e+00   
883     8.82837319e-09   2.54223319e+00   
884     8.83837319e-09   2.55395359e+00   
885     8.84837319e-09   2.56342678e+00   
886     8.85837319e-09   2.57061508e+00   
887     8.86837319e-09   2.57549014e+00   
888     8.87837319e-09   2.57803307e+00   
889     8.88837319e-09   2.57823447e+00   
890     8.89837319e-09   2.57609441e+00   
891     8.90837319e-09   2.57162248e+00   
892     8.91837319e-09   2.56483762e+00   
893     8.92837319e-09   2.55576810e+00   
894     8.93837319e-09   2.54445137e+00   
895     8.94837319e-09   2.53093383e+00   
896     8.95837319e-09   2.51527067e+00   
897     8.96837319e-09   2.49752564e+00   
898     8.97837319e-09   2.47777072e+00   
899     8.98837319e-09   2.45608588e+00   
900     8.99837319e-09   2.43255873e+00   
901     9.00837319e-09   2.40728414e+00   
902     9.01837319e-09   2.38036390e+00   
903     9.02837319e-09   2.35190633e+00   
904     9.03837319e-09   2.32202580e+00   
905     9.04837319e-09   2.29084238e+00   
906     9.05837319e-09   2.25848133e+00   
907     9.06837319e-09   2.22507262e+00   
908     9.07837319e-09   2.19075052e+00   
909     9.08837319e-09   2.15565302e+00   
910     9.09837319e-09   2.11992135e+00   
911     9.10837319e-09   2.08369946e+00   
912     9.11837319e-09   2.04713343e+00   
913     9.12837319e-09   2.01037097e+00   
914     9.13837319e-09   1.97356077e+00   
915     9.14837319e-09   1.93685197e+00   
916     9.15837319e-09   1.90039352e+00   
917     9.16837319e-09   1.86433355e+00   
918     9.17837319e-09   1.82881878e+00   
919     9.18837319e-09   1.79399390e+00   
920     9.19837319e-09   1.76000088e+00   
921     9.20837319e-09   1.72697846e+00   
922     9.21837319e-09   1.69506142e+00   
923     9.22837319e-09   1.66438010e+00   
924     9.23837319e-09   1.63505977e+00   
925     9.24837319e-09   1.60722010e+00   
926     9.25837319e-09   1.58097463e+00   
927     9.26837319e-09   1.55643032e+00   
928     9.27837319e-09   1.53368708e+00   
929     9.28837319e-09   1.51283732e+00   
930     9.29837319e-09   1.49396563e+00   
931     9.30837319e-09   1.47714840e+00   
932     9.31837319e-09   1.46245353e+00   
933     9.32837319e-09   1.44994016e+00   
934     9.33837319e-09   1.43965844e+00   
935     9.34837319e-09   1.43164939e+00   
936     9.35837319e-09   1.42594468e+00   
937     9.36837319e-09   1.42256660e+00   
938     9.37837319e-09   1.42152796e+00   
939     9.38837319e-09   1.42283204e+00   
940     9.39837319e-09   1.42647268e+00   
941     9.40837319e-09   1.43243425e+00   
942     9.41837319e-09   1.44069179e+00   
943     9.42837319e-09   1.45121113e+00   
944     9.43837319e-09   1.46394904e+00   
945     9.44837319e-09   1.47885343e+00   
946     9.45837319e-09   1.49586358e+00   
947     9.46837319e-09   1.51491041e+00   
948     9.47837319e-09   1.53591676e+00   
949     9.48837319e-09   1.55879773e+00   
950     9.49837319e-09   1.58346096e+00   
951     9.50837319e-09   1.60980711e+00   
952     9.51837319e-09   1.63773012e+00   
953     9.52837319e-09   1.66711773e+00   
954     9.53837319e-09   1.69785185e+00   
955     9.54837319e-09   1.72980902e+00   
956     9.55837319e-09   1.76286088e+00   
957     9.56837319e-09   1.79687463e+00   
958     9.57837319e-09   1.83171354e+00   
959     9.58837319e-09   1.86723748e+00   
960     9.59837319e-09   1.90330339e+00   
961     9.60837319e-09   1.93976588e+00   
962     9.61837319e-09   1.97647775e+00   
963     9.62837319e-09   2.01329057e+00   
964     9.63837319e-09   2.05005529e+00   
965     9.64837319e-09   2.08662281e+00   
966     9.65837319e-09   2.12284464e+00   
967     9.66837319e-09   2.15857345e+00   
968     9.67837319e-09   2.19366375e+00   
969     9.68837319e-09   2.22797252e+00   
970     9.69837319e-09   2.26135979e+00   
971     9.70837319e-09   2.29368928e+00   
972     9.71837319e-09   2.32482899e+00   
973     9.72837319e-09   2.35465177e+00   
974     9.73837319e-09   2.38303587e+00   
975     9.74837319e-09   2.40986550e+00   
976     9.75837319e-09   2.43503128e+00   
977     9.76837319e-09   2.45843074e+00   
978     9.77837319e-09   2.47996873e+00   
979     9.78837319e-09   2.49955781e+00   
980     9.79837319e-09   2.51711862e+00   
981     9.80837319e-09   2.53258020e+00   
982     9.81837319e-09   2.54588024e+00   
983     9.82837319e-09   2.55696535e+00   
984     9.83837319e-09   2.56579122e+00   
985     9.84837319e-09   2.57232284e+00   
986     9.85837319e-09   2.57653455e+00   
987     9.86837319e-09   2.57841014e+00   
988     9.87837319e-09   2.57794293e+00   
989     9.88837319e-09   2.57513571e+00   
990     9.89837319e-09   2.57000074e+00   
991     9.90837319e-09   2.56255965e+00   
992     9.91837319e-09   2.55284334e+00   
993     9.92837319e-09   2.54089183e+00   
994     9.93837319e-09   2.52675408e+00   
995     9.94837319e-09   2.51048775e+00   
996     9.95837319e-09   2.49215896e+00   
997     9.96837319e-09   2.47184204e+00   
998     9.97837319e-09   2.44961917e+00   
999     9.98837319e-09   2.42558007e+00   
1000    9.99837319e-09   2.39982165e+00   
1001    1.00000000e-08   2.39547420e+00   
End of Xyce(TM) Simulation
