Index        TIME        {20.0 + V(30)}
0       0.00000000e+00   2.00000000e+01   
1       5.00000000e-06   2.30901699e+01   
2       7.50000000e-06   2.45399050e+01   
3       9.75000000e-06   2.57500525e+01   
4       1.15705743e-05   2.66463158e+01   
5       1.33911485e-05   2.74557062e+01   
6       1.50296654e-05   2.81011118e+01   
7       1.66681822e-05   2.86607301e+01   
8       1.83066990e-05   2.91286351e+01   
9       1.99452159e-05   2.94985615e+01   
10      2.15837327e-05   2.97705092e+01   
11      2.32222495e-05   2.99366590e+01   
12      2.48607664e-05   2.99996173e+01   
13      2.64992832e-05   2.99557546e+01   
14      2.81378000e-05   2.98062806e+01   
15      3.14148337e-05   2.92072232e+01   
16      3.46918674e-05   2.82024451e+01   
17      3.76411977e-05   2.70284356e+01   
18      4.05905280e-05   2.55736984e+01   
19      4.28927454e-05   2.43186721e+01   
20      4.49647411e-05   2.31112319e+01   
21      4.67666184e-05   2.20176472e+01   
22      4.85684956e-05   2.08982285e+01   
23      5.01901852e-05   1.98805060e+01   
24      5.18118748e-05   1.88640230e+01   
25      5.34335643e-05   1.78593239e+01   
26      5.42444091e-05   1.73653017e+01   
27      5.50552539e-05   1.68768309e+01   
28      5.66769434e-05   1.59267356e+01   
29      5.82986330e-05   1.50188937e+01   
30      5.99203225e-05   1.41627226e+01   
31      6.15420121e-05   1.33698548e+01   
32      6.31637017e-05   1.26402903e+01   
33      6.46232223e-05   1.20539776e+01   
34      6.60827429e-05   1.15289779e+01   
35      6.75422635e-05   1.10798806e+01   
36      6.90017841e-05   1.07018225e+01   
37      7.04613047e-05   1.04052087e+01   
38      7.19208253e-05   1.01865706e+01   
39      7.33803459e-05   1.00523900e+01   
40      7.48398665e-05   1.00005062e+01   
41      7.67858939e-05   1.00610382e+01   
42      7.87319214e-05   1.02704153e+01   
43      8.06779489e-05   1.06296534e+01   
44      8.22899136e-05   1.10282828e+01   
45      8.39018784e-05   1.15203515e+01   
46      8.55138432e-05   1.21037839e+01   
47      8.71258079e-05   1.27623910e+01   
48      8.87377727e-05   1.34965245e+01   
49      9.03497374e-05   1.43013309e+01   
50      9.19617022e-05   1.51598082e+01   
51      9.35736670e-05   1.60688384e+01   
52      9.51856317e-05   1.70209650e+01   
53      9.67975965e-05   1.80004642e+01   
54      9.84095612e-05   1.90010603e+01   
55      1.00021526e-04   2.00135252e+01   
56      1.00124258e-04   2.00780731e+01   
57      1.00329723e-04   2.02071564e+01   
58      1.00740653e-04   2.04651979e+01   
59      1.01562512e-04   2.09801788e+01   
60      1.02384371e-04   2.14925466e+01   
61      1.04028089e-04   2.25039895e+01   
62      1.05473695e-04   2.33718240e+01   
63      1.06919301e-04   2.42118597e+01   
64      1.08364908e-04   2.50171710e+01   
65      1.09810514e-04   2.57790191e+01   
66      1.11256120e-04   2.64974039e+01   
67      1.12557165e-04   2.70942242e+01   
68      1.13858211e-04   2.76480401e+01   
69      1.15159256e-04   2.81468658e+01   
70      1.16460302e-04   2.85946965e+01   
71      1.17761348e-04   2.89820642e+01   
72      1.19062393e-04   2.93121249e+01   
73      1.20363439e-04   2.95777031e+01   
74      1.21664484e-04   2.97811908e+01   
75      1.23399212e-04   2.99506033e+01   
76      1.25133939e-04   3.00016540e+01   
77      1.26868666e-04   2.99311515e+01   
78      1.28429921e-04   2.97706700e+01   
79      1.29991176e-04   2.95151325e+01   
80      1.31552430e-04   2.91644133e+01   
81      1.33113685e-04   2.87305709e+01   
82      1.34674939e-04   2.82115412e+01   
83      1.36236194e-04   2.76096904e+01   
84      1.37797449e-04   2.69394469e+01   
85      1.39358703e-04   2.62014540e+01   
86      1.40919958e-04   2.54006628e+01   
87      1.42481213e-04   2.45517482e+01   
88      1.44042467e-04   2.36582722e+01   
89      1.45603722e-04   2.27272695e+01   
90      1.47164977e-04   2.17726761e+01   
91      1.48726231e-04   2.08005407e+01   
92      1.50287486e-04   1.98193771e+01   
93      1.51195206e-04   1.92495683e+01   
94      1.52102927e-04   1.86822341e+01   
95      1.53010647e-04   1.81193230e+01   
96      1.53918368e-04   1.75628134e+01   
97      1.54826088e-04   1.70138202e+01   
98      1.55733808e-04   1.64745526e+01   
99      1.56641529e-04   1.59468479e+01   
100     1.57549249e-04   1.54325453e+01   
101     1.58456970e-04   1.49327846e+01   
102     1.59364690e-04   1.44495113e+01   
103     1.60272410e-04   1.39843658e+01   
104     1.61180131e-04   1.35389639e+01   
105     1.62087851e-04   1.31143195e+01   
106     1.62995572e-04   1.27120741e+01   
107     1.63903292e-04   1.23335934e+01   
108     1.64811012e-04   1.19801950e+01   
109     1.66626453e-04   1.13520565e+01   
110     1.68441894e-04   1.08361772e+01   
111     1.70257335e-04   1.04397077e+01   
112     1.72072776e-04   1.01686620e+01   
113     1.73569408e-04   1.00399643e+01   
114     1.75066040e-04   9.99933430e+00   
115     1.76562672e-04   1.00474137e+01   
116     1.78059303e-04   1.01841778e+01   
117     1.79555935e-04   1.04068107e+01   
118     1.81052567e-04   1.07142544e+01   
119     1.82549199e-04   1.11038495e+01   
120     1.84045831e-04   1.15721857e+01   
121     1.85542463e-04   1.21151166e+01   
122     1.87039095e-04   1.27277280e+01   
123     1.88535727e-04   1.34043615e+01   
124     1.90032359e-04   1.41386084e+01   
125     1.92532359e-04   1.54806364e+01   
126     1.95032359e-04   1.69348219e+01   
127     1.97532359e-04   1.84625362e+01   
128     2.00032359e-04   2.00203401e+01   
129     2.00160847e-04   2.01012654e+01   
130     2.00417821e-04   2.02638730e+01   
131     2.00674796e-04   2.04274542e+01   
132     2.01188746e-04   2.07573636e+01   
133     2.01702696e-04   2.10906413e+01   
134     2.02216646e-04   2.14269264e+01   
135     2.02730595e-04   2.17657252e+01   
136     2.03244545e-04   2.21070376e+01   
137     2.04272445e-04   2.27946632e+01   
138     2.05300344e-04   2.34866646e+01   
139     2.06328244e-04   2.41798129e+01   
140     2.07356143e-04   2.48696838e+01   
141     2.08384043e-04   2.55562773e+01   
142     2.10140151e-04   2.67048491e+01   
143     2.11896259e-04   2.78102531e+01   
144     2.13652368e-04   2.88554190e+01   
145     2.15408476e-04   2.98181743e+01   
146     2.17164585e-04   3.06985190e+01   
147     2.18745082e-04   3.13877960e+01   
148     2.20325580e-04   3.19901033e+01   
149     2.21906077e-04   3.24741734e+01   
150     2.23486575e-04   3.28504289e+01   
151     2.25067073e-04   3.30947860e+01   
152     2.26647570e-04   3.32152727e+01   
153     2.28228068e-04   3.31952196e+01   
154     2.29808565e-04   3.30401832e+01   
155     2.31915896e-04   3.26159303e+01   
156     2.34023226e-04   3.19403615e+01   
157     2.36130556e-04   3.10089387e+01   
158     2.37700281e-04   3.01713702e+01   
159     2.39270005e-04   2.92060579e+01   
160     2.40839730e-04   2.81153989e+01   
161     2.42409455e-04   2.69267336e+01   
162     2.43979180e-04   2.56377556e+01   
163     2.45548904e-04   2.42555228e+01   
164     2.47118629e-04   2.28082216e+01   
165     2.48688354e-04   2.12998915e+01   
166     2.50258079e-04   1.97421181e+01   
167     2.50477554e-04   1.95222213e+01   
168     2.50697029e-04   1.93017785e+01   
169     2.50916504e-04   1.90808286e+01   
170     2.51355455e-04   1.86377472e+01   
171     2.51794405e-04   1.81932904e+01   
172     2.52233355e-04   1.77478029e+01   
173     2.53111256e-04   1.68553071e+01   
174     2.53989157e-04   1.59631445e+01   
175     2.54867058e-04   1.50742145e+01   
176     2.55744959e-04   1.41916198e+01   
177     2.56622859e-04   1.33182508e+01   
178     2.57500760e-04   1.24570623e+01   
179     2.59256562e-04   1.07829190e+01   
180     2.61012364e-04   9.19276533e+00   
181     2.62768165e-04   7.71016416e+00   
182     2.64523967e-04   6.35288402e+00   
183     2.66279768e-04   5.14475103e+00   
184     2.68035570e-04   4.10774772e+00   
185     2.69791372e-04   3.24582669e+00   
186     2.71547173e-04   2.58354617e+00   
187     2.73302975e-04   2.13902512e+00   
188     2.75058777e-04   1.89941427e+00   
189     2.76814578e-04   1.88725662e+00   
190     2.78570380e-04   2.11403509e+00   
191     2.80326181e-04   2.55215975e+00   
192     2.82081983e-04   3.21869536e+00   
193     2.83837785e-04   4.11675208e+00   
194     2.86337785e-04   5.74016935e+00   
195     2.88837785e-04   7.75192125e+00   
196     2.91337785e-04   1.01035299e+01   
197     2.93837785e-04   1.27341888e+01   
198     2.95964750e-04   1.51551563e+01   
199     2.98091715e-04   1.76888267e+01   
200     3.00218681e-04   2.02824995e+01   
201     3.02345646e-04   2.28778612e+01   
202     3.02700127e-04   2.33112065e+01   
203     3.03054608e-04   2.37432823e+01   
204     3.03409089e-04   2.41738229e+01   
205     3.03763570e-04   2.46025600e+01   
206     3.04472533e-04   2.54550378e+01   
207     3.05181495e-04   2.62984207e+01   
208     3.05890457e-04   2.71307978e+01   
209     3.06599419e-04   2.79502380e+01   
210     3.08017343e-04   2.95450506e+01   
211     3.09435267e-04   3.10687153e+01   
212     3.10853191e-04   3.25076195e+01   
213     3.12271116e-04   3.38483393e+01   
214     3.13547247e-04   3.49642973e+01   
215     3.14823379e-04   3.59846054e+01   
216     3.16099511e-04   3.69015812e+01   
217     3.17375643e-04   3.77079408e+01   
218     3.18651774e-04   3.84014594e+01   
219     3.19927906e-04   3.89750990e+01   
220     3.21204038e-04   3.94242496e+01   
221     3.22480170e-04   3.97449029e+01   
222     3.23756302e-04   3.99382697e+01   
223     3.25032433e-04   4.00009220e+01   
224     3.26308565e-04   3.99320509e+01   
225     3.27584697e-04   3.97316324e+01   
226     3.28860829e-04   3.94031064e+01   
227     3.30136960e-04   3.89476754e+01   
228     3.31413092e-04   3.83684945e+01   
229     3.32689224e-04   3.76696136e+01   
230     3.33965356e-04   3.68559608e+01   
231     3.35241488e-04   3.59333778e+01   
232     3.36517619e-04   3.49085938e+01   
233     3.37793751e-04   3.37892324e+01   
234     3.40293751e-04   3.13457997e+01   
235     3.42793751e-04   2.86308981e+01   
236     3.45293751e-04   2.57219194e+01   
237     3.47793751e-04   2.27072854e+01   
238     3.49186410e-04   2.09944945e+01   
239     3.50579068e-04   1.92841137e+01   
240     3.51971727e-04   1.75921989e+01   
241     3.53364385e-04   1.59354864e+01   
242     3.54757043e-04   1.43113734e+01   
243     3.56149702e-04   1.27427417e+01   
244     3.57542360e-04   1.12438835e+01   
245     3.58935019e-04   9.82927263e+00   
246     3.60327677e-04   8.49750156e+00   
247     3.61720336e-04   7.26611573e+00   
248     3.63112994e-04   6.14574333e+00   
249     3.64505653e-04   5.14666519e+00   
250     3.65898311e-04   4.26742955e+00   
251     3.67290970e-04   3.51908207e+00   
252     3.68683628e-04   2.90735827e+00   
253     3.70076287e-04   2.43717917e+00   
254     3.71468945e-04   2.10607763e+00   
255     3.72861604e-04   1.91818851e+00   
256     3.74254262e-04   1.87396673e+00   
257     3.75646921e-04   1.97278306e+00   
258     3.77039579e-04   2.21025075e+00   
259     3.78432238e-04   2.58391496e+00   
260     3.79824896e-04   3.08907140e+00   
261     3.81217555e-04   3.71982192e+00   
262     3.83217555e-04   4.83384552e+00   
263     3.85217555e-04   6.17117150e+00   
264     3.87217555e-04   7.70434042e+00   
265     3.89217555e-04   9.40177189e+00   
266     3.91217555e-04   1.12278910e+01   
267     3.92584860e-04   1.25416601e+01   
268     3.93952165e-04   1.38915305e+01   
269     3.95319469e-04   1.52658206e+01   
270     3.96686774e-04   1.66525712e+01   
271     3.98054079e-04   1.80396038e+01   
272     3.99421384e-04   1.94211701e+01   
273     4.00788689e-04   2.07833540e+01   
274     4.02155994e-04   2.21155052e+01   
275     4.03523299e-04   2.34073277e+01   
276     4.04890604e-04   2.46489646e+01   
277     4.06121178e-04   2.57172898e+01   
278     4.07351753e-04   2.67320885e+01   
279     4.08582327e-04   2.76877874e+01   
280     4.09812902e-04   2.85793752e+01   
281     4.11043476e-04   2.94024569e+01   
282     4.12274051e-04   3.01514247e+01   
283     4.13504625e-04   3.08236765e+01   
284     4.14735199e-04   3.14164535e+01   
285     4.15965774e-04   3.19277325e+01   
286     4.17196348e-04   3.23562722e+01   
287     4.18426923e-04   3.26980751e+01   
288     4.19657497e-04   3.29542461e+01   
289     4.20888072e-04   3.31250477e+01   
290     4.22118646e-04   3.32114929e+01   
291     4.23349220e-04   3.32153744e+01   
292     4.24579795e-04   3.31352230e+01   
293     4.25810369e-04   3.29751705e+01   
294     4.27040944e-04   3.27382151e+01   
295     4.28271518e-04   3.24279917e+01   
296     4.29502093e-04   3.20487795e+01   
297     4.30732667e-04   3.16015868e+01   
298     4.31963242e-04   3.10926589e+01   
299     4.33193816e-04   3.05269807e+01   
300     4.34424390e-04   2.99099582e+01   
301     4.35654965e-04   2.92474043e+01   
302     4.36885539e-04   2.85423900e+01   
303     4.38116114e-04   2.78020247e+01   
304     4.39346688e-04   2.70322438e+01   
305     4.40577263e-04   2.62391321e+01   
306     4.41807837e-04   2.54288939e+01   
307     4.43038411e-04   2.46059363e+01   
308     4.44268986e-04   2.37769246e+01   
309     4.45499560e-04   2.29476252e+01   
310     4.46730135e-04   2.21236796e+01   
311     4.47960709e-04   2.13105634e+01   
312     4.49191284e-04   2.05131771e+01   
313     4.50421858e-04   1.97366043e+01   
314     4.51652433e-04   1.89854594e+01   
315     4.52883007e-04   1.82640048e+01   
316     4.54113581e-04   1.75761076e+01   
317     4.55344156e-04   1.69263064e+01   
318     4.56574730e-04   1.63173657e+01   
319     4.57805305e-04   1.57520716e+01   
320     4.59035879e-04   1.52327171e+01   
321     4.60266454e-04   1.47610644e+01   
322     4.61497028e-04   1.43405748e+01   
323     4.62727602e-04   1.39714625e+01   
324     4.63958177e-04   1.36544150e+01   
325     4.65188751e-04   1.33895897e+01   
326     4.66419326e-04   1.31765901e+01   
327     4.67649900e-04   1.30173395e+01   
328     4.68880475e-04   1.29097768e+01   
329     4.70111049e-04   1.28526375e+01   
330     4.71341624e-04   1.28441940e+01   
331     4.72572198e-04   1.28822461e+01   
332     4.73802772e-04   1.29670335e+01   
333     4.75033347e-04   1.30948990e+01   
334     4.76263921e-04   1.32631217e+01   
335     4.77494496e-04   1.34686637e+01   
336     4.78725070e-04   1.37081766e+01   
337     4.79955645e-04   1.39803820e+01   
338     4.81186219e-04   1.42809366e+01   
339     4.82416793e-04   1.46063742e+01   
340     4.83647368e-04   1.49531009e+01   
341     4.84877942e-04   1.53174149e+01   
342     4.86108517e-04   1.56969341e+01   
343     4.87339091e-04   1.60875660e+01   
344     4.88569666e-04   1.64858619e+01   
345     4.89800240e-04   1.68884364e+01   
346     4.91030815e-04   1.72919946e+01   
347     4.92261389e-04   1.76936129e+01   
348     4.93491963e-04   1.80902189e+01   
349     4.94722538e-04   1.84790377e+01   
350     4.95953112e-04   1.88575121e+01   
351     4.97183687e-04   1.92233310e+01   
352     4.98414261e-04   1.95736168e+01   
353     4.99644836e-04   1.99067785e+01   
354     5.00875410e-04   2.02211442e+01   
355     5.02105984e-04   2.05153499e+01   
356     5.03336559e-04   2.07883630e+01   
357     5.04567133e-04   2.10378526e+01   
358     5.05797708e-04   2.12637986e+01   
359     5.07028282e-04   2.14657728e+01   
360     5.08258857e-04   2.16436689e+01   
361     5.09489431e-04   2.17977175e+01   
362     5.10720006e-04   2.19264638e+01   
363     5.11950580e-04   2.20311987e+01   
364     5.13181154e-04   2.21125954e+01   
365     5.14411729e-04   2.21715934e+01   
366     5.15642303e-04   2.22094030e+01   
367     5.16872878e-04   2.22255608e+01   
368     5.18103452e-04   2.22221568e+01   
369     5.19334027e-04   2.22006075e+01   
370     5.20564601e-04   2.21624910e+01   
371     5.21795175e-04   2.21095414e+01   
372     5.23025750e-04   2.20421953e+01   
373     5.24256324e-04   2.19627205e+01   
374     5.25486899e-04   2.18728112e+01   
375     5.26717473e-04   2.17741987e+01   
376     5.27948048e-04   2.16686373e+01   
377     5.29178622e-04   2.15572130e+01   
378     5.30409197e-04   2.14417970e+01   
379     5.31639771e-04   2.13239090e+01   
380     5.32870345e-04   2.12049918e+01   
381     5.34100920e-04   2.10863933e+01   
382     5.35331494e-04   2.09695129e+01   
383     5.36562069e-04   2.08554293e+01   
384     5.37792643e-04   2.07451540e+01   
385     5.39023218e-04   2.06395441e+01   
386     5.40253792e-04   2.05392849e+01   
387     5.41484366e-04   2.04457508e+01   
388     5.42714941e-04   2.03590881e+01   
389     5.43945515e-04   2.02796522e+01   
390     5.45176090e-04   2.02076170e+01   
391     5.46406664e-04   2.01429630e+01   
392     5.47432379e-04   2.00955496e+01   
393     5.48458093e-04   2.00535566e+01   
394     5.49483808e-04   2.00168554e+01   
395     5.50509522e-04   1.99852416e+01   
396     5.51535237e-04   1.99584324e+01   
397     5.51746355e-04   1.99535810e+01   
398     5.51957473e-04   1.99489309e+01   
399     5.52168591e-04   1.99444797e+01   
400     5.52379709e-04   1.99402248e+01   
401     5.52590828e-04   1.99361636e+01   
402     5.53013064e-04   1.99286259e+01   
403     5.53435300e-04   1.99218417e+01   
404     5.53857537e-04   1.99157902e+01   
405     5.54279773e-04   1.99104494e+01   
406     5.54702009e-04   1.99057965e+01   
407     5.55546482e-04   1.98984717e+01   
408     5.56390954e-04   1.98936215e+01   
409     5.57235427e-04   1.98910439e+01   
410     5.58079900e-04   1.98905280e+01   
411     5.58924372e-04   1.98918557e+01   
412     5.59684398e-04   1.98944578e+01   
413     5.60444423e-04   1.98982204e+01   
414     5.61204448e-04   1.99029820e+01   
415     5.61964474e-04   1.99085818e+01   
416     5.62724499e-04   1.99148603e+01   
417     5.63484525e-04   1.99216657e+01   
418     5.64244550e-04   1.99288442e+01   
419     5.65004575e-04   1.99362492e+01   
420     5.65764601e-04   1.99437401e+01   
421     5.66524626e-04   1.99511835e+01   
422     5.67284651e-04   1.99584442e+01   
423     5.68044677e-04   1.99654080e+01   
424     5.68804702e-04   1.99719662e+01   
425     5.69564728e-04   1.99780208e+01   
426     5.70324753e-04   1.99834857e+01   
427     5.71084778e-04   1.99882574e+01   
428     5.71844804e-04   1.99922816e+01   
429     5.72604829e-04   1.99955039e+01   
430     5.73364854e-04   1.99978839e+01   
431     5.74124880e-04   1.99993962e+01   
432     5.74160375e-04   1.99994442e+01   
433     5.74231366e-04   1.99995341e+01   
434     5.74295258e-04   1.99996082e+01   
435     5.74359150e-04   1.99996760e+01   
436     5.74423041e-04   1.99997373e+01   
437     5.74486933e-04   1.99997923e+01   
438     5.74550825e-04   1.99998408e+01   
439     5.74678608e-04   1.99999185e+01   
440     5.74806392e-04   1.99999704e+01   
441     5.75061959e-04   1.99999970e+01   
442     5.75317526e-04   1.99999204e+01   
443     5.75573093e-04   1.99997410e+01   
444     5.75828660e-04   1.99994586e+01   
445     5.76084227e-04   1.99990743e+01   
446     5.76339794e-04   1.99985877e+01   
447     5.76595361e-04   1.99980010e+01   
448     5.76850928e-04   1.99973134e+01   
449     5.77191684e-04   1.99962439e+01   
450     5.77532441e-04   1.99950014e+01   
451     5.77873197e-04   1.99935885e+01   
452     5.78179877e-04   1.99921767e+01   
453     5.78486558e-04   1.99906338e+01   
454     5.78793238e-04   1.99889624e+01   
455     5.79099918e-04   1.99871694e+01   
456     5.79406599e-04   1.99852568e+01   
457     5.79713279e-04   1.99832282e+01   
458     5.80019960e-04   1.99810914e+01   
459     5.80326640e-04   1.99788494e+01   
460     5.80633321e-04   1.99765067e+01   
461     5.81246682e-04   1.99715514e+01   
462     5.81860043e-04   1.99662687e+01   
463     5.82473404e-04   1.99607032e+01   
464     5.83025428e-04   1.99555188e+01   
465     5.83577453e-04   1.99501998e+01   
466     5.84129478e-04   1.99447854e+01   
467     5.84681503e-04   1.99393486e+01   
468     5.85233528e-04   1.99339235e+01   
469     5.85785553e-04   1.99285562e+01   
470     5.86337577e-04   1.99233229e+01   
471     5.86889602e-04   1.99182657e+01   
472     5.87441627e-04   1.99134372e+01   
473     5.87993652e-04   1.99089119e+01   
474     5.88545677e-04   1.99047394e+01   
475     5.89097702e-04   1.99009771e+01   
476     5.90201751e-04   1.98949560e+01   
477     5.91305801e-04   1.98913293e+01   
478     5.92409851e-04   1.98905822e+01   
479     5.93513900e-04   1.98931996e+01   
480     5.94617950e-04   1.98996667e+01   
481     5.95722000e-04   1.99104685e+01   
482     5.96826049e-04   1.99258853e+01   
483     5.97930099e-04   1.99464316e+01   
484     5.99034149e-04   1.99725484e+01   
485     5.99873093e-04   1.99960790e+01   
486     6.00712038e-04   2.00230644e+01   
487     6.01550983e-04   2.00536559e+01   
488     6.02389928e-04   2.00876880e+01   
489     6.03228873e-04   2.01253706e+01   
490     6.04067818e-04   2.01667950e+01   
491     6.04906763e-04   2.02117228e+01   
492     6.05745708e-04   2.02602926e+01   
493     6.06584653e-04   2.03125250e+01   
494     6.07423598e-04   2.03680891e+01   
495     6.08262543e-04   2.04270558e+01   
496     6.09101488e-04   2.04893704e+01   
497     6.09940432e-04   2.05546001e+01   
498     6.10779377e-04   2.06227441e+01   
499     6.11618322e-04   2.06936669e+01   
500     6.12876740e-04   2.08043562e+01   
501     6.14135157e-04   2.09195266e+01   
502     6.15393574e-04   2.10380946e+01   
503     6.16651992e-04   2.11588379e+01   
504     6.17910409e-04   2.12805371e+01   
505     6.19168827e-04   2.14016987e+01   
506     6.20427244e-04   2.15207481e+01   
507     6.21685661e-04   2.16359829e+01   
508     6.22944079e-04   2.17461782e+01   
509     6.24202496e-04   2.18493201e+01   
510     6.25460913e-04   2.19435272e+01   
511     6.26719331e-04   2.20268193e+01   
512     6.27977748e-04   2.20983794e+01   
513     6.29236165e-04   2.21558680e+01   
514     6.30494583e-04   2.21973969e+01   
515     6.31753000e-04   2.22210309e+01   
516     6.33011418e-04   2.22265912e+01   
517     6.34269835e-04   2.22118174e+01   
518     6.35528252e-04   2.21751882e+01   
519     6.36786670e-04   2.21152092e+01   
520     6.38045087e-04   2.20323946e+01   
521     6.39303504e-04   2.19250500e+01   
522     6.40561922e-04   2.17923718e+01   
523     6.41820339e-04   2.16336645e+01   
524     6.43820339e-04   2.13295105e+01   
525     6.45820339e-04   2.09613782e+01   
526     6.47820339e-04   2.05317796e+01   
527     6.49820339e-04   2.00451963e+01   
528     6.51820339e-04   1.95082613e+01   
529     6.53110813e-04   1.91366250e+01   
530     6.54401286e-04   1.87489416e+01   
531     6.55691760e-04   1.83480422e+01   
532     6.56982233e-04   1.79371295e+01   
533     6.58272707e-04   1.75197892e+01   
534     6.59434133e-04   1.71391274e+01   
535     6.60595559e-04   1.67576980e+01   
536     6.61756985e-04   1.63783296e+01   
537     6.62918411e-04   1.60040281e+01   
538     6.64079837e-04   1.56379756e+01   
539     6.65241263e-04   1.52810933e+01   
540     6.66402690e-04   1.49374780e+01   
541     6.67564116e-04   1.46101828e+01   
542     6.68725542e-04   1.43023203e+01   
543     6.69886968e-04   1.40170536e+01   
544     6.71048394e-04   1.37558106e+01   
545     6.72209820e-04   1.35221733e+01   
546     6.73371246e-04   1.33188710e+01   
547     6.74532673e-04   1.31485484e+01   
548     6.75694099e-04   1.30137485e+01   
549     6.76855525e-04   1.29159779e+01   
550     6.78016951e-04   1.28576841e+01   
551     6.79178377e-04   1.28407120e+01   
552     6.80339803e-04   1.28666806e+01   
553     6.81501229e-04   1.29369615e+01   
554     6.82662655e-04   1.30526376e+01   
555     6.83824082e-04   1.32145253e+01   
556     6.84985508e-04   1.34231198e+01   
557     6.86146934e-04   1.36785821e+01   
558     6.87308360e-04   1.39807181e+01   
559     6.88469786e-04   1.43297296e+01   
560     6.89631212e-04   1.47245183e+01   
561     6.90792638e-04   1.51639457e+01   
562     6.91954065e-04   1.56464825e+01   
563     6.93115491e-04   1.61701908e+01   
564     6.94276917e-04   1.67341866e+01   
565     6.95438343e-04   1.73354169e+01   
566     6.96599769e-04   1.79710956e+01   
567     6.97761195e-04   1.86380553e+01   
568     6.98922621e-04   1.93327375e+01   
569     7.00084048e-04   2.00531502e+01   
570     7.01245474e-04   2.07945983e+01   
571     7.02406900e-04   2.15529343e+01   
572     7.03568326e-04   2.23237106e+01   
573     7.04729752e-04   2.31021811e+01   
574     7.05775036e-04   2.38070321e+01   
575     7.06820319e-04   2.45115109e+01   
576     7.07865603e-04   2.52120225e+01   
577     7.08910886e-04   2.59048667e+01   
578     7.09956170e-04   2.65862457e+01   
579     7.11001453e-04   2.72535968e+01   
580     7.12046737e-04   2.79026870e+01   
581     7.13092020e-04   2.85298652e+01   
582     7.14137304e-04   2.91314877e+01   
583     7.15182587e-04   2.97039313e+01   
584     7.16227871e-04   3.02444400e+01   
585     7.17273154e-04   3.07493233e+01   
586     7.18318438e-04   3.12153617e+01   
587     7.19363721e-04   3.16394611e+01   
588     7.20409005e-04   3.20186702e+01   
589     7.21454288e-04   3.23505098e+01   
590     7.22499572e-04   3.26323137e+01   
591     7.23544856e-04   3.28617645e+01   
592     7.24590139e-04   3.30367775e+01   
593     7.25635423e-04   3.31555202e+01   
594     7.26680706e-04   3.32162174e+01   
595     7.27725990e-04   3.32176338e+01   
596     7.28771273e-04   3.31587383e+01   
597     7.29816557e-04   3.30388152e+01   
598     7.30861840e-04   3.28574812e+01   
599     7.31907124e-04   3.26139966e+01   
600     7.32952407e-04   3.23088160e+01   
601     7.33997691e-04   3.19424334e+01   
602     7.35042974e-04   3.15157017e+01   
603     7.36088258e-04   3.10298471e+01   
604     7.37133541e-04   3.04853580e+01   
605     7.38178825e-04   2.98844372e+01   
606     7.39224108e-04   2.92291502e+01   
607     7.40269392e-04   2.85219198e+01   
608     7.41314675e-04   2.77655336e+01   
609     7.42359959e-04   2.69617463e+01   
610     7.43405242e-04   2.61143343e+01   
611     7.44450526e-04   2.52267724e+01   
612     7.45495809e-04   2.43028418e+01   
613     7.46541093e-04   2.33466300e+01   
614     7.47586377e-04   2.23610292e+01   
615     7.48631660e-04   2.13509923e+01   
616     7.49676944e-04   2.03210419e+01   
617     7.50722227e-04   1.92759120e+01   
618     7.51767511e-04   1.82205395e+01   
619     7.52812794e-04   1.71586647e+01   
620     7.53858078e-04   1.60958407e+01   
621     7.54903361e-04   1.50371169e+01   
622     7.55948645e-04   1.39876252e+01   
623     7.56993928e-04   1.29525646e+01   
624     7.58039212e-04   1.19361033e+01   
625     7.59084495e-04   1.09437097e+01   
626     7.60129779e-04   9.98034216e+00   
627     7.61175062e-04   9.05089494e+00   
628     7.62220346e-04   8.16017770e+00   
629     7.63265629e-04   7.31228543e+00   
630     7.64310913e-04   6.51189651e+00   
631     7.65356196e-04   5.76324229e+00   
632     7.66401480e-04   5.07034568e+00   
633     7.67446763e-04   4.43699679e+00   
634     7.68492047e-04   3.86669808e+00   
635     7.69537331e-04   3.36270619e+00   
636     7.70582614e-04   2.92795698e+00   
637     7.71627898e-04   2.56505425e+00   
638     7.72673181e-04   2.27624520e+00   
639     7.74673181e-04   1.93856962e+00   
640     7.76673181e-04   1.89057983e+00   
641     7.78673181e-04   2.13720537e+00   
642     7.80673181e-04   2.67743067e+00   
643     7.82673181e-04   3.50377029e+00   
644     7.84191648e-04   4.32335428e+00   
645     7.85710116e-04   5.29813049e+00   
646     7.87228583e-04   6.41924141e+00   
647     7.88747050e-04   7.67568096e+00   
648     7.90265518e-04   9.05421600e+00   
649     7.91783985e-04   1.05540665e+01   
650     7.93302453e-04   1.21545547e+01   
651     7.94820920e-04   1.38398674e+01   
652     7.96339387e-04   1.55925535e+01   
653     7.97857855e-04   1.73935211e+01   
654     7.99155051e-04   1.89678831e+01   
655     8.00452248e-04   2.05577064e+01   
656     8.01749444e-04   2.21512580e+01   
657     8.03046641e-04   2.37364362e+01   
658     8.04343837e-04   2.53008064e+01   
659     8.05641034e-04   2.68396733e+01   
660     8.06938230e-04   2.83382578e+01   
661     8.08235427e-04   2.97855661e+01   
662     8.09532623e-04   3.11708144e+01   
663     8.10829820e-04   3.24834936e+01   
664     8.12127016e-04   3.37167373e+01   
665     8.13424212e-04   3.48601713e+01   
666     8.14721409e-04   3.59055197e+01   
667     8.16018605e-04   3.68452381e+01   
668     8.17315802e-04   3.76725939e+01   
669     8.18612998e-04   3.83809682e+01   
670     8.19910195e-04   3.89656287e+01   
671     8.21207391e-04   3.94225137e+01   
672     8.22504588e-04   3.97486475e+01   
673     8.23801784e-04   3.99422164e+01   
674     8.25098981e-04   3.99988784e+01   
675     8.26396177e-04   3.99200022e+01   
676     8.27693374e-04   3.97064974e+01   
677     8.28990570e-04   3.93604983e+01   
678     8.30287767e-04   3.88854193e+01   
679     8.31584963e-04   3.82802024e+01   
680     8.32882160e-04   3.75519602e+01   
681     8.34179356e-04   3.67064003e+01   
682     8.35476553e-04   3.57503585e+01   
683     8.36773749e-04   3.46918239e+01   
684     8.38070946e-04   3.35332337e+01   
685     8.39368142e-04   3.22860796e+01   
686     8.40665339e-04   3.09597743e+01   
687     8.41962535e-04   2.95645459e+01   
688     8.43259732e-04   2.81114266e+01   
689     8.44556928e-04   2.66059405e+01   
690     8.45854125e-04   2.50617430e+01   
691     8.47151321e-04   2.34901631e+01   
692     8.48448518e-04   2.19028782e+01   
693     8.49745714e-04   2.03118687e+01   
694     8.49985000e-04   2.00183777e+01   
695     8.50224287e-04   1.97251659e+01   
696     8.50463573e-04   1.94323044e+01   
697     8.50702859e-04   1.91398644e+01   
698     8.50942145e-04   1.88479171e+01   
699     8.51420717e-04   1.82657280e+01   
700     8.51899289e-04   1.76863113e+01   
701     8.52377861e-04   1.71102183e+01   
702     8.52856434e-04   1.65379963e+01   
703     8.53335006e-04   1.59701881e+01   
704     8.54292150e-04   1.48499384e+01   
705     8.55249295e-04   1.37536854e+01   
706     8.56206439e-04   1.26855270e+01   
707     8.57163584e-04   1.16494280e+01   
708     8.58120728e-04   1.06492010e+01   
709     8.59077872e-04   9.68856823e+00   
710     8.60035017e-04   8.77098819e+00   
711     8.60992161e-04   7.89975079e+00   
712     8.61949306e-04   7.07793186e+00   
713     8.62906450e-04   6.30837604e+00   
714     8.63863594e-04   5.59395502e+00   
715     8.64820739e-04   4.93697744e+00   
716     8.65777883e-04   4.33960318e+00   
717     8.66735028e-04   3.80371816e+00   
718     8.67692172e-04   3.33091966e+00   
719     8.68649316e-04   2.92305163e+00   
720     8.69606461e-04   2.58100816e+00   
721     8.70563605e-04   2.30562041e+00   
722     8.71520750e-04   2.09741124e+00   
723     8.72477894e-04   1.95658396e+00   
724     8.73435038e-04   1.88388107e+00   
725     8.74392183e-04   1.87868807e+00   
726     8.75349327e-04   1.94046463e+00   
727     8.76306472e-04   2.06836237e+00   
728     8.77263616e-04   2.26121831e+00   
729     8.78220760e-04   2.51859198e+00   
730     8.79177905e-04   2.83849766e+00   
731     8.80135049e-04   3.21912817e+00   
732     8.81092194e-04   3.65840335e+00   
733     8.82049338e-04   4.15396914e+00   
734     8.83006482e-04   4.70423186e+00   
735     8.83963627e-04   5.30611446e+00   
736     8.84920771e-04   5.95677190e+00   
737     8.85877916e-04   6.65314892e+00   
738     8.86835060e-04   7.39198467e+00   
739     8.87792204e-04   8.17073027e+00   
740     8.88749349e-04   8.98557575e+00   
741     8.89706493e-04   9.83296822e+00   
742     8.90663638e-04   1.07092273e+01   
743     8.91620782e-04   1.16105549e+01   
744     8.92577927e-04   1.25337374e+01   
745     8.93535071e-04   1.34746545e+01   
746     8.94492215e-04   1.44294374e+01   
747     8.95449360e-04   1.53941831e+01   
748     8.96406504e-04   1.63649677e+01   
749     8.97363649e-04   1.73382625e+01   
750     8.98320793e-04   1.83100748e+01   
751     8.99277937e-04   1.92766295e+01   
752     9.00235082e-04   2.02342100e+01   
753     9.01192226e-04   2.11791742e+01   
754     9.02149371e-04   2.21080471e+01   
755     9.03106515e-04   2.30173693e+01   
756     9.04063659e-04   2.39038406e+01   
757     9.05020804e-04   2.47643024e+01   
758     9.05977948e-04   2.55957537e+01   
759     9.06935093e-04   2.63951210e+01   
760     9.07892237e-04   2.71598079e+01   
761     9.08849381e-04   2.78873026e+01   
762     9.09806526e-04   2.85752988e+01   
763     9.10763670e-04   2.92217109e+01   
764     9.11720815e-04   2.98241572e+01   
765     9.12677959e-04   3.03811250e+01   
766     9.13635103e-04   3.08911050e+01   
767     9.14592248e-04   3.13528326e+01   
768     9.15549392e-04   3.17652991e+01   
769     9.16506537e-04   3.21270195e+01   
770     9.17463681e-04   3.24376573e+01   
771     9.18420825e-04   3.26968016e+01   
772     9.19377970e-04   3.29042967e+01   
773     9.20335114e-04   3.30602498e+01   
774     9.21292259e-04   3.31641717e+01   
775     9.22249403e-04   3.32168628e+01   
776     9.23206547e-04   3.32189837e+01   
777     9.24163692e-04   3.31714325e+01   
778     9.25120836e-04   3.30753480e+01   
779     9.26077981e-04   3.29312268e+01   
780     9.27035125e-04   3.27408458e+01   
781     9.27992270e-04   3.25057962e+01   
782     9.28949414e-04   3.22278648e+01   
783     9.29906558e-04   3.19090319e+01   
784     9.30863703e-04   3.15506658e+01   
785     9.31820847e-04   3.11552629e+01   
786     9.32777992e-04   3.07251130e+01   
787     9.33735136e-04   3.02626405e+01   
788     9.34692280e-04   2.97703980e+01   
789     9.35649425e-04   2.92504259e+01   
790     9.36606569e-04   2.87056212e+01   
791     9.37563714e-04   2.81386795e+01   
792     9.38520858e-04   2.75523591e+01   
793     9.39478002e-04   2.69494716e+01   
794     9.40435147e-04   2.63324707e+01   
795     9.41392291e-04   2.57043132e+01   
796     9.42349436e-04   2.50677834e+01   
797     9.43306580e-04   2.44256548e+01   
798     9.44263724e-04   2.37806782e+01   
799     9.45220869e-04   2.31354352e+01   
800     9.46178013e-04   2.24926191e+01   
801     9.47135158e-04   2.18547996e+01   
802     9.48092302e-04   2.12244679e+01   
803     9.49049446e-04   2.06040252e+01   
804     9.50006591e-04   1.99959014e+01   
805     9.50963735e-04   1.94022574e+01   
806     9.51920880e-04   1.88251911e+01   
807     9.52878024e-04   1.82666691e+01   
808     9.53835168e-04   1.77285143e+01   
809     9.54792313e-04   1.72127637e+01   
810     9.55749457e-04   1.67208572e+01   
811     9.56706602e-04   1.62542376e+01   
812     9.57663746e-04   1.58141815e+01   
813     9.58620890e-04   1.54017897e+01   
814     9.59578035e-04   1.50185255e+01   
815     9.60535179e-04   1.46650173e+01   
816     9.61492324e-04   1.43419580e+01   
817     9.62449468e-04   1.40498613e+01   
818     9.63406613e-04   1.37890549e+01   
819     9.64363757e-04   1.35603262e+01   
820     9.65320901e-04   1.33635021e+01   
821     9.66278046e-04   1.31985242e+01   
822     9.67235190e-04   1.30651634e+01   
823     9.68192335e-04   1.29630167e+01   
824     9.69149479e-04   1.28921762e+01   
825     9.70106623e-04   1.28517702e+01   
826     9.71063768e-04   1.28410732e+01   
827     9.72020912e-04   1.28592172e+01   
828     9.72978057e-04   1.29051913e+01   
829     9.73935201e-04   1.29784531e+01   
830     9.74892345e-04   1.30776061e+01   
831     9.75849490e-04   1.32014126e+01   
832     9.76806634e-04   1.33485336e+01   
833     9.77763779e-04   1.35175326e+01   
834     9.78720923e-04   1.37073585e+01   
835     9.79678067e-04   1.39163109e+01   
836     9.80635212e-04   1.41428388e+01   
837     9.81592356e-04   1.43853393e+01   
838     9.82549501e-04   1.46421645e+01   
839     9.83506645e-04   1.49119270e+01   
840     9.84463789e-04   1.51928575e+01   
841     9.85420934e-04   1.54833075e+01   
842     9.86378078e-04   1.57816281e+01   
843     9.87335223e-04   1.60861776e+01   
844     9.88292367e-04   1.63954258e+01   
845     9.89249511e-04   1.67077536e+01   
846     9.90206656e-04   1.70216206e+01   
847     9.91163800e-04   1.73355316e+01   
848     9.92120945e-04   1.76480452e+01   
849     9.93078089e-04   1.79576780e+01   
850     9.94035233e-04   1.82631390e+01   
851     9.94992378e-04   1.85631653e+01   
852     9.95949522e-04   1.88565748e+01   
853     9.96906667e-04   1.91422740e+01   
854     9.97525333e-04   1.93222226e+01   
855     9.98144000e-04   1.94982079e+01   
856     9.98762667e-04   1.96699827e+01   
857     9.99381333e-04   1.98373173e+01   
858     1.00000000e-03   2.00000000e+01   
End of Xyce(TM) Simulation
