Index          TIME                 V(2)                 V(10)
0       6.000000000000e-03   5.000000000000e+00   1.589231800346e-02   
1       6.010005000000e-03   5.000000000000e+00   1.589231800346e-02   
2       6.030015000000e-03   5.000000000000e+00   1.589231800346e-02   
3       6.070035000000e-03   5.000000000000e+00   1.589231800346e-02   
4       6.150075000000e-03   5.000000000000e+00   1.589231800346e-02   
5       6.310155000000e-03   5.000000000000e+00   1.589231800346e-02   
6       6.610155000000e-03   5.000000000000e+00   1.589231800346e-02   
7       6.910155000000e-03   5.000000000000e+00   1.589231800346e-02   
8       7.210155000000e-03   5.000000000000e+00   1.589231800346e-02   
9       7.510155000000e-03   5.000000000000e+00   1.589231800346e-02   
10      7.810155000000e-03   5.000000000000e+00   1.589231800346e-02   
11      8.001000000000e-03   5.000000000000e+00   1.589231800346e-02   
12      8.001005000000e-03   4.984999999995e+00   1.589231799939e-02   
13      8.001015000000e-03   4.954999999995e+00   1.589231799788e-02   
14      8.001035000000e-03   4.894999999995e+00   1.589231799926e-02   
15      8.001055000000e-03   4.834999999996e+00   1.589231801035e-02   
16      8.001062913065e-03   4.811260806057e+00   1.589231803118e-02   
17      8.001070826129e-03   4.787521612118e+00   1.589231806668e-02   
18      8.001077298073e-03   4.768105781623e+00   1.589231811153e-02   
19      8.001083770016e-03   4.748689951127e+00   1.589231816717e-02   
20      8.001090241960e-03   4.729274120632e+00   1.589231823917e-02   
21      8.001096047576e-03   4.711857272377e+00   1.589231833722e-02   
22      8.001101853192e-03   4.694440424121e+00   1.589231848648e-02   
23      8.001106636553e-03   4.680090341687e+00   1.589231874294e-02   
24      8.001110527387e-03   4.668417840435e+00   1.589231919847e-02   
25      8.001112538147e-03   4.662385559005e+00   1.589231987206e-02   
26      8.001114548907e-03   4.656353277575e+00   1.589232107848e-02   
27      8.001115427196e-03   4.653718411739e+00   1.589232283867e-02   
28      8.001116007241e-03   4.651978277453e+00   1.589232514675e-02   
29      8.001116399866e-03   4.650800402639e+00   1.589232836509e-02   
30      8.001116655796e-03   4.650032611283e+00   1.589233278437e-02   
31      8.001116819492e-03   4.649541523566e+00   1.589233873261e-02   
32      8.001116921771e-03   4.649234688404e+00   1.589234658089e-02   
33      8.001116984470e-03   4.649046589852e+00   1.589235685454e-02   
34      8.001117022227e-03   4.648933317819e+00   1.589237041690e-02   
35      8.001117044656e-03   4.648866033381e+00   1.589238885867e-02   
36      8.001117057849e-03   4.648826451673e+00   1.589241505522e-02   
37      8.001117065600e-03   4.648803198971e+00   1.589245421879e-02   
38      8.001117070201e-03   4.648789397652e+00   1.589251538905e-02   
39      8.001117073017e-03   4.648780947869e+00   1.589261329295e-02   
40      8.001117074863e-03   4.648775412329e+00   1.589276791865e-02   
41      8.001117076708e-03   4.648769876788e+00   1.589305611190e-02   
42      8.001117078100e-03   4.648765699733e+00   1.589334196046e-02   
43      8.001117079492e-03   4.648761522679e+00   1.589354516416e-02   
44      8.001117080885e-03   4.648757345624e+00   1.589366683749e-02   
45      8.001117082781e-03   4.648751657502e+00   1.589365088388e-02   
46      8.001117083919e-03   4.648748241677e+00   1.589339154686e-02   
47      8.001117084842e-03   4.648745472793e+00   1.589308057161e-02   
48      8.001117085765e-03   4.648742703909e+00   1.589273305419e-02   
49      8.001117086688e-03   4.648739935025e+00   1.589236282950e-02   
50      8.001117087611e-03   4.648737166141e+00   1.589197689610e-02   
51      8.001117088534e-03   4.648734397257e+00   1.589157724718e-02   
52      8.001117090380e-03   4.648728859494e+00   1.589073302376e-02   
53      8.001117092226e-03   4.648723321731e+00   1.588982699541e-02   
54      8.001117095918e-03   4.648712246200e+00   1.588782714644e-02   
55      8.001117099610e-03   4.648701170669e+00   1.588563811668e-02   
56      8.001117106993e-03   4.648679019612e+00   1.588059913122e-02   
57      8.001117114377e-03   4.648656868555e+00   1.587491792065e-02   
58      8.001117129145e-03   4.648612566441e+00   1.586114025609e-02   
59      8.001117143912e-03   4.648568264327e+00   1.584501483352e-02   
60      8.001117173447e-03   4.648479660093e+00   1.580386777918e-02   
61      8.001117202981e-03   4.648391055860e+00   1.575421358200e-02   
62      8.001117262051e-03   4.648213847393e+00   1.562380445323e-02   
63      8.001117321120e-03   4.648036638927e+00   1.546477986099e-02   
64      8.001117439259e-03   4.647682221993e+00   1.504978314556e-02   
65      8.001117557398e-03   4.647327805060e+00   1.455119442082e-02   
66      8.001117625386e-03   4.647123843306e+00   1.423853635165e-02   
67      8.001117663392e-03   4.647009822826e+00   1.405622473682e-02   
68      8.001117684609e-03   4.646946173443e+00   1.395365703326e-02   
69      8.001117696268e-03   4.646911196677e+00   1.389990311720e-02   
70      8.001117706740e-03   4.646879778856e+00   1.385286478848e-02   
71      8.001117717213e-03   4.646848361034e+00   1.380669889241e-02   
72      8.001117727686e-03   4.646816943213e+00   1.376128690715e-02   
73      8.001117748631e-03   4.646754107570e+00   1.367309735379e-02   
74      8.001117769576e-03   4.646691271927e+00   1.358749561151e-02   
75      8.001117811466e-03   4.646565600641e+00   1.342588597027e-02   
76      8.001117853357e-03   4.646439929355e+00   1.327333483938e-02   
77      8.001117895247e-03   4.646314258069e+00   1.312935193404e-02   
78      8.001117979028e-03   4.646062915497e+00   1.287246330380e-02   
79      8.001118062809e-03   4.645811572926e+00   1.264318052700e-02   
80      8.001118230371e-03   4.645308887782e+00   1.227471046517e-02   
81      8.001118397932e-03   4.644806202639e+00   1.197844049357e-02   
82      8.001118565494e-03   4.644303517495e+00   1.174055632457e-02   
83      8.001118900618e-03   4.643298147203e+00   1.142274089989e-02   
84      8.001119235741e-03   4.642292776911e+00   1.121086123200e-02   
85      8.001119570864e-03   4.641287406618e+00   1.107039787813e-02   
86      8.001120241111e-03   4.639276666034e+00   1.093421761035e-02   
87      8.001120911358e-03   4.637265925449e+00   1.087158621306e-02   
88      8.001122251852e-03   4.633244444286e+00   1.084728337287e-02   
89      8.001123592346e-03   4.629222963122e+00   1.085881697533e-02   
90      8.001126273333e-03   4.621180000795e+00   1.091478005524e-02   
91      8.001128954321e-03   4.613137038467e+00   1.098070560087e-02   
92      8.001131635308e-03   4.605094076140e+00   1.105071898904e-02   
93      8.001136997283e-03   4.589008151480e+00   1.119681166462e-02   
94      8.001142359258e-03   4.572922226820e+00   1.134827443336e-02   
95      8.001153083207e-03   4.540750377505e+00   1.166106985346e-02   
96      8.001163807157e-03   4.508578528190e+00   1.198685904117e-02   
97      8.001174531107e-03   4.476406678875e+00   1.232452599945e-02   
98      8.001185255057e-03   4.444234829561e+00   1.267370201221e-02   
99      8.001206702956e-03   4.379891130926e+00   1.339511390759e-02   
100     8.001228150856e-03   4.315547432291e+00   1.416205791066e-02   
101     8.001249598755e-03   4.251203733656e+00   1.497650557496e-02   
102     8.001292494555e-03   4.122516336392e+00   1.670369311100e-02   
103     8.001335390354e-03   3.993828939127e+00   1.864458721150e-02   
104     8.001378286153e-03   3.865141541863e+00   2.082917765419e-02   
105     8.001421181952e-03   3.736454144599e+00   2.329568691971e-02   
106     8.001464077751e-03   3.607766747334e+00   2.609339994189e-02   
107     8.001506973550e-03   3.479079350070e+00   2.928796854912e-02   
108     8.001549869349e-03   3.350391952806e+00   3.297040021435e-02   
109     8.001592765148e-03   3.221704555541e+00   3.727308745256e-02   
110     8.001635660947e-03   3.093017158277e+00   4.240054892122e-02   
111     8.001678556746e-03   2.964329761012e+00   4.869450473754e-02   
112     8.001721452545e-03   2.835642363748e+00   5.679211072719e-02   
113     8.001764348345e-03   2.706954966484e+00   6.809991775956e-02   
114     8.001801762907e-03   2.594711279831e+00   8.380859266630e-02   
115     8.001819745453e-03   2.540763640350e+00   9.627406319995e-02   
116     8.001832425405e-03   2.502723785949e+00   1.095961969644e-01   
117     8.001845105356e-03   2.464683931547e+00   1.313782069699e-01   
118     8.001854569798e-03   2.436290605279e+00   1.596896138693e-01   
119     8.001861578488e-03   2.415264536923e+00   1.908408620973e-01   
120     8.001867816948e-03   2.396549156152e+00   2.245132168914e-01   
121     8.001874055408e-03   2.377833775381e+00   2.612624832024e-01   
122     8.001880293868e-03   2.359118394610e+00   2.997672226912e-01   
123     8.001892770789e-03   2.321687633067e+00   3.804348051646e-01   
124     8.001905247709e-03   2.284256871525e+00   4.653728435999e-01   
125     8.001917724630e-03   2.246826109983e+00   5.542815014212e-01   
126     8.001942678471e-03   2.171964586898e+00   7.430364842256e-01   
127     8.001967632312e-03   2.097103063813e+00   9.453558895603e-01   
128     8.001992586153e-03   2.022241540729e+00   1.160055728663e+00   
129     8.002000000000e-03   2.000000000000e+00   1.226156846469e+00   
130     8.002024953841e-03   2.000000000000e+00   1.455450583360e+00   
131     8.002074861523e-03   2.000000000000e+00   1.943235276154e+00   
132     8.002124769205e-03   2.000000000000e+00   2.466372171989e+00   
133     8.002174676887e-03   2.000000000000e+00   3.020084757442e+00   
134     8.002224584569e-03   2.000000000000e+00   3.600123309540e+00   
135     8.002324399933e-03   2.000000000000e+00   4.815950092284e+00   
136     8.002424215297e-03   2.000000000000e+00   6.085757658983e+00   
137     8.002524030662e-03   2.000000000000e+00   7.365715084152e+00   
138     8.002615844794e-03   2.000000000000e+00   8.483737141650e+00   
139     8.002707658925e-03   2.000000000000e+00   9.360061516389e+00   
140     8.002749898005e-03   2.000000000000e+00   9.629911200518e+00   
141     8.002792137084e-03   2.000000000000e+00   9.784682361887e+00   
142     8.002834376163e-03   2.000000000000e+00   9.866582868963e+00   
143     8.002876615242e-03   2.000000000000e+00   9.910001521235e+00   
144     8.002918854321e-03   2.000000000000e+00   9.934395660769e+00   
145     8.002961093400e-03   2.000000000000e+00   9.949425459075e+00   
146     8.003003332480e-03   2.000000000000e+00   9.959655533860e+00   
147     8.003045571559e-03   2.000000000000e+00   9.967221301223e+00   
148     8.003087810638e-03   2.000000000000e+00   9.973138804812e+00   
149     8.003130049717e-03   2.000000000000e+00   9.977916983039e+00   
150     8.003172288796e-03   2.000000000000e+00   9.981835820242e+00   
151     8.003214527875e-03   2.000000000000e+00   9.985070018551e+00   
152     8.003256766955e-03   2.000000000000e+00   9.987743044674e+00   
153     8.003299006034e-03   2.000000000000e+00   9.989950528484e+00   
154     8.003341245113e-03   2.000000000000e+00   9.991770504202e+00   
155     8.003425723271e-03   2.000000000000e+00   9.994310943397e+00   
156     8.003510201430e-03   2.000000000000e+00   9.996074234895e+00   
157     8.003594679588e-03   2.000000000000e+00   9.997295302931e+00   
158     8.003679157746e-03   2.000000000000e+00   9.998138857811e+00   
159     8.003763635905e-03   2.000000000000e+00   9.998720465526e+00   
160     8.003932592221e-03   2.000000000000e+00   9.999330614206e+00   
161     8.004101548538e-03   2.000000000000e+00   9.999650034516e+00   
162     8.004439461171e-03   2.000000000000e+00   9.999876186290e+00   
163     8.004777373805e-03   2.000000000000e+00   9.999956162838e+00   
164     8.005453199072e-03   2.000000000000e+00   9.999990497888e+00   
165     8.006804849605e-03   2.000000000000e+00   9.999998751054e+00   
166     8.009508150672e-03   2.000000000000e+00   9.999999806228e+00   
167     8.014914752806e-03   2.000000000000e+00   9.999999875908e+00   
168     8.020321354940e-03   2.000000000000e+00   9.999999878210e+00   
169     8.031134559208e-03   2.000000000000e+00   9.999999878287e+00   
170     8.052760967744e-03   2.000000000000e+00   9.999999878289e+00   
171     8.096013784815e-03   2.000000000000e+00   9.999999878289e+00   
172     8.182519418959e-03   2.000000000000e+00   9.999999878289e+00   
173     8.250000000000e-03   2.000000000000e+00   9.999999878289e+00   
174     8.250005000000e-03   2.015000000003e+00   9.999999878289e+00   
175     8.250015000000e-03   2.045000000002e+00   9.999999878289e+00   
176     8.250035000000e-03   2.105000000002e+00   9.999999878288e+00   
177     8.250075000000e-03   2.225000000001e+00   9.999999878286e+00   
178     8.250155000000e-03   2.465000000000e+00   9.999999878280e+00   
179     8.250315000000e-03   2.944999999997e+00   9.999999878272e+00   
180     8.250635000000e-03   3.904999999996e+00   9.999999878270e+00   
181     8.250726250000e-03   4.178749999998e+00   9.999999878270e+00   
182     8.250771875000e-03   4.315624999999e+00   9.999999878271e+00   
183     8.250794687500e-03   4.384062499999e+00   9.999999878274e+00   
184     8.250807793808e-03   4.423381424600e+00   9.999999878279e+00   
185     8.250819503170e-03   4.458509508614e+00   9.999999878295e+00   
186     8.250827014754e-03   4.481044263380e+00   9.999999878317e+00   
187     8.250833312062e-03   4.499936186598e+00   9.999999878361e+00   
188     8.250839609370e-03   4.518828109817e+00   9.999999878506e+00   
189     8.250845906678e-03   4.537720033035e+00   9.999999879589e+00   
190     8.250851175709e-03   4.553527126206e+00   9.999999886533e+00   
191     8.250856444740e-03   4.569334219377e+00   9.999999917798e+00   
192     8.250861713771e-03   4.585141312548e+00   1.000000000128e+01   
193     8.250866982802e-03   4.600948405719e+00   1.000000018012e+01   
194     8.250877520864e-03   4.632562592066e+00   1.000000168216e+01   
195     8.250898596988e-03   4.695790964759e+00   1.000004222820e+01   
196     8.250907724855e-03   4.723174565756e+00   1.000008398305e+01   
197     8.250916852722e-03   4.750558166752e+00   1.000019062168e+01   
198     8.250923455969e-03   4.770367908224e+00   1.000033154897e+01   
199     8.250928782873e-03   4.786348620410e+00   1.000050906272e+01   
200     8.250934109778e-03   4.802329332596e+00   1.000077599805e+01   
201     8.250939436682e-03   4.818310044781e+00   1.000116157544e+01   
202     8.250944763586e-03   4.834290756967e+00   1.000170286889e+01   
203     8.250950090490e-03   4.850271469153e+00   1.000246023484e+01   
204     8.250955417394e-03   4.866252181339e+00   1.000357429601e+01   
205     8.250958592597e-03   4.875777792077e+00   1.000450617559e+01   
206     8.250960048536e-03   4.880145608388e+00   1.000505058059e+01   
207     8.250961504475e-03   4.884513424700e+00   1.000590770016e+01   
208     8.250961768358e-03   4.885305074181e+00   1.000609850509e+01   
209     8.250961834329e-03   4.885502986549e+00   1.000615040900e+01   
210     8.250961923621e-03   4.885770862000e+00   1.000623373809e+01   
211     8.250961956531e-03   4.885869592274e+00   1.000626836806e+01   
212     8.250961989441e-03   4.885968322548e+00   1.000631203300e+01   
213     8.250962001435e-03   4.886004304875e+00   1.000633287194e+01   
214     8.250962009103e-03   4.886027308396e+00   1.000635144362e+01   
215     8.250962015699e-03   4.886047098217e+00   1.000637046868e+01   
216     8.250962022296e-03   4.886066888037e+00   1.000639088638e+01   
217     8.250962028893e-03   4.886086677858e+00   1.000641298586e+01   
218     8.250962035489e-03   4.886106467679e+00   1.000643692277e+01   
219     8.250962048682e-03   4.886146047315e+00   1.000649231289e+01   
220     8.250962075069e-03   4.886225206594e+00   1.000663333739e+01   
221     8.250962127842e-03   4.886383525144e+00   1.000703672592e+01   
222     8.250962233387e-03   4.886700162252e+00   1.000832956723e+01   
223     8.250962444479e-03   4.887333436466e+00   1.001285147776e+01   
224     8.250962497252e-03   4.887491755017e+00   1.001410075205e+01   
225     8.250962525286e-03   4.887575857981e+00   1.001479808550e+01   
226     8.250962581355e-03   4.887744063909e+00   1.001632599003e+01   
227     8.250962595372e-03   4.887786115392e+00   1.001671485414e+01   
228     8.250962599018e-03   4.887797053970e+00   1.001681529450e+01   
229     8.250962600155e-03   4.887800464898e+00   1.001684616812e+01   
230     8.250962600694e-03   4.887802083322e+00   1.001686086152e+01   
231     8.250962601234e-03   4.887803701746e+00   1.001687559454e+01   
232     8.250962601773e-03   4.887805320170e+00   1.001689033826e+01   
233     8.250962602852e-03   4.887808557013e+00   1.001691984389e+01   
234     8.250962603931e-03   4.887811793856e+00   1.001694937536e+01   
235     8.250962606089e-03   4.887818267547e+00   1.001700856548e+01   
236     8.250962607914e-03   4.887823741809e+00   1.001705880051e+01   
237     8.250962609342e-03   4.887828026767e+00   1.001709812411e+01   
238     8.250962610771e-03   4.887832311725e+00   1.001713739705e+01   
239     8.250962612199e-03   4.887836596683e+00   1.001717663111e+01   
240     8.250962613627e-03   4.887840881640e+00   1.001721583936e+01   
241     8.250962616484e-03   4.887849451551e+00   1.001729420146e+01   
242     8.250962619340e-03   4.887858021461e+00   1.001737254206e+01   
243     8.250962622197e-03   4.887866591372e+00   1.001745086478e+01   
244     8.250962627910e-03   4.887883731192e+00   1.001760745776e+01   
245     8.250962633624e-03   4.887900871013e+00   1.001776400857e+01   
246     8.250962639337e-03   4.887918010834e+00   1.001792051566e+01   
247     8.250962650763e-03   4.887952290476e+00   1.001823336905e+01   
248     8.250962662190e-03   4.887986570117e+00   1.001854605350e+01   
249     8.250962673617e-03   4.888020849759e+00   1.001885856666e+01   
250     8.250962696470e-03   4.888089409042e+00   1.001948295754e+01   
251     8.250962719323e-03   4.888157968325e+00   1.002010666220e+01   
252     8.250962742176e-03   4.888226527609e+00   1.002072967884e+01   
253     8.250962787882e-03   4.888363646180e+00   1.002197317083e+01   
254     8.250962833588e-03   4.888500764752e+00   1.002321391408e+01   
255     8.250962879294e-03   4.888637883324e+00   1.002445191092e+01   
256     8.250962970707e-03   4.888912120462e+00   1.002691779262e+01   
257     8.250963062119e-03   4.889186357600e+00   1.002937274983e+01   
258     8.250963153532e-03   4.889460594738e+00   1.003181681590e+01   
259     8.250963336356e-03   4.890009069020e+00   1.003666501484e+01   
260     8.250963519181e-03   4.890557543302e+00   1.004147017568e+01   
261     8.250963702006e-03   4.891106017583e+00   1.004623257362e+01   
262     8.250964067655e-03   4.892202966141e+00   1.005560176924e+01   
263     8.250964433305e-03   4.893299914699e+00   1.006480404127e+01   
264     8.250964798954e-03   4.894396863257e+00   1.007384151110e+01   
265     8.250965164604e-03   4.895493811815e+00   1.008271626789e+01   
266     8.250965895903e-03   4.897687708937e+00   1.009988309629e+01   
267     8.250966627202e-03   4.899881606058e+00   1.011642960186e+01   
268     8.250967358501e-03   4.902075503179e+00   1.013237107811e+01   
269     8.250968089800e-03   4.904269400300e+00   1.014772230030e+01   
270     8.250969552398e-03   4.908657194543e+00   1.017637571272e+01   
271     8.250971014996e-03   4.913044988785e+00   1.020287074741e+01   
272     8.250972477594e-03   4.917432783028e+00   1.022729201766e+01   
273     8.250973940192e-03   4.921820577271e+00   1.024968979344e+01   
274     8.250975402791e-03   4.926208371513e+00   1.027006164183e+01   
275     8.250978327987e-03   4.934983959993e+00   1.030075691739e+01   
276     8.250981253183e-03   4.943759548473e+00   1.029895243190e+01   
277     8.250984178379e-03   4.952535136953e+00   1.020776554882e+01   
278     8.250987103575e-03   4.961310725432e+00   1.000324961361e+01   
279     8.250990028771e-03   4.970086313912e+00   9.724841734219e+00   
280     8.250992953967e-03   4.978861902392e+00   9.412691811682e+00   
281     8.250995879164e-03   4.987637490872e+00   9.088836461457e+00   
282     8.251000000000e-03   4.999999999998e+00   8.629472972436e+00   
283     8.251002925196e-03   5.000000000000e+00   8.306054500782e+00   
284     8.251005850392e-03   5.000000000000e+00   7.985734784770e+00   
285     8.251011700785e-03   5.000000000000e+00   7.356230340360e+00   
286     8.251017551177e-03   5.000000000000e+00   6.742758340004e+00   
287     8.251023401569e-03   5.000000000000e+00   6.146100918899e+00   
288     8.251035102354e-03   5.000000000000e+00   5.006718349667e+00   
289     8.251046803139e-03   5.000000000000e+00   3.943940709245e+00   
290     8.251058503923e-03   5.000000000000e+00   2.964804601331e+00   
291     8.251070204708e-03   5.000000000000e+00   2.078138631514e+00   
292     8.251081905492e-03   5.000000000000e+00   1.295799804341e+00   
293     8.251089792320e-03   5.000000000000e+00   8.357469035030e-01   
294     8.251097679147e-03   5.000000000000e+00   4.390370965028e-01   
295     8.251101439112e-03   5.000000000000e+00   2.759859989973e-01   
296     8.251103429522e-03   5.000000000000e+00   2.011821977608e-01   
297     8.251104604527e-03   5.000000000000e+00   1.678040540964e-01   
298     8.251105779532e-03   5.000000000000e+00   1.452932104179e-01   
299     8.251106737030e-03   5.000000000000e+00   1.327427192268e-01   
300     8.251107694528e-03   5.000000000000e+00   1.234092451624e-01   
301     8.251108652025e-03   5.000000000000e+00   1.161445267461e-01   
302     8.251109609523e-03   5.000000000000e+00   1.102722880733e-01   
303     8.251110567021e-03   5.000000000000e+00   1.053827061506e-01   
304     8.251112482017e-03   5.000000000000e+00   9.760767998364e-02   
305     8.251114397012e-03   5.000000000000e+00   9.158587760594e-02   
306     8.251116312008e-03   5.000000000000e+00   8.670739121510e-02   
307     8.251118227003e-03   5.000000000000e+00   8.262818872051e-02   
308     8.251122056995e-03   5.000000000000e+00   7.611039694076e-02   
309     8.251125886986e-03   5.000000000000e+00   7.102975247837e-02   
310     8.251129716977e-03   5.000000000000e+00   6.689856237165e-02   
311     8.251133546968e-03   5.000000000000e+00   6.343911618226e-02   
312     8.251141206950e-03   5.000000000000e+00   5.792937627388e-02   
313     8.251148866933e-03   5.000000000000e+00   5.365085142821e-02   
314     8.251156526915e-03   5.000000000000e+00   5.019396153232e-02   
315     8.251164186898e-03   5.000000000000e+00   4.732177258163e-02   
316     8.251171846880e-03   5.000000000000e+00   4.488520543860e-02   
317     8.251187166845e-03   5.000000000000e+00   4.098749815714e-02   
318     8.251202486809e-03   5.000000000000e+00   3.794860292367e-02   
319     8.251217806774e-03   5.000000000000e+00   3.550030250785e-02   
320     8.251233126739e-03   5.000000000000e+00   3.347959417301e-02   
321     8.251248446704e-03   5.000000000000e+00   3.178044785375e-02   
322     8.251279086633e-03   5.000000000000e+00   2.912742758638e-02   
323     8.251309726562e-03   5.000000000000e+00   2.709987230799e-02   
324     8.251340366492e-03   5.000000000000e+00   2.550097584210e-02   
325     8.251371006421e-03   5.000000000000e+00   2.421008601625e-02   
326     8.251401646351e-03   5.000000000000e+00   2.314855747944e-02   
327     8.251462926210e-03   5.000000000000e+00   2.157021173586e-02   
328     8.251524206069e-03   5.000000000000e+00   2.041003853447e-02   
329     8.251585485928e-03   5.000000000000e+00   1.953142677479e-02   
330     8.251646765787e-03   5.000000000000e+00   1.885119802600e-02   
331     8.251769325504e-03   5.000000000000e+00   1.794425255240e-02   
332     8.251891885222e-03   5.000000000000e+00   1.733890866936e-02   
333     8.252014444940e-03   5.000000000000e+00   1.692349886101e-02   
334     8.252137004658e-03   5.000000000000e+00   1.663301883582e-02   
335     8.252382124094e-03   5.000000000000e+00   1.631092447352e-02   
336     8.252627243529e-03   5.000000000000e+00   1.613112042696e-02   
337     8.253117482401e-03   5.000000000000e+00   1.598831833405e-02   
338     8.253607721272e-03   5.000000000000e+00   1.593113882707e-02   
339     8.254588199015e-03   5.000000000000e+00   1.590218563778e-02   
340     8.256549154501e-03   5.000000000000e+00   1.589358658815e-02   
341     8.260471065472e-03   5.000000000000e+00   1.589240503218e-02   
342     8.268314887415e-03   5.000000000000e+00   1.589232145115e-02   
343     8.284002531300e-03   5.000000000000e+00   1.589231807626e-02   
344     8.315377819070e-03   5.000000000000e+00   1.589231800423e-02   
345     8.378128394611e-03   5.000000000000e+00   1.589231800346e-02   
346     8.503629545692e-03   5.000000000000e+00   1.589231800346e-02   
347     8.754631847855e-03   5.000000000000e+00   1.589231800346e-02   
348     9.054631847855e-03   5.000000000000e+00   1.589231800346e-02   
349     9.354631847855e-03   5.000000000000e+00   1.589231800346e-02   
350     9.654631847855e-03   5.000000000000e+00   1.589231800346e-02   
351     9.954631847855e-03   5.000000000000e+00   1.589231800346e-02   
352     1.025463184785e-02   5.000000000000e+00   1.589231800346e-02   
353     1.055463184785e-02   5.000000000000e+00   1.589231800346e-02   
354     1.085463184785e-02   5.000000000000e+00   1.589231800346e-02   
355     1.100100000000e-02   5.000000000000e+00   1.589231800346e-02   
356     1.100100500000e-02   4.984999999997e+00   1.589231799939e-02   
357     1.100101500000e-02   4.954999999998e+00   1.589231799788e-02   
358     1.100103500000e-02   4.894999999998e+00   1.589231799926e-02   
359     1.100105500000e-02   4.834999999998e+00   1.589231801035e-02   
360     1.100106291306e-02   4.811260806060e+00   1.589231803118e-02   
361     1.100107082613e-02   4.787521612121e+00   1.589231806668e-02   
362     1.100107729807e-02   4.768105781620e+00   1.589231811153e-02   
363     1.100108377002e-02   4.748689951120e+00   1.589231816717e-02   
364     1.100109024196e-02   4.729274120619e+00   1.589231823917e-02   
365     1.100109604758e-02   4.711857272364e+00   1.589231833722e-02   
366     1.100110185319e-02   4.694440424108e+00   1.589231848648e-02   
367     1.100110663655e-02   4.680090341674e+00   1.589231874294e-02   
368     1.100111052739e-02   4.668417840422e+00   1.589231919847e-02   
369     1.100111253815e-02   4.662385558992e+00   1.589231987206e-02   
370     1.100111454891e-02   4.656353277562e+00   1.589232107848e-02   
371     1.100111542720e-02   4.653718411726e+00   1.589232283867e-02   
372     1.100111600724e-02   4.651978277440e+00   1.589232514675e-02   
373     1.100111639987e-02   4.650800402626e+00   1.589232836509e-02   
374     1.100111665580e-02   4.650032611270e+00   1.589233278437e-02   
375     1.100111681949e-02   4.649541523553e+00   1.589233873261e-02   
376     1.100111692177e-02   4.649234688391e+00   1.589234658089e-02   
377     1.100111698447e-02   4.649046589839e+00   1.589235685454e-02   
378     1.100111702223e-02   4.648933317806e+00   1.589237041690e-02   
379     1.100111704466e-02   4.648866033368e+00   1.589238885867e-02   
380     1.100111705785e-02   4.648826451660e+00   1.589241505522e-02   
381     1.100111706560e-02   4.648803198958e+00   1.589245421879e-02   
382     1.100111707020e-02   4.648789397639e+00   1.589251538905e-02   
383     1.100111707302e-02   4.648780947856e+00   1.589261329295e-02   
384     1.100111707486e-02   4.648775412316e+00   1.589276791865e-02   
385     1.100111707671e-02   4.648769876775e+00   1.589305611190e-02   
386     1.100111707810e-02   4.648765699720e+00   1.589334196046e-02   
387     1.100111707949e-02   4.648761522666e+00   1.589354516417e-02   
388     1.100111708088e-02   4.648757345611e+00   1.589366683749e-02   
389     1.100111708278e-02   4.648751657489e+00   1.589365088388e-02   
390     1.100111708392e-02   4.648748241664e+00   1.589339154686e-02   
391     1.100111708484e-02   4.648745472780e+00   1.589308057161e-02   
392     1.100111708577e-02   4.648742703896e+00   1.589273305419e-02   
393     1.100111708669e-02   4.648739935012e+00   1.589236282950e-02   
394     1.100111708761e-02   4.648737166128e+00   1.589197689610e-02   
395     1.100111708853e-02   4.648734397244e+00   1.589157724718e-02   
396     1.100111709038e-02   4.648728859481e+00   1.589073302376e-02   
397     1.100111709223e-02   4.648723321718e+00   1.588982699541e-02   
398     1.100111709592e-02   4.648712246187e+00   1.588782714644e-02   
399     1.100111709961e-02   4.648701170656e+00   1.588563811668e-02   
400     1.100111710699e-02   4.648679019599e+00   1.588059913122e-02   
401     1.100111711438e-02   4.648656868542e+00   1.587491792065e-02   
402     1.100111712914e-02   4.648612566428e+00   1.586114025609e-02   
403     1.100111714391e-02   4.648568264314e+00   1.584501483352e-02   
404     1.100111717345e-02   4.648479660080e+00   1.580386777918e-02   
405     1.100111720298e-02   4.648391055847e+00   1.575421358200e-02   
406     1.100111726205e-02   4.648213847380e+00   1.562380445323e-02   
407     1.100111732112e-02   4.648036638914e+00   1.546477986099e-02   
408     1.100111743926e-02   4.647682221980e+00   1.504978314557e-02   
409     1.100111755740e-02   4.647327805047e+00   1.455119442083e-02   
410     1.100111762539e-02   4.647123843293e+00   1.423853635166e-02   
411     1.100111766339e-02   4.647009822813e+00   1.405622473683e-02   
412     1.100111768461e-02   4.646946173430e+00   1.395365703327e-02   
413     1.100111769627e-02   4.646911196664e+00   1.389990311720e-02   
414     1.100111770674e-02   4.646879778843e+00   1.385286478849e-02   
415     1.100111771721e-02   4.646848361021e+00   1.380669889241e-02   
416     1.100111772769e-02   4.646816943200e+00   1.376128690716e-02   
417     1.100111774863e-02   4.646754107557e+00   1.367309735380e-02   
418     1.100111776958e-02   4.646691271914e+00   1.358749561151e-02   
419     1.100111781147e-02   4.646565600628e+00   1.342588597027e-02   
420     1.100111785336e-02   4.646439929342e+00   1.327333483939e-02   
421     1.100111789525e-02   4.646314258056e+00   1.312935193405e-02   
422     1.100111797903e-02   4.646062915484e+00   1.287246330381e-02   
423     1.100111806281e-02   4.645811572913e+00   1.264318052701e-02   
424     1.100111823037e-02   4.645308887769e+00   1.227471046517e-02   
425     1.100111839793e-02   4.644806202626e+00   1.197844049358e-02   
426     1.100111856549e-02   4.644303517482e+00   1.174055632457e-02   
427     1.100111890062e-02   4.643298147190e+00   1.142274089989e-02   
428     1.100111923574e-02   4.642292776898e+00   1.121086123200e-02   
429     1.100111957086e-02   4.641287406605e+00   1.107039787813e-02   
430     1.100112024111e-02   4.639276666021e+00   1.093421761035e-02   
431     1.100112091136e-02   4.637265925436e+00   1.087158621306e-02   
432     1.100112225185e-02   4.633244444273e+00   1.084728337287e-02   
433     1.100112359235e-02   4.629222963109e+00   1.085881697533e-02   
434     1.100112627333e-02   4.621180000782e+00   1.091478005524e-02   
435     1.100112895432e-02   4.613137038454e+00   1.098070560087e-02   
436     1.100113163531e-02   4.605094076127e+00   1.105071898904e-02   
437     1.100113699728e-02   4.589008151467e+00   1.119681166462e-02   
438     1.100114235926e-02   4.572922226807e+00   1.134827443336e-02   
439     1.100115308321e-02   4.540750377492e+00   1.166106985346e-02   
440     1.100116380716e-02   4.508578528177e+00   1.198685904117e-02   
441     1.100117453111e-02   4.476406678862e+00   1.232452599945e-02   
442     1.100118525506e-02   4.444234829548e+00   1.267370201221e-02   
443     1.100120670296e-02   4.379891130913e+00   1.339511390759e-02   
444     1.100122815086e-02   4.315547432278e+00   1.416205791066e-02   
445     1.100124959876e-02   4.251203733643e+00   1.497650557497e-02   
446     1.100129249455e-02   4.122516336379e+00   1.670369311100e-02   
447     1.100133539035e-02   3.993828939114e+00   1.864458721151e-02   
448     1.100137828615e-02   3.865141541850e+00   2.082917765420e-02   
449     1.100142118195e-02   3.736454144586e+00   2.329568691972e-02   
450     1.100146407775e-02   3.607766747321e+00   2.609339994190e-02   
451     1.100150697355e-02   3.479079350057e+00   2.928796854914e-02   
452     1.100154986935e-02   3.350391952793e+00   3.297040021437e-02   
453     1.100159276515e-02   3.221704555528e+00   3.727308745259e-02   
454     1.100163566095e-02   3.093017158264e+00   4.240054892126e-02   
455     1.100167855675e-02   2.964329760999e+00   4.869450473758e-02   
456     1.100172145255e-02   2.835642363735e+00   5.679211072726e-02   
457     1.100176434834e-02   2.706954966471e+00   6.809991775966e-02   
458     1.100180176291e-02   2.594711279818e+00   8.380859266644e-02   
459     1.100181974545e-02   2.540763640337e+00   9.627406320010e-02   
460     1.100183242540e-02   2.502723785936e+00   1.095961969646e-01   
461     1.100184510536e-02   2.464683931534e+00   1.313782069701e-01   
462     1.100185456980e-02   2.436290605266e+00   1.596896138695e-01   
463     1.100186157849e-02   2.415264536910e+00   1.908408620975e-01   
464     1.100186781695e-02   2.396549156139e+00   2.245132168916e-01   
465     1.100187405541e-02   2.377833775368e+00   2.612624832026e-01   
466     1.100188029387e-02   2.359118394597e+00   2.997672226914e-01   
467     1.100189277079e-02   2.321687633054e+00   3.804348051649e-01   
468     1.100190524771e-02   2.284256871512e+00   4.653728436003e-01   
469     1.100191772463e-02   2.246826109970e+00   5.542815014216e-01   
470     1.100194267847e-02   2.171964586885e+00   7.430364842260e-01   
471     1.100196763231e-02   2.097103063800e+00   9.453558895608e-01   
472     1.100199258615e-02   2.022241540716e+00   1.160055728663e+00   
473     1.100200000000e-02   2.000000000002e+00   1.226156846423e+00   
474     1.100202495384e-02   2.000000000000e+00   1.455450583311e+00   
475     1.100207486152e-02   2.000000000000e+00   1.943235276102e+00   
476     1.100212476921e-02   2.000000000000e+00   2.466372171933e+00   
477     1.100217467689e-02   2.000000000000e+00   3.020084757384e+00   
478     1.100222458457e-02   2.000000000000e+00   3.600123309479e+00   
479     1.100232439993e-02   2.000000000000e+00   4.815950092220e+00   
480     1.100242421530e-02   2.000000000000e+00   6.085757658917e+00   
481     1.100252403066e-02   2.000000000000e+00   7.365715084088e+00   
482     1.100261584479e-02   2.000000000000e+00   8.483737141624e+00   
483     1.100270765893e-02   2.000000000000e+00   9.360061516392e+00   
484     1.100274989800e-02   2.000000000000e+00   9.629911200520e+00   
485     1.100279213708e-02   2.000000000000e+00   9.784682361889e+00   
486     1.100283437616e-02   2.000000000000e+00   9.866582868964e+00   
487     1.100287661524e-02   2.000000000000e+00   9.910001521236e+00   
488     1.100291885432e-02   2.000000000000e+00   9.934395660770e+00   
489     1.100296109340e-02   2.000000000000e+00   9.949425459076e+00   
490     1.100300333248e-02   2.000000000000e+00   9.959655533860e+00   
491     1.100304557156e-02   2.000000000000e+00   9.967221301223e+00   
492     1.100308781064e-02   2.000000000000e+00   9.973138804812e+00   
493     1.100313004972e-02   2.000000000000e+00   9.977916983039e+00   
494     1.100317228880e-02   2.000000000000e+00   9.981835820242e+00   
495     1.100321452788e-02   2.000000000000e+00   9.985070018552e+00   
496     1.100325676695e-02   2.000000000000e+00   9.987743044674e+00   
497     1.100329900603e-02   2.000000000000e+00   9.989950528484e+00   
498     1.100334124511e-02   2.000000000000e+00   9.991770504202e+00   
499     1.100342572327e-02   2.000000000000e+00   9.994310943398e+00   
500     1.100351020143e-02   2.000000000000e+00   9.996074234895e+00   
501     1.100359467959e-02   2.000000000000e+00   9.997295302931e+00   
502     1.100367915775e-02   2.000000000000e+00   9.998138857811e+00   
503     1.100376363590e-02   2.000000000000e+00   9.998720465527e+00   
504     1.100393259222e-02   2.000000000000e+00   9.999330614206e+00   
505     1.100410154854e-02   2.000000000000e+00   9.999650034516e+00   
506     1.100443946117e-02   2.000000000000e+00   9.999876186290e+00   
507     1.100477737380e-02   2.000000000000e+00   9.999956162838e+00   
508     1.100545319907e-02   2.000000000000e+00   9.999990497888e+00   
509     1.100680484961e-02   2.000000000000e+00   9.999998751054e+00   
510     1.100950815067e-02   2.000000000000e+00   9.999999806228e+00   
511     1.101491475281e-02   2.000000000000e+00   9.999999875908e+00   
512     1.102032135494e-02   2.000000000000e+00   9.999999878210e+00   
513     1.103113455921e-02   2.000000000000e+00   9.999999878287e+00   
514     1.105276096774e-02   2.000000000000e+00   9.999999878289e+00   
515     1.109601378482e-02   2.000000000000e+00   9.999999878289e+00   
516     1.118251941896e-02   2.000000000000e+00   9.999999878289e+00   
517     1.125000000000e-02   2.000000000000e+00   9.999999878289e+00   
518     1.125000500000e-02   2.014999999997e+00   9.999999878289e+00   
519     1.125001500000e-02   2.044999999997e+00   9.999999878289e+00   
520     1.125003500000e-02   2.104999999997e+00   9.999999878288e+00   
521     1.125007500000e-02   2.224999999996e+00   9.999999878286e+00   
522     1.125015500000e-02   2.464999999995e+00   9.999999878280e+00   
523     1.125031500000e-02   2.944999999992e+00   9.999999878272e+00   
524     1.125063500000e-02   3.904999999991e+00   9.999999878270e+00   
525     1.125072625000e-02   4.178749999993e+00   9.999999878270e+00   
526     1.125077187500e-02   4.315624999994e+00   9.999999878271e+00   
527     1.125079468750e-02   4.384062499994e+00   9.999999878274e+00   
528     1.125080779381e-02   4.423381424595e+00   9.999999878279e+00   
529     1.125081950317e-02   4.458509508609e+00   9.999999878295e+00   
530     1.125082701475e-02   4.481044263375e+00   9.999999878317e+00   
531     1.125083331206e-02   4.499936186593e+00   9.999999878361e+00   
532     1.125083960937e-02   4.518828109812e+00   9.999999878506e+00   
533     1.125084590668e-02   4.537720033030e+00   9.999999879589e+00   
534     1.125085117571e-02   4.553527126206e+00   9.999999886533e+00   
535     1.125085644474e-02   4.569334219382e+00   9.999999917798e+00   
536     1.125086171377e-02   4.585141312558e+00   1.000000000128e+01   
537     1.125086698280e-02   4.600948405734e+00   1.000000018012e+01   
538     1.125087752086e-02   4.632562592081e+00   1.000000168216e+01   
539     1.125089859699e-02   4.695790964775e+00   1.000004222820e+01   
540     1.125090772486e-02   4.723174565766e+00   1.000008398305e+01   
541     1.125091685272e-02   4.750558166757e+00   1.000019062168e+01   
542     1.125092345597e-02   4.770367908229e+00   1.000033154897e+01   
543     1.125092878287e-02   4.786348620410e+00   1.000050906272e+01   
544     1.125093410978e-02   4.802329332590e+00   1.000077599805e+01   
545     1.125093943668e-02   4.818310044771e+00   1.000116157544e+01   
546     1.125094476359e-02   4.834290756952e+00   1.000170286889e+01   
547     1.125095009049e-02   4.850271469132e+00   1.000246023484e+01   
548     1.125095541739e-02   4.866252181313e+00   1.000357429601e+01   
549     1.125095859260e-02   4.875777792066e+00   1.000450617559e+01   
550     1.125096004854e-02   4.880145608368e+00   1.000505058059e+01   
551     1.125096150447e-02   4.884513424669e+00   1.000590770016e+01   
552     1.125096176836e-02   4.885305074155e+00   1.000609850508e+01   
553     1.125096183433e-02   4.885502986523e+00   1.000615040899e+01   
554     1.125096192362e-02   4.885770861985e+00   1.000623373809e+01   
555     1.125096195653e-02   4.885869592253e+00   1.000626836806e+01   
556     1.125096198944e-02   4.885968322522e+00   1.000631203299e+01   
557     1.125096200143e-02   4.886004304849e+00   1.000633287193e+01   
558     1.125096200910e-02   4.886027308370e+00   1.000635144360e+01   
559     1.125096201570e-02   4.886047098190e+00   1.000637046867e+01   
560     1.125096202230e-02   4.886066888011e+00   1.000639088637e+01   
561     1.125096202889e-02   4.886086677832e+00   1.000641298585e+01   
562     1.125096203549e-02   4.886106467653e+00   1.000643692276e+01   
563     1.125096204868e-02   4.886146047295e+00   1.000649231288e+01   
564     1.125096207507e-02   4.886225206573e+00   1.000663333739e+01   
565     1.125096212784e-02   4.886383525134e+00   1.000703672594e+01   
566     1.125096223339e-02   4.886700162257e+00   1.000832956736e+01   
567     1.125096244448e-02   4.887333436502e+00   1.001285147828e+01   
568     1.125096249725e-02   4.887491755064e+00   1.001410075268e+01   
569     1.125096252529e-02   4.887575857898e+00   1.001479808500e+01   
570     1.125096258135e-02   4.887744063561e+00   1.001632598686e+01   
571     1.125096259537e-02   4.887786114975e+00   1.001671485031e+01   
572     1.125096259902e-02   4.887797053543e+00   1.001681529060e+01   
573     1.125096260015e-02   4.887800464361e+00   1.001684616323e+01   
574     1.125096260069e-02   4.887802082770e+00   1.001686085650e+01   
575     1.125096260123e-02   4.887803701179e+00   1.001687558940e+01   
576     1.125096260177e-02   4.887805319587e+00   1.001689033301e+01   
577     1.125096260285e-02   4.887808556404e+00   1.001691983840e+01   
578     1.125096260393e-02   4.887811793221e+00   1.001694936963e+01   
579     1.125096260609e-02   4.887818266861e+00   1.001700855927e+01   
580     1.125096260791e-02   4.887823741445e+00   1.001705879721e+01   
581     1.125096260934e-02   4.887828026413e+00   1.001709812093e+01   
582     1.125096261077e-02   4.887832311381e+00   1.001713739396e+01   
583     1.125096261220e-02   4.887836596350e+00   1.001717662812e+01   
584     1.125096261363e-02   4.887840881318e+00   1.001721583647e+01   
585     1.125096261648e-02   4.887849451249e+00   1.001729419877e+01   
586     1.125096261934e-02   4.887858021180e+00   1.001737253957e+01   
587     1.125096262220e-02   4.887866591111e+00   1.001745086249e+01   
588     1.125096262791e-02   4.887883730974e+00   1.001760745586e+01   
589     1.125096263362e-02   4.887900870836e+00   1.001776400707e+01   
590     1.125096263934e-02   4.887918010699e+00   1.001792051455e+01   
591     1.125096265076e-02   4.887952290429e+00   1.001823336873e+01   
592     1.125096266219e-02   4.887986570159e+00   1.001854605397e+01   
593     1.125096267362e-02   4.888020849889e+00   1.001885856790e+01   
594     1.125096269647e-02   4.888089409344e+00   1.001948296036e+01   
595     1.125096271932e-02   4.888157968799e+00   1.002010666657e+01   
596     1.125096274218e-02   4.888226528254e+00   1.002072968478e+01   
597     1.125096278788e-02   4.888363647169e+00   1.002197317987e+01   
598     1.125096283359e-02   4.888500766084e+00   1.002321392621e+01   
599     1.125096287930e-02   4.888637885000e+00   1.002445192613e+01   
600     1.125096297071e-02   4.888912122830e+00   1.002691781395e+01   
601     1.125096306212e-02   4.889186360660e+00   1.002937277720e+01   
602     1.125096315353e-02   4.889460598491e+00   1.003181684927e+01   
603     1.125096333636e-02   4.890009074151e+00   1.003666506001e+01   
604     1.125096351918e-02   4.890557549812e+00   1.004147023244e+01   
605     1.125096370201e-02   4.891106025473e+00   1.004623264175e+01   
606     1.125096406766e-02   4.892202976789e+00   1.005560185935e+01   
607     1.125096443331e-02   4.893299928105e+00   1.006480415256e+01   
608     1.125096479896e-02   4.894396879422e+00   1.007384164276e+01   
609     1.125096516461e-02   4.895493830738e+00   1.008271641914e+01   
610     1.125096589591e-02   4.897687733370e+00   1.009988328396e+01   
611     1.125096662721e-02   4.899881636003e+00   1.011642982304e+01   
612     1.125096735851e-02   4.902075538635e+00   1.013237132999e+01   
613     1.125096808981e-02   4.904269441268e+00   1.014772258017e+01   
614     1.125096955242e-02   4.908657246538e+00   1.017637603950e+01   
615     1.125097101502e-02   4.913045051808e+00   1.020287111157e+01   
616     1.125097247762e-02   4.917432857078e+00   1.022729240994e+01   
617     1.125097394022e-02   4.921820662348e+00   1.024969020429e+01   
618     1.125097540282e-02   4.926208467618e+00   1.027006205958e+01   
619     1.125097832803e-02   4.934984078154e+00   1.030075719985e+01   
620     1.125098125323e-02   4.943759688689e+00   1.029895181173e+01   
621     1.125098417843e-02   4.952535299224e+00   1.020776266176e+01   
622     1.125098710364e-02   4.961310909759e+00   1.000324426740e+01   
623     1.125099002884e-02   4.970086520294e+00   9.724834596626e+00   
624     1.125099295404e-02   4.978862130829e+00   9.412683436833e+00   
625     1.125099587925e-02   4.987637741364e+00   9.088827141850e+00   
626     1.125100000000e-02   4.999999999993e+00   8.629472988253e+00   
627     1.125100292520e-02   5.000000000000e+00   8.306053694519e+00   
628     1.125100585041e-02   5.000000000000e+00   7.985733182643e+00   
629     1.125101170081e-02   5.000000000000e+00   7.356227213905e+00   
630     1.125101755122e-02   5.000000000000e+00   6.742753775601e+00   
631     1.125102340163e-02   5.000000000000e+00   6.146095007091e+00   
632     1.125103510244e-02   5.000000000000e+00   5.006710038890e+00   
633     1.125104680326e-02   5.000000000000e+00   3.943930433647e+00   
634     1.125105850407e-02   5.000000000000e+00   2.964792860087e+00   
635     1.125107020488e-02   5.000000000000e+00   2.078126016412e+00   
636     1.125108190570e-02   5.000000000000e+00   1.295787053737e+00   
637     1.125108979247e-02   5.000000000000e+00   8.357384600259e-01   
638     1.125109767925e-02   5.000000000000e+00   4.390323345282e-01   
639     1.125110143917e-02   5.000000000000e+00   2.759834715873e-01   
640     1.125110342956e-02   5.000000000000e+00   2.011810946275e-01   
641     1.125110460455e-02   5.000000000000e+00   1.678035189413e-01   
642     1.125110577954e-02   5.000000000000e+00   1.452930256831e-01   
643     1.125110673704e-02   5.000000000000e+00   1.327425925520e-01   
644     1.125110769454e-02   5.000000000000e+00   1.234091543684e-01   
645     1.125110865204e-02   5.000000000000e+00   1.161444591652e-01   
646     1.125110960953e-02   5.000000000000e+00   1.102722363090e-01   
647     1.125111056703e-02   5.000000000000e+00   1.053826656735e-01   
648     1.125111248202e-02   5.000000000000e+00   9.760765426873e-02   
649     1.125111439702e-02   5.000000000000e+00   9.158586096578e-02   
650     1.125111631201e-02   5.000000000000e+00   8.670738062611e-02   
651     1.125111822701e-02   5.000000000000e+00   8.262818240717e-02   
652     1.125112205700e-02   5.000000000000e+00   7.611039616056e-02   
653     1.125112588698e-02   5.000000000000e+00   7.102975506189e-02   
654     1.125112971697e-02   5.000000000000e+00   6.689856715935e-02   
655     1.125113354696e-02   5.000000000000e+00   6.343912248778e-02   
656     1.125114120694e-02   5.000000000000e+00   5.792938442211e-02   
657     1.125114886691e-02   5.000000000000e+00   5.365086058078e-02   
658     1.125115652689e-02   5.000000000000e+00   5.019397124347e-02   
659     1.125116418687e-02   5.000000000000e+00   4.732178259201e-02   
660     1.125117184685e-02   5.000000000000e+00   4.488521558787e-02   
661     1.125118716680e-02   5.000000000000e+00   4.098750828409e-02   
662     1.125120248675e-02   5.000000000000e+00   3.794861284884e-02   
663     1.125121780671e-02   5.000000000000e+00   3.550031214843e-02   
664     1.125123312666e-02   5.000000000000e+00   3.347960349248e-02   
665     1.125124844661e-02   5.000000000000e+00   3.178045683933e-02   
666     1.125127908652e-02   5.000000000000e+00   2.912743589096e-02   
667     1.125130972643e-02   5.000000000000e+00   2.709987998388e-02   
668     1.125134036634e-02   5.000000000000e+00   2.550098294607e-02   
669     1.125137100625e-02   5.000000000000e+00   2.421009260191e-02   
670     1.125140164615e-02   5.000000000000e+00   2.314856359506e-02   
671     1.125146292597e-02   5.000000000000e+00   2.157021702926e-02   
672     1.125152420578e-02   5.000000000000e+00   2.041004314713e-02   
673     1.125158548560e-02   5.000000000000e+00   1.953143081377e-02   
674     1.125164676542e-02   5.000000000000e+00   1.885120157488e-02   
675     1.125176932505e-02   5.000000000000e+00   1.794425532803e-02   
676     1.125189188468e-02   5.000000000000e+00   1.733891085555e-02   
677     1.125201444431e-02   5.000000000000e+00   1.692350058800e-02   
678     1.125213700394e-02   5.000000000000e+00   1.663302020067e-02   
679     1.125238212320e-02   5.000000000000e+00   1.631092535738e-02   
680     1.125262724246e-02   5.000000000000e+00   1.613112099775e-02   
681     1.125311748099e-02   5.000000000000e+00   1.598831860197e-02   
682     1.125360771951e-02   5.000000000000e+00   1.593113895137e-02   
683     1.125458819656e-02   5.000000000000e+00   1.590218567453e-02   
684     1.125654915065e-02   5.000000000000e+00   1.589358659339e-02   
685     1.126047105884e-02   5.000000000000e+00   1.589240503256e-02   
686     1.126831487522e-02   5.000000000000e+00   1.589232145117e-02   
687     1.128400250799e-02   5.000000000000e+00   1.589231807626e-02   
688     1.131537777351e-02   5.000000000000e+00   1.589231800423e-02   
689     1.137812830456e-02   5.000000000000e+00   1.589231800346e-02   
690     1.150362936665e-02   5.000000000000e+00   1.589231800346e-02   
691     1.175463149084e-02   5.000000000000e+00   1.589231800346e-02   
692     1.205463149084e-02   5.000000000000e+00   1.589231800346e-02   
693     1.235463149084e-02   5.000000000000e+00   1.589231800346e-02   
694     1.265463149084e-02   5.000000000000e+00   1.589231800346e-02   
695     1.295463149084e-02   5.000000000000e+00   1.589231800346e-02   
696     1.325463149084e-02   5.000000000000e+00   1.589231800346e-02   
697     1.355463149084e-02   5.000000000000e+00   1.589231800346e-02   
698     1.385463149084e-02   5.000000000000e+00   1.589231800346e-02   
699     1.400100000000e-02   5.000000000000e+00   1.589231800346e-02   
700     1.400100500000e-02   4.985000000003e+00   1.589231799939e-02   
701     1.400101500000e-02   4.955000000003e+00   1.589231799788e-02   
702     1.400103500000e-02   4.895000000003e+00   1.589231799926e-02   
703     1.400105500000e-02   4.835000000004e+00   1.589231801035e-02   
704     1.400106291306e-02   4.811260806065e+00   1.589231803118e-02   
705     1.400107082613e-02   4.787521612126e+00   1.589231806668e-02   
706     1.400107729807e-02   4.768105781625e+00   1.589231811153e-02   
707     1.400108377002e-02   4.748689951125e+00   1.589231816717e-02   
708     1.400109024196e-02   4.729274120624e+00   1.589231823917e-02   
709     1.400109604758e-02   4.711857272369e+00   1.589231833722e-02   
710     1.400110185319e-02   4.694440424114e+00   1.589231848648e-02   
711     1.400110663655e-02   4.680090341679e+00   1.589231874294e-02   
712     1.400111052739e-02   4.668417840427e+00   1.589231919847e-02   
713     1.400111253815e-02   4.662385558997e+00   1.589231987206e-02   
714     1.400111454891e-02   4.656353277568e+00   1.589232107848e-02   
715     1.400111542720e-02   4.653718411732e+00   1.589232283867e-02   
716     1.400111600724e-02   4.651978277445e+00   1.589232514675e-02   
717     1.400111639987e-02   4.650800402632e+00   1.589232836509e-02   
718     1.400111665580e-02   4.650032611275e+00   1.589233278437e-02   
719     1.400111681949e-02   4.649541523558e+00   1.589233873261e-02   
720     1.400111692177e-02   4.649234688396e+00   1.589234658089e-02   
721     1.400111698447e-02   4.649046589844e+00   1.589235685454e-02   
722     1.400111702223e-02   4.648933317812e+00   1.589237041690e-02   
723     1.400111704466e-02   4.648866033373e+00   1.589238885867e-02   
724     1.400111705785e-02   4.648826451665e+00   1.589241505522e-02   
725     1.400111706560e-02   4.648803198964e+00   1.589245421879e-02   
726     1.400111707020e-02   4.648789397644e+00   1.589251538905e-02   
727     1.400111707302e-02   4.648780947862e+00   1.589261329295e-02   
728     1.400111707486e-02   4.648775412321e+00   1.589276791865e-02   
729     1.400111707671e-02   4.648769876780e+00   1.589305611190e-02   
730     1.400111707810e-02   4.648765699726e+00   1.589334196046e-02   
731     1.400111707949e-02   4.648761522671e+00   1.589354516417e-02   
732     1.400111708088e-02   4.648757345616e+00   1.589366683749e-02   
733     1.400111708278e-02   4.648751657495e+00   1.589365088389e-02   
734     1.400111708392e-02   4.648748241670e+00   1.589339154686e-02   
735     1.400111708484e-02   4.648745472786e+00   1.589308057161e-02   
736     1.400111708577e-02   4.648742703902e+00   1.589273305419e-02   
737     1.400111708669e-02   4.648739935017e+00   1.589236282950e-02   
738     1.400111708761e-02   4.648737166133e+00   1.589197689610e-02   
739     1.400111708853e-02   4.648734397249e+00   1.589157724718e-02   
740     1.400111709038e-02   4.648728859486e+00   1.589073302376e-02   
741     1.400111709223e-02   4.648723321723e+00   1.588982699541e-02   
742     1.400111709592e-02   4.648712246192e+00   1.588782714644e-02   
743     1.400111709961e-02   4.648701170661e+00   1.588563811668e-02   
744     1.400111710699e-02   4.648679019604e+00   1.588059913122e-02   
745     1.400111711438e-02   4.648656868547e+00   1.587491792065e-02   
746     1.400111712914e-02   4.648612566433e+00   1.586114025609e-02   
747     1.400111714391e-02   4.648568264319e+00   1.584501483352e-02   
748     1.400111717345e-02   4.648479660086e+00   1.580386777918e-02   
749     1.400111720298e-02   4.648391055852e+00   1.575421358200e-02   
750     1.400111726205e-02   4.648213847386e+00   1.562380445323e-02   
751     1.400111732112e-02   4.648036638919e+00   1.546477986099e-02   
752     1.400111743926e-02   4.647682221986e+00   1.504978314556e-02   
753     1.400111755740e-02   4.647327805052e+00   1.455119442082e-02   
754     1.400111762539e-02   4.647123843299e+00   1.423853635166e-02   
755     1.400111766339e-02   4.647009822818e+00   1.405622473682e-02   
756     1.400111768461e-02   4.646946173435e+00   1.395365703326e-02   
757     1.400111769627e-02   4.646911196669e+00   1.389990311720e-02   
758     1.400111770674e-02   4.646879778848e+00   1.385286478848e-02   
759     1.400111771721e-02   4.646848361026e+00   1.380669889241e-02   
760     1.400111772769e-02   4.646816943205e+00   1.376128690716e-02   
761     1.400111774863e-02   4.646754107562e+00   1.367309735379e-02   
762     1.400111776958e-02   4.646691271919e+00   1.358749561151e-02   
763     1.400111781147e-02   4.646565600633e+00   1.342588597027e-02   
764     1.400111785336e-02   4.646439929347e+00   1.327333483938e-02   
765     1.400111789525e-02   4.646314258061e+00   1.312935193405e-02   
766     1.400111797903e-02   4.646062915490e+00   1.287246330381e-02   
767     1.400111806281e-02   4.645811572918e+00   1.264318052701e-02   
768     1.400111823037e-02   4.645308887774e+00   1.227471046518e-02   
769     1.400111839793e-02   4.644806202631e+00   1.197844049358e-02   
770     1.400111856549e-02   4.644303517487e+00   1.174055632457e-02   
771     1.400111890062e-02   4.643298147195e+00   1.142274089989e-02   
772     1.400111923574e-02   4.642292776903e+00   1.121086123201e-02   
773     1.400111957086e-02   4.641287406611e+00   1.107039787813e-02   
774     1.400112024111e-02   4.639276666026e+00   1.093421761035e-02   
775     1.400112091136e-02   4.637265925442e+00   1.087158621306e-02   
776     1.400112225185e-02   4.633244444278e+00   1.084728337287e-02   
777     1.400112359235e-02   4.629222963114e+00   1.085881697533e-02   
778     1.400112627333e-02   4.621180000787e+00   1.091478005524e-02   
779     1.400112895432e-02   4.613137038459e+00   1.098070560087e-02   
780     1.400113163531e-02   4.605094076132e+00   1.105071898904e-02   
781     1.400113699728e-02   4.589008151472e+00   1.119681166461e-02   
782     1.400114235926e-02   4.572922226812e+00   1.134827443335e-02   
783     1.400115308321e-02   4.540750377497e+00   1.166106985345e-02   
784     1.400116380716e-02   4.508578528182e+00   1.198685904116e-02   
785     1.400117453111e-02   4.476406678868e+00   1.232452599944e-02   
786     1.400118525506e-02   4.444234829553e+00   1.267370201220e-02   
787     1.400120670296e-02   4.379891130918e+00   1.339511390758e-02   
788     1.400122815086e-02   4.315547432283e+00   1.416205791064e-02   
789     1.400124959876e-02   4.251203733648e+00   1.497650557494e-02   
790     1.400129249455e-02   4.122516336384e+00   1.670369311097e-02   
791     1.400133539035e-02   3.993828939120e+00   1.864458721146e-02   
792     1.400137828615e-02   3.865141541855e+00   2.082917765414e-02   
793     1.400142118195e-02   3.736454144591e+00   2.329568691964e-02   
794     1.400146407775e-02   3.607766747327e+00   2.609339994180e-02   
795     1.400150697355e-02   3.479079350062e+00   2.928796854901e-02   
796     1.400154986935e-02   3.350391952798e+00   3.297040021421e-02   
797     1.400159276515e-02   3.221704555533e+00   3.727308745237e-02   
798     1.400163566095e-02   3.093017158269e+00   4.240054892098e-02   
799     1.400167855675e-02   2.964329761005e+00   4.869450473721e-02   
800     1.400172145255e-02   2.835642363740e+00   5.679211072672e-02   
801     1.400176434834e-02   2.706954966476e+00   6.809991775881e-02   
802     1.400180176291e-02   2.594711279823e+00   8.380859266527e-02   
803     1.400181974545e-02   2.540763640343e+00   9.627406319881e-02   
804     1.400183242540e-02   2.502723785941e+00   1.095961969631e-01   
805     1.400184510536e-02   2.464683931539e+00   1.313782069685e-01   
806     1.400185456980e-02   2.436290605266e+00   1.596896138678e-01   
807     1.400186157849e-02   2.415264536910e+00   1.908408620959e-01   
808     1.400186781695e-02   2.396549156139e+00   2.245132168897e-01   
809     1.400187405541e-02   2.377833775368e+00   2.612624832005e-01   
810     1.400188029387e-02   2.359118394597e+00   2.997672226892e-01   
811     1.400189277079e-02   2.321687633054e+00   3.804348051624e-01   
812     1.400190524771e-02   2.284256871512e+00   4.653728435975e-01   
813     1.400191772463e-02   2.246826109970e+00   5.542815014186e-01   
814     1.400194267847e-02   2.171964586885e+00   7.430364842225e-01   
815     1.400196763231e-02   2.097103063800e+00   9.453558895567e-01   
816     1.400199258615e-02   2.022241540716e+00   1.160055728659e+00   
817     1.400200000000e-02   2.000000000007e+00   1.226156846403e+00   
818     1.400202495384e-02   2.000000000000e+00   1.455450583290e+00   
819     1.400207486152e-02   2.000000000000e+00   1.943235276078e+00   
820     1.400212476921e-02   2.000000000000e+00   2.466372171907e+00   
821     1.400217467689e-02   2.000000000000e+00   3.020084757355e+00   
822     1.400222458457e-02   2.000000000000e+00   3.600123309448e+00   
823     1.400232439993e-02   2.000000000000e+00   4.815950092186e+00   
824     1.400242421530e-02   2.000000000000e+00   6.085757658879e+00   
825     1.400252403066e-02   2.000000000000e+00   7.365715084049e+00   
826     1.400261584479e-02   2.000000000000e+00   8.483737141609e+00   
827     1.400270765893e-02   2.000000000000e+00   9.360061516394e+00   
828     1.400274989800e-02   2.000000000000e+00   9.629911200522e+00   
829     1.400279213708e-02   2.000000000000e+00   9.784682361890e+00   
830     1.400283437616e-02   2.000000000000e+00   9.866582868965e+00   
831     1.400287661524e-02   2.000000000000e+00   9.910001521236e+00   
832     1.400291885432e-02   2.000000000000e+00   9.934395660770e+00   
833     1.400296109340e-02   2.000000000000e+00   9.949425459076e+00   
834     1.400300333248e-02   2.000000000000e+00   9.959655533860e+00   
835     1.400304557156e-02   2.000000000000e+00   9.967221301223e+00   
836     1.400308781064e-02   2.000000000000e+00   9.973138804812e+00   
837     1.400313004972e-02   2.000000000000e+00   9.977916983039e+00   
838     1.400317228880e-02   2.000000000000e+00   9.981835820242e+00   
839     1.400321452788e-02   2.000000000000e+00   9.985070018552e+00   
840     1.400325676695e-02   2.000000000000e+00   9.987743044674e+00   
841     1.400329900603e-02   2.000000000000e+00   9.989950528484e+00   
842     1.400334124511e-02   2.000000000000e+00   9.991770504202e+00   
843     1.400342572327e-02   2.000000000000e+00   9.994310943398e+00   
844     1.400351020143e-02   2.000000000000e+00   9.996074234895e+00   
845     1.400359467959e-02   2.000000000000e+00   9.997295302931e+00   
846     1.400367915775e-02   2.000000000000e+00   9.998138857811e+00   
847     1.400376363590e-02   2.000000000000e+00   9.998720465527e+00   
848     1.400393259222e-02   2.000000000000e+00   9.999330614206e+00   
849     1.400410154854e-02   2.000000000000e+00   9.999650034516e+00   
850     1.400443946117e-02   2.000000000000e+00   9.999876186290e+00   
851     1.400477737380e-02   2.000000000000e+00   9.999956162838e+00   
852     1.400545319907e-02   2.000000000000e+00   9.999990497888e+00   
853     1.400680484961e-02   2.000000000000e+00   9.999998751054e+00   
854     1.400950815067e-02   2.000000000000e+00   9.999999806228e+00   
855     1.401491475281e-02   2.000000000000e+00   9.999999875908e+00   
856     1.402032135494e-02   2.000000000000e+00   9.999999878210e+00   
857     1.403113455921e-02   2.000000000000e+00   9.999999878287e+00   
858     1.405276096774e-02   2.000000000000e+00   9.999999878289e+00   
859     1.409601378482e-02   2.000000000000e+00   9.999999878289e+00   
860     1.418251941896e-02   2.000000000000e+00   9.999999878289e+00   
861     1.425000000000e-02   2.000000000000e+00   9.999999878289e+00   
862     1.425000500000e-02   2.014999999997e+00   9.999999878289e+00   
863     1.425001500000e-02   2.044999999997e+00   9.999999878289e+00   
864     1.425003500000e-02   2.104999999997e+00   9.999999878288e+00   
865     1.425007500000e-02   2.224999999996e+00   9.999999878286e+00   
866     1.425015500000e-02   2.464999999995e+00   9.999999878280e+00   
867     1.425031500000e-02   2.944999999997e+00   9.999999878272e+00   
868     1.425063500000e-02   3.905000000002e+00   9.999999878270e+00   
869     1.425072625000e-02   4.178750000003e+00   9.999999878270e+00   
870     1.425077187500e-02   4.315625000004e+00   9.999999878271e+00   
871     1.425079468750e-02   4.384062500005e+00   9.999999878274e+00   
872     1.425080779381e-02   4.423381424605e+00   9.999999878279e+00   
873     1.425081950317e-02   4.458509508614e+00   9.999999878295e+00   
874     1.425082701475e-02   4.481044263380e+00   9.999999878317e+00   
875     1.425083331206e-02   4.499936186598e+00   9.999999878361e+00   
876     1.425083960937e-02   4.518828109817e+00   9.999999878506e+00   
877     1.425084590668e-02   4.537720033035e+00   9.999999879589e+00   
878     1.425085117571e-02   4.553527126206e+00   9.999999886533e+00   
879     1.425085644474e-02   4.569334219377e+00   9.999999917798e+00   
880     1.425086171377e-02   4.585141312548e+00   1.000000000128e+01   
881     1.425086698280e-02   4.600948405719e+00   1.000000018012e+01   
882     1.425087752086e-02   4.632562592060e+00   1.000000168216e+01   
883     1.425089859699e-02   4.695790964749e+00   1.000004222820e+01   
884     1.425090772486e-02   4.723174565750e+00   1.000008398305e+01   
885     1.425091685272e-02   4.750558166752e+00   1.000019062168e+01   
886     1.425092345597e-02   4.770367908224e+00   1.000033154897e+01   
887     1.425092878287e-02   4.786348620410e+00   1.000050906272e+01   
888     1.425093410978e-02   4.802329332596e+00   1.000077599805e+01   
889     1.425093943668e-02   4.818310044781e+00   1.000116157544e+01   
890     1.425094476359e-02   4.834290756967e+00   1.000170286889e+01   
891     1.425095009049e-02   4.850271469153e+00   1.000246023485e+01   
892     1.425095541739e-02   4.866252181339e+00   1.000357429602e+01   
893     1.425095859260e-02   4.875777792071e+00   1.000450617559e+01   
894     1.425096004854e-02   4.880145608383e+00   1.000505058059e+01   
895     1.425096150447e-02   4.884513424695e+00   1.000590770017e+01   
896     1.425096176836e-02   4.885305074175e+00   1.000609850509e+01   
897     1.425096183433e-02   4.885502986544e+00   1.000615040900e+01   
898     1.425096192362e-02   4.885770861990e+00   1.000623373809e+01   
899     1.425096195653e-02   4.885869592264e+00   1.000626836806e+01   
900     1.425096198944e-02   4.885968322538e+00   1.000631203300e+01   
901     1.425096200143e-02   4.886004304864e+00   1.000633287194e+01   
902     1.425096200910e-02   4.886027308385e+00   1.000635144362e+01   
903     1.425096201570e-02   4.886047098206e+00   1.000637046868e+01   
904     1.425096202230e-02   4.886066888027e+00   1.000639088638e+01   
905     1.425096202889e-02   4.886086677848e+00   1.000641298586e+01   
906     1.425096203549e-02   4.886106467669e+00   1.000643692277e+01   
907     1.425096204868e-02   4.886146047305e+00   1.000649231289e+01   
908     1.425096207507e-02   4.886225206578e+00   1.000663333739e+01   
909     1.425096212784e-02   4.886383525129e+00   1.000703672591e+01   
910     1.425096223339e-02   4.886700162231e+00   1.000832956720e+01   
911     1.425096244448e-02   4.887333436435e+00   1.001285147762e+01   
912     1.425096249725e-02   4.887491754986e+00   1.001410075188e+01   
913     1.425096252529e-02   4.887575857986e+00   1.001479808564e+01   
914     1.425096258135e-02   4.887744063993e+00   1.001632599092e+01   
915     1.425096259537e-02   4.887786115496e+00   1.001671485521e+01   
916     1.425096259902e-02   4.887797054079e+00   1.001681529559e+01   
917     1.425096260016e-02   4.887800465038e+00   1.001684616949e+01   
918     1.425096260069e-02   4.887802083462e+00   1.001686086292e+01   
919     1.425096260123e-02   4.887803701886e+00   1.001687559597e+01   
920     1.425096260177e-02   4.887805320310e+00   1.001689033973e+01   
921     1.425096260285e-02   4.887808557164e+00   1.001691984542e+01   
922     1.425096260393e-02   4.887811794017e+00   1.001694937696e+01   
923     1.425096260609e-02   4.887818267719e+00   1.001700856722e+01   
924     1.425096260791e-02   4.887823741892e+00   1.001705880143e+01   
925     1.425096260934e-02   4.887828026845e+00   1.001709812500e+01   
926     1.425096261077e-02   4.887832311798e+00   1.001713739791e+01   
927     1.425096261220e-02   4.887836596750e+00   1.001717663194e+01   
928     1.425096261363e-02   4.887840881703e+00   1.001721584017e+01   
929     1.425096261648e-02   4.887849451608e+00   1.001729420221e+01   
930     1.425096261934e-02   4.887858021513e+00   1.001737254276e+01   
931     1.425096262220e-02   4.887866591418e+00   1.001745086542e+01   
932     1.425096262791e-02   4.887883731229e+00   1.001760745829e+01   
933     1.425096263362e-02   4.887900871039e+00   1.001776400900e+01   
934     1.425096263934e-02   4.887918010850e+00   1.001792051597e+01   
935     1.425096265076e-02   4.887952290470e+00   1.001823336914e+01   
936     1.425096266219e-02   4.887986570091e+00   1.001854605338e+01   
937     1.425096267362e-02   4.888020849712e+00   1.001885856631e+01   
938     1.425096269647e-02   4.888089408948e+00   1.001948295676e+01   
939     1.425096271932e-02   4.888157968185e+00   1.002010666098e+01   
940     1.425096274218e-02   4.888226527421e+00   1.002072967719e+01   
941     1.425096278788e-02   4.888363645894e+00   1.002197316831e+01   
942     1.425096283359e-02   4.888500764367e+00   1.002321391070e+01   
943     1.425096287929e-02   4.888637882840e+00   1.002445190668e+01   
944     1.425096297071e-02   4.888912119785e+00   1.002691778669e+01   
945     1.425096306212e-02   4.889186356731e+00   1.002937274221e+01   
946     1.425096315353e-02   4.889460593677e+00   1.003181680660e+01   
947     1.425096333636e-02   4.890009067573e+00   1.003666500226e+01   
948     1.425096351918e-02   4.890557541470e+00   1.004147015988e+01   
949     1.425096370201e-02   4.891106015366e+00   1.004623255465e+01   
950     1.425096406765e-02   4.892202963159e+00   1.005560174414e+01   
951     1.425096443330e-02   4.893299910952e+00   1.006480401028e+01   
952     1.425096479895e-02   4.894396858745e+00   1.007384147443e+01   
953     1.425096516460e-02   4.895493806538e+00   1.008271622577e+01   
954     1.425096589590e-02   4.897687702124e+00   1.009988304402e+01   
955     1.425096662720e-02   4.899881597710e+00   1.011642954026e+01   
956     1.425096735850e-02   4.902075493296e+00   1.013237100796e+01   
957     1.425096808980e-02   4.904269388882e+00   1.014772222235e+01   
958     1.425096955239e-02   4.908657180049e+00   1.017637562171e+01   
959     1.425097101499e-02   4.913044971216e+00   1.020287064599e+01   
960     1.425097247759e-02   4.917432762383e+00   1.022729190839e+01   
961     1.425097394018e-02   4.921820553550e+00   1.024968967900e+01   
962     1.425097540278e-02   4.926208344717e+00   1.027006152547e+01   
963     1.425097832798e-02   4.934983927056e+00   1.030075683871e+01   
964     1.425098125317e-02   4.943759509395e+00   1.029895260462e+01   
965     1.425098417836e-02   4.952535091734e+00   1.020776635295e+01   
966     1.425098710356e-02   4.961310674073e+00   1.000325110269e+01   
967     1.425099002875e-02   4.970086256411e+00   9.724843722252e+00   
968     1.425099295395e-02   4.978861838750e+00   9.412694144331e+00   
969     1.425099587914e-02   4.987637421089e+00   9.088839057252e+00   
970     1.425100000000e-02   5.000000000003e+00   8.629472967411e+00   
971     1.425100292519e-02   5.000000000000e+00   8.306054724739e+00   
972     1.425100585039e-02   5.000000000000e+00   7.985735230407e+00   
973     1.425101170078e-02   5.000000000000e+00   7.356231210585e+00   
974     1.425101755116e-02   5.000000000000e+00   6.742759610758e+00   
975     1.425102340155e-02   5.000000000000e+00   6.146102564965e+00   
976     1.425103510233e-02   5.000000000000e+00   5.006720663957e+00   
977     1.425104680311e-02   5.000000000000e+00   3.943943570838e+00   
978     1.425105850388e-02   5.000000000000e+00   2.964807871195e+00   
979     1.425107020466e-02   5.000000000000e+00   2.078142144823e+00   
980     1.425108190544e-02   5.000000000000e+00   1.295803355448e+00   
981     1.425108979228e-02   5.000000000000e+00   8.357492550540e-01   
982     1.425109767912e-02   5.000000000000e+00   4.390384227369e-01   
983     1.425110143910e-02   5.000000000000e+00   2.759867028994e-01   
984     1.425110342951e-02   5.000000000000e+00   2.011825049909e-01   
985     1.425110460452e-02   5.000000000000e+00   1.678042031400e-01   
986     1.425110577953e-02   5.000000000000e+00   1.452932618666e-01   
987     1.425110673703e-02   5.000000000000e+00   1.327427545055e-01   
988     1.425110769452e-02   5.000000000000e+00   1.234092704480e-01   
989     1.425110865202e-02   5.000000000000e+00   1.161445455669e-01   
990     1.425110960952e-02   5.000000000000e+00   1.102723024891e-01   
991     1.425111056702e-02   5.000000000000e+00   1.053827174228e-01   
992     1.425111248201e-02   5.000000000000e+00   9.760768714455e-02   
993     1.425111439701e-02   5.000000000000e+00   9.158588223951e-02   
994     1.425111631201e-02   5.000000000000e+00   8.670739416343e-02   
995     1.425111822700e-02   5.000000000000e+00   8.262819047806e-02   
996     1.425112205699e-02   5.000000000000e+00   7.611039715734e-02   
997     1.425112588699e-02   5.000000000000e+00   7.102975175817e-02   
998     1.425112971698e-02   5.000000000000e+00   6.689856103760e-02   
999     1.425113354697e-02   5.000000000000e+00   6.343911442550e-02   
1000    1.425114120695e-02   5.000000000000e+00   5.792937400395e-02   
1001    1.425114886694e-02   5.000000000000e+00   5.365084887860e-02   
1002    1.425115652692e-02   5.000000000000e+00   5.019395882717e-02   
1003    1.425116418691e-02   5.000000000000e+00   4.732176979316e-02   
1004    1.425117184689e-02   5.000000000000e+00   4.488520261147e-02   
1005    1.425118716686e-02   5.000000000000e+00   4.098749533626e-02   
1006    1.425120248683e-02   5.000000000000e+00   3.794860015902e-02   
1007    1.425121780679e-02   5.000000000000e+00   3.550029982249e-02   
1008    1.425123312676e-02   5.000000000000e+00   3.347959157710e-02   
1009    1.425124844673e-02   5.000000000000e+00   3.178044535085e-02   
1010    1.425127908666e-02   5.000000000000e+00   2.912742527318e-02   
1011    1.425130972660e-02   5.000000000000e+00   2.709987016992e-02   
1012    1.425134036653e-02   5.000000000000e+00   2.550097386334e-02   
1013    1.425137100647e-02   5.000000000000e+00   2.421008418186e-02   
1014    1.425140164641e-02   5.000000000000e+00   2.314855577597e-02   
1015    1.425146292628e-02   5.000000000000e+00   2.157021026142e-02   
1016    1.425152420615e-02   5.000000000000e+00   2.041003724965e-02   
1017    1.425158548602e-02   5.000000000000e+00   1.953142564977e-02   
1018    1.425164676589e-02   5.000000000000e+00   1.885119703749e-02   
1019    1.425176932563e-02   5.000000000000e+00   1.794425177928e-02   
1020    1.425189188537e-02   5.000000000000e+00   1.733890806041e-02   
1021    1.425201444512e-02   5.000000000000e+00   1.692349837998e-02   
1022    1.425213700486e-02   5.000000000000e+00   1.663301845566e-02   
1023    1.425238212434e-02   5.000000000000e+00   1.631092422733e-02   
1024    1.425262724383e-02   5.000000000000e+00   1.613112026797e-02   
1025    1.425311748279e-02   5.000000000000e+00   1.598831825943e-02   
1026    1.425360772176e-02   5.000000000000e+00   1.593113879245e-02   
1027    1.425458819970e-02   5.000000000000e+00   1.590218562754e-02   
1028    1.425654915557e-02   5.000000000000e+00   1.589358658670e-02   
1029    1.426047106732e-02   5.000000000000e+00   1.589240503208e-02   
1030    1.426831489081e-02   5.000000000000e+00   1.589232145115e-02   
1031    1.428400253779e-02   5.000000000000e+00   1.589231807626e-02   
1032    1.431537783176e-02   5.000000000000e+00   1.589231800423e-02   
1033    1.437812841969e-02   5.000000000000e+00   1.589231800346e-02   
1034    1.450362959556e-02   5.000000000000e+00   1.589231800346e-02   
1035    1.475463194730e-02   5.000000000000e+00   1.589231800346e-02   
1036    1.505463194730e-02   5.000000000000e+00   1.589231800346e-02   
1037    1.535463194730e-02   5.000000000000e+00   1.589231800346e-02   
1038    1.565463194730e-02   5.000000000000e+00   1.589231800346e-02   
1039    1.595463194730e-02   5.000000000000e+00   1.589231800346e-02   
1040    1.600000000000e-02   5.000000000000e+00   1.589231800346e-02   
End of Xyce(TM) Simulation
