Index	TIME	N(YRXN!R1_000_CONC_XSPEC)	N(YRXN!R1_000_CONC_YSPEC)
0	0.00000000e+00	5.00000000e+01	1.00000000e+02
1	3.00000000e-08	5.00000008e+01	9.99999990e+01
2	9.00000000e-08	5.00000023e+01	9.99999969e+01
3	2.10000000e-07	5.00000053e+01	9.99999927e+01
4	4.50000000e-07	5.00000113e+01	9.99999843e+01
5	9.30000000e-07	5.00000233e+01	9.99999675e+01
6	1.89000000e-06	5.00000473e+01	9.99999339e+01
7	3.81000000e-06	5.00000953e+01	9.99998667e+01
8	7.65000000e-06	5.00001913e+01	9.99997323e+01
9	1.53300000e-05	5.00003833e+01	9.99994635e+01
10	3.06900000e-05	5.00007673e+01	9.99989259e+01
11	6.14100000e-05	5.00015353e+01	9.99978507e+01
12	1.22850000e-04	5.00030714e+01	9.99957004e+01
13	2.45730000e-04	5.00061439e+01	9.99914002e+01
14	4.91490000e-04	5.00122898e+01	9.99828008e+01
15	9.83010000e-04	5.00245855e+01	9.99656066e+01
16	1.96605000e-03	5.00491923e+01	9.99312361e+01
17	3.93213000e-03	5.00984677e+01	9.98625667e+01
18	7.86429000e-03	5.01972655e+01	9.97255146e+01
19	1.57286100e-02	5.03958530e+01	9.94525554e+01
20	2.35929300e-02	5.05957676e+01	9.91811204e+01
21	3.14572500e-02	5.07970159e+01	9.89112063e+01
22	3.93215700e-02	5.09996044e+01	9.86428099e+01
23	4.71858900e-02	5.12035398e+01	9.83759282e+01
24	5.50502100e-02	5.14088286e+01	9.81105578e+01
25	6.29145300e-02	5.16154775e+01	9.78466958e+01
26	7.07788500e-02	5.18234933e+01	9.75843389e+01
27	7.86431700e-02	5.20328826e+01	9.73234843e+01
28	8.65074900e-02	5.22436523e+01	9.70641287e+01
29	9.43718100e-02	5.24558092e+01	9.68062692e+01
30	1.02236130e-01	5.26693601e+01	9.65499028e+01
31	1.10100450e-01	5.28843119e+01	9.62950266e+01
32	1.17964770e-01	5.31006717e+01	9.60416377e+01
33	1.25829090e-01	5.33184463e+01	9.57897331e+01
34	1.33693410e-01	5.35376427e+01	9.55393100e+01
35	1.41557730e-01	5.37582681e+01	9.52903656e+01
36	1.49422050e-01	5.39803295e+01	9.50428971e+01
37	1.57286370e-01	5.42038341e+01	9.47969017e+01
38	1.65150690e-01	5.44287890e+01	9.45523767e+01
39	1.73015010e-01	5.46552014e+01	9.43093193e+01
40	1.80879330e-01	5.48830786e+01	9.40677269e+01
41	1.88743650e-01	5.51124279e+01	9.38275969e+01
42	1.96607970e-01	5.53432566e+01	9.35889265e+01
43	2.04472290e-01	5.55755721e+01	9.33517134e+01
44	2.12336610e-01	5.58093817e+01	9.31159548e+01
45	2.20200930e-01	5.60446929e+01	9.28816483e+01
46	2.28065250e-01	5.62815132e+01	9.26487914e+01
47	2.35929570e-01	5.65198501e+01	9.24173816e+01
48	2.43793890e-01	5.67597112e+01	9.21874165e+01
49	2.51658210e-01	5.70011040e+01	9.19588938e+01
50	2.59522530e-01	5.72440362e+01	9.17318110e+01
51	2.67386850e-01	5.74885154e+01	9.15061659e+01
52	2.75251170e-01	5.77345495e+01	9.12819561e+01
53	2.83115490e-01	5.79821460e+01	9.10591795e+01
54	2.90979810e-01	5.82313128e+01	9.08378337e+01
55	2.98844130e-01	5.84820577e+01	9.06179166e+01
56	3.06708450e-01	5.87343885e+01	9.03994260e+01
57	3.14572770e-01	5.89883133e+01	9.01823599e+01
58	3.22437090e-01	5.92438398e+01	8.99667161e+01
59	3.30301410e-01	5.95009761e+01	8.97524926e+01
60	3.38165730e-01	5.97597302e+01	8.95396874e+01
61	3.46030050e-01	6.00201101e+01	8.93282985e+01
62	3.53894370e-01	6.02821239e+01	8.91183239e+01
63	3.61758690e-01	6.05457797e+01	8.89097618e+01
64	3.69623010e-01	6.08110857e+01	8.87026103e+01
65	3.77487330e-01	6.10780500e+01	8.84968675e+01
66	3.85351650e-01	6.13466810e+01	8.82925317e+01
67	3.93215970e-01	6.16169868e+01	8.80896010e+01
68	4.01080290e-01	6.18889757e+01	8.78880739e+01
69	4.08944610e-01	6.21626562e+01	8.76879485e+01
70	4.16808930e-01	6.24380365e+01	8.74892232e+01
71	4.24673250e-01	6.27151251e+01	8.72918965e+01
72	4.32537570e-01	6.29939304e+01	8.70959667e+01
73	4.40401890e-01	6.32744609e+01	8.69014323e+01
74	4.48266210e-01	6.35567252e+01	8.67082919e+01
75	4.56130530e-01	6.38407316e+01	8.65165439e+01
76	4.63994850e-01	6.41264890e+01	8.63261870e+01
77	4.71859170e-01	6.44140058e+01	8.61372198e+01
78	4.79723490e-01	6.47032907e+01	8.59496409e+01
79	4.87587810e-01	6.49943524e+01	8.57634491e+01
80	4.95452130e-01	6.52871996e+01	8.55786430e+01
81	5.03316450e-01	6.55818411e+01	8.53952216e+01
82	5.11180770e-01	6.58782857e+01	8.52131835e+01
83	5.19045090e-01	6.61765422e+01	8.50325277e+01
84	5.26909410e-01	6.64766194e+01	8.48532531e+01
85	5.34773730e-01	6.67785262e+01	8.46753587e+01
86	5.42638050e-01	6.70822716e+01	8.44988433e+01
87	5.50502370e-01	6.73878645e+01	8.43237062e+01
88	5.58366690e-01	6.76953139e+01	8.41499462e+01
89	5.66231010e-01	6.80046288e+01	8.39775627e+01
90	5.74095330e-01	6.83158182e+01	8.38065547e+01
91	5.81959650e-01	6.86288913e+01	8.36369214e+01
92	5.89823970e-01	6.89438571e+01	8.34686621e+01
93	5.97688290e-01	6.92607248e+01	8.33017761e+01
94	6.05552610e-01	6.95795035e+01	8.31362628e+01
95	6.13416930e-01	6.99002024e+01	8.29721215e+01
96	6.21281250e-01	7.02228309e+01	8.28093517e+01
97	6.29145570e-01	7.05473981e+01	8.26479528e+01
98	6.37009890e-01	7.08739133e+01	8.24879244e+01
99	6.44874210e-01	7.12023858e+01	8.23292660e+01
100	6.52738530e-01	7.15328251e+01	8.21719774e+01
101	6.60602850e-01	7.18652403e+01	8.20160581e+01
102	6.68467170e-01	7.21996411e+01	8.18615078e+01
103	6.76331490e-01	7.25360367e+01	8.17083264e+01
104	6.84195810e-01	7.28744367e+01	8.15565136e+01
105	6.92060130e-01	7.32148504e+01	8.14060693e+01
106	6.99924450e-01	7.35572875e+01	8.12569934e+01
107	7.07788770e-01	7.39017574e+01	8.11092860e+01
108	7.15653090e-01	7.42482697e+01	8.09629469e+01
109	7.23517410e-01	7.45968340e+01	8.08179763e+01
110	7.31381730e-01	7.49474599e+01	8.06743742e+01
111	7.39246050e-01	7.53001570e+01	8.05321409e+01
112	7.47110370e-01	7.56549349e+01	8.03912766e+01
113	7.54974690e-01	7.60118034e+01	8.02517815e+01
114	7.62839010e-01	7.63707720e+01	8.01136560e+01
115	7.70703330e-01	7.67318506e+01	7.99769004e+01
116	7.78567650e-01	7.70950489e+01	7.98415151e+01
117	7.86431970e-01	7.74603766e+01	7.97075008e+01
118	7.94296290e-01	7.78278434e+01	7.95748578e+01
119	8.02160610e-01	7.81974593e+01	7.94435868e+01
120	8.10024930e-01	7.85692339e+01	7.93136885e+01
121	8.17889250e-01	7.89431772e+01	7.91851635e+01
122	8.25753570e-01	7.93192989e+01	7.90580127e+01
123	8.33617890e-01	7.96976090e+01	7.89322368e+01
124	8.41482210e-01	8.00781173e+01	7.88078367e+01
125	8.49346530e-01	8.04608336e+01	7.86848134e+01
126	8.57210850e-01	8.08457680e+01	7.85631678e+01
127	8.65075170e-01	8.12329303e+01	7.84429011e+01
128	8.72939490e-01	8.16223305e+01	7.83240143e+01
129	8.80803810e-01	8.20139785e+01	7.82065087e+01
130	8.88668130e-01	8.24078842e+01	7.80903854e+01
131	8.96532450e-01	8.28040577e+01	7.79756457e+01
132	9.04396770e-01	8.32025089e+01	7.78622911e+01
133	9.12261090e-01	8.36032478e+01	7.77503229e+01
134	9.20125410e-01	8.40062844e+01	7.76397426e+01
135	9.27989730e-01	8.44116286e+01	7.75305519e+01
136	9.35854050e-01	8.48192906e+01	7.74227523e+01
137	9.43718370e-01	8.52292803e+01	7.73163454e+01
138	9.51582690e-01	8.56416078e+01	7.72113331e+01
139	9.59447010e-01	8.60562830e+01	7.71077171e+01
140	9.67311330e-01	8.64733160e+01	7.70054994e+01
141	9.75175650e-01	8.68927168e+01	7.69046819e+01
142	9.83039970e-01	8.73144955e+01	7.68052666e+01
143	9.90904290e-01	8.77386620e+01	7.67072556e+01
144	9.98768610e-01	8.81652265e+01	7.66106511e+01
145	1.00663293e+00	8.85941989e+01	7.65154552e+01
146	1.01449725e+00	8.90255892e+01	7.64216703e+01
147	1.02236157e+00	8.94594076e+01	7.63292988e+01
148	1.03022589e+00	8.98956639e+01	7.62383431e+01
149	1.03809021e+00	9.03343682e+01	7.61488057e+01
150	1.04595453e+00	9.07755305e+01	7.60606892e+01
151	1.05381885e+00	9.12191608e+01	7.59739963e+01
152	1.06168317e+00	9.16652691e+01	7.58887298e+01
153	1.06954749e+00	9.21138654e+01	7.58048923e+01
154	1.07741181e+00	9.25649595e+01	7.57224869e+01
155	1.08527613e+00	9.30185615e+01	7.56415166e+01
156	1.09314045e+00	9.34746813e+01	7.55619842e+01
157	1.10100477e+00	9.39333287e+01	7.54838931e+01
158	1.10886909e+00	9.43945138e+01	7.54072464e+01
159	1.11673341e+00	9.48582463e+01	7.53320474e+01
160	1.12459773e+00	9.53245362e+01	7.52582995e+01
161	1.13246205e+00	9.57933932e+01	7.51860061e+01
162	1.14032637e+00	9.62648271e+01	7.51151708e+01
163	1.14819069e+00	9.67388479e+01	7.50457972e+01
164	1.15605501e+00	9.72154652e+01	7.49778891e+01
165	1.16391933e+00	9.76946887e+01	7.49114501e+01
166	1.17178365e+00	9.81765282e+01	7.48464843e+01
167	1.17964797e+00	9.86609934e+01	7.47829955e+01
168	1.18751229e+00	9.91480938e+01	7.47209879e+01
169	1.19537661e+00	9.96378391e+01	7.46604656e+01
170	1.20324093e+00	1.00130239e+02	7.46014329e+01
171	1.21110525e+00	1.00625303e+02	7.45438940e+01
172	1.21896957e+00	1.01123040e+02	7.44878535e+01
173	1.22683389e+00	1.01623460e+02	7.44333158e+01
174	1.23469821e+00	1.02126573e+02	7.43802855e+01
175	1.24256253e+00	1.02632387e+02	7.43287675e+01
176	1.25042685e+00	1.03140913e+02	7.42787664e+01
177	1.25829117e+00	1.03652159e+02	7.42302872e+01
178	1.26615549e+00	1.04166134e+02	7.41833350e+01
179	1.27401981e+00	1.04682848e+02	7.41379148e+01
180	1.28188413e+00	1.05202310e+02	7.40940319e+01
181	1.28974845e+00	1.05724529e+02	7.40516915e+01
182	1.29761277e+00	1.06249514e+02	7.40108991e+01
183	1.30547709e+00	1.06777273e+02	7.39716602e+01
184	1.31334141e+00	1.07307817e+02	7.39339805e+01
185	1.32120573e+00	1.07841152e+02	7.38978656e+01
186	1.32907005e+00	1.08377290e+02	7.38633215e+01
187	1.33693437e+00	1.08916237e+02	7.38303541e+01
188	1.34479869e+00	1.09458003e+02	7.37989694e+01
189	1.35266301e+00	1.10002596e+02	7.37691737e+01
190	1.36052733e+00	1.10550024e+02	7.37409732e+01
191	1.36839165e+00	1.11100297e+02	7.37143744e+01
192	1.37625597e+00	1.11653422e+02	7.36893837e+01
193	1.38412029e+00	1.12209407e+02	7.36660079e+01
194	1.39198461e+00	1.12768261e+02	7.36442536e+01
195	1.39984893e+00	1.13329992e+02	7.36241279e+01
196	1.40771325e+00	1.13894607e+02	7.36056376e+01
197	1.41557757e+00	1.14462114e+02	7.35887899e+01
198	1.42344189e+00	1.15032522e+02	7.35735921e+01
199	1.43130621e+00	1.15605838e+02	7.35600515e+01
200	1.43917053e+00	1.16182069e+02	7.35481756e+01
201	1.44703485e+00	1.16761223e+02	7.35379722e+01
202	1.45489917e+00	1.17343307e+02	7.35294488e+01
203	1.46276349e+00	1.17928329e+02	7.35226136e+01
204	1.47062781e+00	1.18516295e+02	7.35174744e+01
205	1.47849213e+00	1.19107213e+02	7.35140394e+01
206	1.48635645e+00	1.19701089e+02	7.35123170e+01
207	1.49422077e+00	1.20297930e+02	7.35123156e+01
208	1.50208509e+00	1.20897743e+02	7.35140438e+01
209	1.50994941e+00	1.21500535e+02	7.35175102e+01
210	1.51781373e+00	1.22106311e+02	7.35227238e+01
211	1.52567805e+00	1.22715078e+02	7.35296936e+01
212	1.53354237e+00	1.23326842e+02	7.35384286e+01
213	1.54140669e+00	1.23941608e+02	7.35489384e+01
214	1.54927101e+00	1.24559384e+02	7.35612322e+01
215	1.55713533e+00	1.25180174e+02	7.35753197e+01
216	1.56499965e+00	1.25803983e+02	7.35912106e+01
217	1.57286397e+00	1.26430818e+02	7.36089149e+01
218	1.58072829e+00	1.27060683e+02	7.36284427e+01
219	1.58859261e+00	1.27693583e+02	7.36498041e+01
220	1.59645693e+00	1.28329523e+02	7.36730096e+01
221	1.60432125e+00	1.28968508e+02	7.36980697e+01
222	1.61218557e+00	1.29610542e+02	7.37249951e+01
223	1.62004989e+00	1.30255630e+02	7.37537968e+01
224	1.62791421e+00	1.30903775e+02	7.37844857e+01
225	1.63577853e+00	1.31554981e+02	7.38170732e+01
226	1.64364285e+00	1.32209253e+02	7.38515706e+01
227	1.65150717e+00	1.32866593e+02	7.38879894e+01
228	1.65937149e+00	1.33527006e+02	7.39263415e+01
229	1.66723581e+00	1.34190493e+02	7.39666388e+01
230	1.67510013e+00	1.34857059e+02	7.40088934e+01
231	1.68296445e+00	1.35526705e+02	7.40531175e+01
232	1.69082877e+00	1.36199434e+02	7.40993237e+01
233	1.69869309e+00	1.36875248e+02	7.41475246e+01
234	1.70655741e+00	1.37554149e+02	7.41977331e+01
235	1.71442173e+00	1.38236140e+02	7.42499622e+01
236	1.72228605e+00	1.38921220e+02	7.43042252e+01
237	1.73015037e+00	1.39609393e+02	7.43605355e+01
238	1.73801469e+00	1.40300658e+02	7.44189068e+01
239	1.74587901e+00	1.40995016e+02	7.44793529e+01
240	1.75374333e+00	1.41692469e+02	7.45418879e+01
241	1.76160765e+00	1.42393015e+02	7.46065260e+01
242	1.76947197e+00	1.43096655e+02	7.46732816e+01
243	1.77733629e+00	1.43803389e+02	7.47421695e+01
244	1.78520061e+00	1.44513215e+02	7.48132046e+01
245	1.79306493e+00	1.45226134e+02	7.48864019e+01
246	1.80092925e+00	1.45942143e+02	7.49617767e+01
247	1.80879357e+00	1.46661241e+02	7.50393447e+01
248	1.81665789e+00	1.47383427e+02	7.51191216e+01
249	1.82452221e+00	1.48108697e+02	7.52011233e+01
250	1.83238653e+00	1.48837051e+02	7.52853662e+01
251	1.84025085e+00	1.49568483e+02	7.53718666e+01
252	1.84811517e+00	1.50302993e+02	7.54606413e+01
253	1.85597949e+00	1.51040575e+02	7.55517072e+01
254	1.86384381e+00	1.51781227e+02	7.56450815e+01
255	1.87170813e+00	1.52524943e+02	7.57407816e+01
256	1.87957245e+00	1.53271720e+02	7.58388251e+01
257	1.88743677e+00	1.54021552e+02	7.59392301e+01
258	1.89530109e+00	1.54774434e+02	7.60420145e+01
259	1.90316541e+00	1.55530360e+02	7.61471970e+01
260	1.91102973e+00	1.56289325e+02	7.62547961e+01
261	1.91889405e+00	1.57051321e+02	7.63648307e+01
262	1.92675837e+00	1.57816341e+02	7.64773202e+01
263	1.93462269e+00	1.58584379e+02	7.65922839e+01
264	1.94248701e+00	1.59355427e+02	7.67097417e+01
265	1.95035133e+00	1.60129476e+02	7.68297135e+01
266	1.95821565e+00	1.60906517e+02	7.69522196e+01
267	1.96607997e+00	1.61686543e+02	7.70772806e+01
268	1.97394429e+00	1.62469542e+02	7.72049174e+01
269	1.98180861e+00	1.63255506e+02	7.73351511e+01
270	1.98967293e+00	1.64044423e+02	7.74680032e+01
271	1.99753725e+00	1.64836283e+02	7.76034953e+01
272	2.00540157e+00	1.65631074e+02	7.77416495e+01
273	2.01326589e+00	1.66428784e+02	7.78824882e+01
274	2.02113021e+00	1.67229402e+02	7.80260339e+01
275	2.02899453e+00	1.68032913e+02	7.81723096e+01
276	2.03685885e+00	1.68839305e+02	7.83213385e+01
277	2.04472317e+00	1.69648563e+02	7.84731442e+01
278	2.05258749e+00	1.70460673e+02	7.86277506e+01
279	2.06045181e+00	1.71275620e+02	7.87851819e+01
280	2.06831613e+00	1.72093387e+02	7.89454625e+01
281	2.07618045e+00	1.72913960e+02	7.91086174e+01
282	2.08404477e+00	1.73737321e+02	7.92746717e+01
283	2.09190909e+00	1.74563453e+02	7.94436510e+01
284	2.09977341e+00	1.75392337e+02	7.96155810e+01
285	2.10763773e+00	1.76223956e+02	7.97904880e+01
286	2.11550205e+00	1.77058289e+02	7.99683985e+01
287	2.12336637e+00	1.77895317e+02	8.01493394e+01
288	2.13123069e+00	1.78735020e+02	8.03333380e+01
289	2.13909501e+00	1.79577376e+02	8.05204218e+01
290	2.14695933e+00	1.80422364e+02	8.07106189e+01
291	2.15482365e+00	1.81269961e+02	8.09039575e+01
292	2.16268797e+00	1.82120144e+02	8.11004663e+01
293	2.17055229e+00	1.82972889e+02	8.13001744e+01
294	2.17841661e+00	1.83828171e+02	8.15031112e+01
295	2.18628093e+00	1.84685966e+02	8.17093066e+01
296	2.19414525e+00	1.85546247e+02	8.19187908e+01
297	2.20200957e+00	1.86408988e+02	8.21315942e+01
298	2.20987389e+00	1.87274160e+02	8.23477481e+01
299	2.21773821e+00	1.88141737e+02	8.25672836e+01
300	2.22560253e+00	1.89011688e+02	8.27902326e+01
301	2.23346685e+00	1.89883984e+02	8.30166272e+01
302	2.24133117e+00	1.90758595e+02	8.32465000e+01
303	2.24919549e+00	1.91635489e+02	8.34798841e+01
304	2.25705981e+00	1.92514633e+02	8.37168128e+01
305	2.26492413e+00	1.93395996e+02	8.39573199e+01
306	2.27278845e+00	1.94279542e+02	8.42014397e+01
307	2.28065277e+00	1.95165237e+02	8.44492069e+01
308	2.28851709e+00	1.96053046e+02	8.47006565e+01
309	2.29638141e+00	1.96942931e+02	8.49558240e+01
310	2.30424573e+00	1.97834857e+02	8.52147455e+01
311	2.31211005e+00	1.98728783e+02	8.54774573e+01
312	2.31997437e+00	1.99624671e+02	8.57439963e+01
313	2.32783869e+00	2.00522482e+02	8.60143998e+01
314	2.33570301e+00	2.01422173e+02	8.62887054e+01
315	2.34356733e+00	2.02323702e+02	8.65669515e+01
316	2.35143165e+00	2.03227028e+02	8.68491766e+01
317	2.35929597e+00	2.04132105e+02	8.71354198e+01
318	2.36716029e+00	2.05038888e+02	8.74257208e+01
319	2.37502461e+00	2.05947332e+02	8.77201196e+01
320	2.38288893e+00	2.06857389e+02	8.80186567e+01
321	2.39075325e+00	2.07769012e+02	8.83213730e+01
322	2.39861757e+00	2.08682151e+02	8.86283101e+01
323	2.40648189e+00	2.09596755e+02	8.89395100e+01
324	2.41434621e+00	2.10512775e+02	8.92550149e+01
325	2.42221053e+00	2.11430156e+02	8.95748679e+01
326	2.43007485e+00	2.12348847e+02	8.98991123e+01
327	2.43793917e+00	2.13268791e+02	9.02277920e+01
328	2.44580349e+00	2.14189933e+02	9.05609515e+01
329	2.45366781e+00	2.15112217e+02	9.08986356e+01
330	2.46153213e+00	2.16035584e+02	9.12408896e+01
331	2.46939645e+00	2.16959975e+02	9.15877596e+01
332	2.47726077e+00	2.17885329e+02	9.19392919e+01
333	2.48512509e+00	2.18811586e+02	9.22955333e+01
334	2.49298941e+00	2.19738681e+02	9.26565313e+01
335	2.50085373e+00	2.20666551e+02	9.30223338e+01
336	2.50871805e+00	2.21595130e+02	9.33929892e+01
337	2.51658237e+00	2.22524352e+02	9.37685465e+01
338	2.52444669e+00	2.23454149e+02	9.41490552e+01
339	2.53231101e+00	2.24384452e+02	9.45345651e+01
340	2.54017533e+00	2.25315189e+02	9.49251268e+01
341	2.54803965e+00	2.26246290e+02	9.53207914e+01
342	2.55590397e+00	2.27177682e+02	9.57216102e+01
343	2.56376829e+00	2.28109288e+02	9.61276354e+01
344	2.57163261e+00	2.29041035e+02	9.65389196e+01
345	2.57949693e+00	2.29972844e+02	9.69555158e+01
346	2.58736125e+00	2.30904637e+02	9.73774776e+01
347	2.59522557e+00	2.31836334e+02	9.78048591e+01
348	2.60308989e+00	2.32767854e+02	9.82377151e+01
349	2.61095421e+00	2.33699113e+02	9.86761006e+01
350	2.61881853e+00	2.34630028e+02	9.91200714e+01
351	2.62668285e+00	2.35560512e+02	9.95696837e+01
352	2.63454717e+00	2.36490479e+02	1.00024994e+02
353	2.64241149e+00	2.37419839e+02	1.00486060e+02
354	2.65027581e+00	2.38348504e+02	1.00952939e+02
355	2.65814013e+00	2.39276380e+02	1.01425689e+02
356	2.66600445e+00	2.40203375e+02	1.01904369e+02
357	2.67386877e+00	2.41129394e+02	1.02389039e+02
358	2.68173309e+00	2.42054341e+02	1.02879757e+02
359	2.68959741e+00	2.42978119e+02	1.03376585e+02
360	2.69746173e+00	2.43900627e+02	1.03879583e+02
361	2.70532605e+00	2.44821766e+02	1.04388813e+02
362	2.71319037e+00	2.45741432e+02	1.04904335e+02
363	2.72105469e+00	2.46659522e+02	1.05426212e+02
364	2.72891901e+00	2.47575930e+02	1.05954507e+02
365	2.73678333e+00	2.48490549e+02	1.06489283e+02
366	2.74464765e+00	2.49403270e+02	1.07030604e+02
367	2.75251197e+00	2.50313983e+02	1.07578532e+02
368	2.76037629e+00	2.51222576e+02	1.08133134e+02
369	2.76824061e+00	2.52128935e+02	1.08694473e+02
370	2.77610493e+00	2.53032944e+02	1.09262616e+02
371	2.78396925e+00	2.53934488e+02	1.09837627e+02
372	2.79183357e+00	2.54833447e+02	1.10419573e+02
373	2.79969789e+00	2.55729702e+02	1.11008520e+02
374	2.80756221e+00	2.56623129e+02	1.11604535e+02
375	2.81542653e+00	2.57513607e+02	1.12207686e+02
376	2.82329085e+00	2.58401009e+02	1.12818040e+02
377	2.83115517e+00	2.59285210e+02	1.13435666e+02
378	2.83901949e+00	2.60166080e+02	1.14060630e+02
379	2.84688381e+00	2.61043489e+02	1.14693003e+02
380	2.85474813e+00	2.61917306e+02	1.15332852e+02
381	2.86261245e+00	2.62787397e+02	1.15980248e+02
382	2.87047677e+00	2.63653627e+02	1.16635259e+02
383	2.87834109e+00	2.64515860e+02	1.17297956e+02
384	2.88620541e+00	2.65373957e+02	1.17968408e+02
385	2.89406973e+00	2.66227777e+02	1.18646685e+02
386	2.90193405e+00	2.67077180e+02	1.19332858e+02
387	2.90979837e+00	2.67922022e+02	1.20026998e+02
388	2.91766269e+00	2.68762158e+02	1.20729175e+02
389	2.92552701e+00	2.69597442e+02	1.21439460e+02
390	2.93339133e+00	2.70427725e+02	1.22157924e+02
391	2.94125565e+00	2.71252857e+02	1.22884638e+02
392	2.94911997e+00	2.72072688e+02	1.23619674e+02
393	2.95698429e+00	2.72887065e+02	1.24363101e+02
394	2.96484861e+00	2.73695832e+02	1.25114993e+02
395	2.97271293e+00	2.74498835e+02	1.25875418e+02
396	2.98057725e+00	2.75295915e+02	1.26644450e+02
397	2.98844157e+00	2.76086914e+02	1.27422159e+02
398	2.99630589e+00	2.76871671e+02	1.28208615e+02
399	3.00417021e+00	2.77650023e+02	1.29003889e+02
400	3.01203453e+00	2.78421809e+02	1.29808053e+02
401	3.01989885e+00	2.79186862e+02	1.30621177e+02
402	3.02776317e+00	2.79945017e+02	1.31443330e+02
403	3.03562749e+00	2.80696106e+02	1.32274583e+02
404	3.04349181e+00	2.81439960e+02	1.33115006e+02
405	3.05135613e+00	2.82176409e+02	1.33964667e+02
406	3.05922045e+00	2.82905281e+02	1.34823635e+02
407	3.06708477e+00	2.83626404e+02	1.35691979e+02
408	3.07494909e+00	2.84339603e+02	1.36569767e+02
409	3.08281341e+00	2.85044703e+02	1.37457067e+02
410	3.09067773e+00	2.85741528e+02	1.38353944e+02
411	3.09854205e+00	2.86429901e+02	1.39260467e+02
412	3.10640637e+00	2.87109643e+02	1.40176699e+02
413	3.11427069e+00	2.87780575e+02	1.41102706e+02
414	3.12213501e+00	2.88442515e+02	1.42038553e+02
415	3.12999933e+00	2.89095284e+02	1.42984302e+02
416	3.13786365e+00	2.89738698e+02	1.43940017e+02
417	3.14572797e+00	2.90372574e+02	1.44905759e+02
418	3.15359229e+00	2.90996728e+02	1.45881588e+02
419	3.16145661e+00	2.91610976e+02	1.46867564e+02
420	3.16932093e+00	2.92215133e+02	1.47863747e+02
421	3.17718525e+00	2.92809013e+02	1.48870193e+02
422	3.18504957e+00	2.93392428e+02	1.49886958e+02
423	3.19291389e+00	2.93965193e+02	1.50914099e+02
424	3.20077821e+00	2.94527120e+02	1.51951668e+02
425	3.20864253e+00	2.95078021e+02	1.52999718e+02
426	3.21650685e+00	2.95617709e+02	1.54058299e+02
427	3.22437117e+00	2.96145995e+02	1.55127463e+02
428	3.23223549e+00	2.96662690e+02	1.56207255e+02
429	3.24009981e+00	2.97167607e+02	1.57297723e+02
430	3.24796413e+00	2.97660557e+02	1.58398910e+02
431	3.25582845e+00	2.98141352e+02	1.59510861e+02
432	3.26369277e+00	2.98609804e+02	1.60633614e+02
433	3.27155709e+00	2.99065724e+02	1.61767211e+02
434	3.27942141e+00	2.99508926e+02	1.62911687e+02
435	3.28728573e+00	2.99939221e+02	1.64067078e+02
436	3.29515005e+00	3.00356425e+02	1.65233416e+02
437	3.30301437e+00	3.00760350e+02	1.66410731e+02
438	3.31087869e+00	3.01150811e+02	1.67599053e+02
439	3.31874301e+00	3.01527624e+02	1.68798406e+02
440	3.32660733e+00	3.01890606e+02	1.70008815e+02
441	3.33447165e+00	3.02239573e+02	1.71230300e+02
442	3.34233597e+00	3.02574345e+02	1.72462880e+02
443	3.35020029e+00	3.02894741e+02	1.73706569e+02
444	3.35806461e+00	3.03200581e+02	1.74961381e+02
445	3.36592893e+00	3.03491690e+02	1.76227326e+02
446	3.37379325e+00	3.03767890e+02	1.77504410e+02
447	3.38165757e+00	3.04029006e+02	1.78792638e+02
448	3.38952189e+00	3.04274868e+02	1.80092010e+02
449	3.39738621e+00	3.04505303e+02	1.81402523e+02
450	3.40525053e+00	3.04720143e+02	1.82724172e+02
451	3.41311485e+00	3.04919221e+02	1.84056949e+02
452	3.42097917e+00	3.05102373e+02	1.85400839e+02
453	3.42884349e+00	3.05269436e+02	1.86755828e+02
454	3.43670781e+00	3.05420251e+02	1.88121894e+02
455	3.44457213e+00	3.05554661e+02	1.89499016e+02
456	3.45243645e+00	3.05672511e+02	1.90887165e+02
457	3.46030077e+00	3.05773650e+02	1.92286311e+02
458	3.46816509e+00	3.05857929e+02	1.93696418e+02
459	3.47602941e+00	3.05925202e+02	1.95117447e+02
460	3.48389373e+00	3.05975327e+02	1.96549354e+02
461	3.49175805e+00	3.06008166e+02	1.97992093e+02
462	3.49962237e+00	3.06023582e+02	1.99445611e+02
463	3.50748669e+00	3.06021443e+02	2.00909851e+02
464	3.51535101e+00	3.06001621e+02	2.02384754e+02
465	3.52321533e+00	3.05963993e+02	2.03870254e+02
466	3.53107965e+00	3.05908436e+02	2.05366280e+02
467	3.53894397e+00	3.05834836e+02	2.06872759e+02
468	3.54680829e+00	3.05743079e+02	2.08389612e+02
469	3.55467261e+00	3.05633058e+02	2.09916753e+02
470	3.56253693e+00	3.05504670e+02	2.11454094e+02
471	3.57040125e+00	3.05357815e+02	2.13001541e+02
472	3.57826557e+00	3.05192401e+02	2.14558995e+02
473	3.58612989e+00	3.05008337e+02	2.16126351e+02
474	3.59399421e+00	3.04805540e+02	2.17703501e+02
475	3.60185853e+00	3.04583930e+02	2.19290330e+02
476	3.60972285e+00	3.04343434e+02	2.20886718e+02
477	3.61758717e+00	3.04083983e+02	2.22492539e+02
478	3.62545149e+00	3.03805514e+02	2.24107665e+02
479	3.63331581e+00	3.03507970e+02	2.25731959e+02
480	3.64118013e+00	3.03191298e+02	2.27365279e+02
481	3.64904445e+00	3.02855452e+02	2.29007479e+02
482	3.65690877e+00	3.02500393e+02	2.30658406e+02
483	3.66477309e+00	3.02126085e+02	2.32317903e+02
484	3.67263741e+00	3.01732502e+02	2.33985807e+02
485	3.68050173e+00	3.01319620e+02	2.35661949e+02
486	3.68836605e+00	3.00887423e+02	2.37346153e+02
487	3.69623037e+00	3.00435904e+02	2.39038241e+02
488	3.70409469e+00	2.99965058e+02	2.40738025e+02
489	3.71195901e+00	2.99474889e+02	2.42445315e+02
490	3.71982333e+00	2.98965407e+02	2.44159915e+02
491	3.72768765e+00	2.98436629e+02	2.45881620e+02
492	3.73555197e+00	2.97888578e+02	2.47610224e+02
493	3.74341629e+00	2.97321285e+02	2.49345511e+02
494	3.75128061e+00	2.96734787e+02	2.51087264e+02
495	3.75914493e+00	2.96129127e+02	2.52835257e+02
496	3.76700925e+00	2.95504358e+02	2.54589259e+02
497	3.77487357e+00	2.94860536e+02	2.56349035e+02
498	3.78273789e+00	2.94197727e+02	2.58114344e+02
499	3.79060221e+00	2.93516003e+02	2.59884940e+02
500	3.79846653e+00	2.92815442e+02	2.61660569e+02
501	3.80633085e+00	2.92096131e+02	2.63440976e+02
502	3.81419517e+00	2.91358164e+02	2.65225897e+02
503	3.82205949e+00	2.90601640e+02	2.67015066e+02
504	3.82992381e+00	2.89826668e+02	2.68808210e+02
505	3.83778813e+00	2.89033361e+02	2.70605051e+02
506	3.84565245e+00	2.88221842e+02	2.72405308e+02
507	3.85351677e+00	2.87392239e+02	2.74208693e+02
508	3.86138109e+00	2.86544688e+02	2.76014916e+02
509	3.86924541e+00	2.85679331e+02	2.77823679e+02
510	3.87710973e+00	2.84796320e+02	2.79634683e+02
511	3.88497405e+00	2.83895810e+02	2.81447622e+02
512	3.89283837e+00	2.82977965e+02	2.83262188e+02
513	3.90070269e+00	2.82042956e+02	2.85078067e+02
514	3.90856701e+00	2.81090959e+02	2.86894942e+02
515	3.91643133e+00	2.80122159e+02	2.88712494e+02
516	3.92429565e+00	2.79136746e+02	2.90530397e+02
517	3.93215997e+00	2.78134917e+02	2.92348324e+02
518	3.94002429e+00	2.77116876e+02	2.94165943e+02
519	3.94788861e+00	2.76082832e+02	2.95982921e+02
520	3.95575293e+00	2.75033001e+02	2.97798921e+02
521	3.96361725e+00	2.73967605e+02	2.99613602e+02
522	3.97148157e+00	2.72886873e+02	3.01426622e+02
523	3.97934589e+00	2.71791037e+02	3.03237636e+02
524	3.98721021e+00	2.70680339e+02	3.05046296e+02
525	3.99507453e+00	2.69555023e+02	3.06852254e+02
526	4.00293885e+00	2.68415340e+02	3.08655159e+02
527	4.01080317e+00	2.67261546e+02	3.10454657e+02
528	4.01866749e+00	2.66093903e+02	3.12250394e+02
529	4.02653181e+00	2.64912676e+02	3.14042015e+02
530	4.03439613e+00	2.63718136e+02	3.15829163e+02
531	4.04226045e+00	2.62510560e+02	3.17611480e+02
532	4.05012477e+00	2.61290227e+02	3.19388610e+02
533	4.05798909e+00	2.60057422e+02	3.21160192e+02
534	4.06585341e+00	2.58812435e+02	3.22925870e+02
535	4.07371773e+00	2.57555556e+02	3.24685283e+02
536	4.08158205e+00	2.56287084e+02	3.26438074e+02
537	4.08944637e+00	2.55007318e+02	3.28183885e+02
538	4.09731069e+00	2.53716561e+02	3.29922358e+02
539	4.10517501e+00	2.52415121e+02	3.31653137e+02
540	4.11303933e+00	2.51103306e+02	3.33375867e+02
541	4.12090365e+00	2.49781429e+02	3.35090193e+02
542	4.12876797e+00	2.48449804e+02	3.36795764e+02
543	4.13663229e+00	2.47108751e+02	3.38492229e+02
544	4.14449661e+00	2.45758587e+02	3.40179240e+02
545	4.15236093e+00	2.44399634e+02	3.41856449e+02
546	4.16022525e+00	2.43032215e+02	3.43523513e+02
547	4.16808957e+00	2.41656656e+02	3.45180091e+02
548	4.17595389e+00	2.40273281e+02	3.46825845e+02
549	4.18381821e+00	2.38882419e+02	3.48460438e+02
550	4.19168253e+00	2.37484397e+02	3.50083538e+02
551	4.19954685e+00	2.36079543e+02	3.51694818e+02
552	4.20741117e+00	2.34668188e+02	3.53293952e+02
553	4.21527549e+00	2.33250659e+02	3.54880619e+02
554	4.22313981e+00	2.31827288e+02	3.56454501e+02
555	4.23100413e+00	2.30398402e+02	3.58015287e+02
556	4.23886845e+00	2.28964331e+02	3.59562667e+02
557	4.24673277e+00	2.27525403e+02	3.61096338e+02
558	4.25459709e+00	2.26081945e+02	3.62616000e+02
559	4.26246141e+00	2.24634284e+02	3.64121361e+02
560	4.27032573e+00	2.23182746e+02	3.65612130e+02
561	4.27819005e+00	2.21727654e+02	3.67088024e+02
562	4.28605437e+00	2.20269331e+02	3.68548765e+02
563	4.29391869e+00	2.18808097e+02	3.69994081e+02
564	4.30178301e+00	2.17344271e+02	3.71423704e+02
565	4.30964733e+00	2.15878169e+02	3.72837373e+02
566	4.31751165e+00	2.14410107e+02	3.74234834e+02
567	4.32537597e+00	2.12940395e+02	3.75615836e+02
568	4.33324029e+00	2.11469343e+02	3.76980139e+02
569	4.34110461e+00	2.09997257e+02	3.78327504e+02
570	4.34896893e+00	2.08524441e+02	3.79657704e+02
571	4.35683325e+00	2.07051194e+02	3.80970513e+02
572	4.36469757e+00	2.05577815e+02	3.82265715e+02
573	4.37256189e+00	2.04104596e+02	3.83543101e+02
574	4.38042621e+00	2.02631828e+02	3.84802467e+02
575	4.38829053e+00	2.01159797e+02	3.86043617e+02
576	4.39615485e+00	1.99688786e+02	3.87266362e+02
577	4.40401917e+00	1.98219074e+02	3.88470519e+02
578	4.41188349e+00	1.96750935e+02	3.89655913e+02
579	4.41974781e+00	1.95284639e+02	3.90822376e+02
580	4.42761213e+00	1.93820453e+02	3.91969747e+02
581	4.43547645e+00	1.92358639e+02	3.93097872e+02
582	4.44334077e+00	1.90899454e+02	3.94206604e+02
583	4.45120509e+00	1.89443151e+02	3.95295805e+02
584	4.45906941e+00	1.87989979e+02	3.96365342e+02
585	4.46693373e+00	1.86540181e+02	3.97415090e+02
586	4.47479805e+00	1.85093995e+02	3.98444931e+02
587	4.48266237e+00	1.83651656e+02	3.99454756e+02
588	4.49052669e+00	1.82213392e+02	4.00444460e+02
589	4.49839101e+00	1.80779429e+02	4.01413948e+02
590	4.50625533e+00	1.79349984e+02	4.02363132e+02
591	4.51411965e+00	1.77925272e+02	4.03291928e+02
592	4.52198397e+00	1.76505502e+02	4.04200264e+02
593	4.52984829e+00	1.75090877e+02	4.05088071e+02
594	4.53771261e+00	1.73681597e+02	4.05955289e+02
595	4.54557693e+00	1.72277855e+02	4.06801864e+02
596	4.55344125e+00	1.70879839e+02	4.07627751e+02
597	4.56130557e+00	1.69487732e+02	4.08432909e+02
598	4.56916989e+00	1.68101712e+02	4.09217305e+02
599	4.57703421e+00	1.66721952e+02	4.09980914e+02
600	4.58489853e+00	1.65348620e+02	4.10723716e+02
601	4.59276285e+00	1.63981877e+02	4.11445698e+02
602	4.60062717e+00	1.62621881e+02	4.12146854e+02
603	4.60849149e+00	1.61268783e+02	4.12827184e+02
604	4.61635581e+00	1.59922731e+02	4.13486693e+02
605	4.62422013e+00	1.58583866e+02	4.14125396e+02
606	4.63208445e+00	1.57252324e+02	4.14743309e+02
607	4.63994877e+00	1.55928237e+02	4.15340459e+02
608	4.64781309e+00	1.54611731e+02	4.15916875e+02
609	4.65567741e+00	1.53302928e+02	4.16472595e+02
610	4.66354173e+00	1.52001944e+02	4.17007660e+02
611	4.67140605e+00	1.50708891e+02	4.17522118e+02
612	4.67927037e+00	1.49423874e+02	4.18016023e+02
613	4.68713469e+00	1.48146997e+02	4.18489433e+02
614	4.69499901e+00	1.46878355e+02	4.18942412e+02
615	4.70286333e+00	1.45618041e+02	4.19375029e+02
616	4.71072765e+00	1.44366144e+02	4.19787358e+02
617	4.71859197e+00	1.43122745e+02	4.20179479e+02
618	4.72645629e+00	1.41887923e+02	4.20551475e+02
619	4.73432061e+00	1.40661752e+02	4.20903435e+02
620	4.74218493e+00	1.39444303e+02	4.21235452e+02
621	4.75004925e+00	1.38235639e+02	4.21547622e+02
622	4.75791357e+00	1.37035823e+02	4.21840049e+02
623	4.76577789e+00	1.35844911e+02	4.22112837e+02
624	4.77364221e+00	1.34662955e+02	4.22366097e+02
625	4.78150653e+00	1.33490005e+02	4.22599943e+02
626	4.78937085e+00	1.32326104e+02	4.22814492e+02
627	4.79723517e+00	1.31171294e+02	4.23009866e+02
628	4.80509949e+00	1.30025612e+02	4.23186189e+02
629	4.81296381e+00	1.28889091e+02	4.23343591e+02
630	4.82082813e+00	1.27761759e+02	4.23482201e+02
631	4.82869245e+00	1.26643644e+02	4.23602156e+02
632	4.83655677e+00	1.25534768e+02	4.23703594e+02
633	4.84442109e+00	1.24435149e+02	4.23786654e+02
634	4.85228541e+00	1.23344804e+02	4.23851480e+02
635	4.86014973e+00	1.22263744e+02	4.23898220e+02
636	4.86801405e+00	1.21191979e+02	4.23927021e+02
637	4.87587837e+00	1.20129514e+02	4.23938036e+02
638	4.88374269e+00	1.19076354e+02	4.23931417e+02
639	4.89160701e+00	1.18032498e+02	4.23907320e+02
640	4.89947133e+00	1.16997943e+02	4.23865905e+02
641	4.90733565e+00	1.15972683e+02	4.23807330e+02
642	4.91519997e+00	1.14956711e+02	4.23731757e+02
643	4.92306429e+00	1.13950016e+02	4.23639351e+02
644	4.93092861e+00	1.12952584e+02	4.23530277e+02
645	4.93879293e+00	1.11964399e+02	4.23404702e+02
646	4.94665725e+00	1.10985442e+02	4.23262793e+02
647	4.95452157e+00	1.10015694e+02	4.23104722e+02
648	4.96238589e+00	1.09055131e+02	4.22930658e+02
649	4.97025021e+00	1.08103729e+02	4.22740775e+02
650	4.97811453e+00	1.07161459e+02	4.22535245e+02
651	4.98597885e+00	1.06228293e+02	4.22314244e+02
652	4.99384317e+00	1.05304200e+02	4.22077945e+02
653	5.00170749e+00	1.04389147e+02	4.21826526e+02
654	5.00957181e+00	1.03483098e+02	4.21560163e+02
655	5.01743613e+00	1.02586018e+02	4.21279033e+02
656	5.02530045e+00	1.01697867e+02	4.20983314e+02
657	5.03316477e+00	1.00818607e+02	4.20673184e+02
658	5.04102909e+00	9.99481954e+01	4.20348823e+02
659	5.04889341e+00	9.90865893e+01	4.20010410e+02
660	5.05675773e+00	9.82337447e+01	4.19658123e+02
661	5.06462205e+00	9.73896158e+01	4.19292142e+02
662	5.07248637e+00	9.65541556e+01	4.18912647e+02
663	5.08035069e+00	9.57273159e+01	4.18519817e+02
664	5.08821501e+00	9.49090473e+01	4.18113832e+02
665	5.09607933e+00	9.40992994e+01	4.17694871e+02
666	5.10394365e+00	9.32980204e+01	4.17263113e+02
667	5.11180797e+00	9.25051580e+01	4.16818738e+02
668	5.11967229e+00	9.17206585e+01	4.16361923e+02
669	5.12753661e+00	9.09444674e+01	4.15892847e+02
670	5.13540093e+00	9.01765296e+01	4.15411688e+02
671	5.14326525e+00	8.94167888e+01	4.14918623e+02
672	5.15112957e+00	8.86651884e+01	4.14413830e+02
673	5.15899389e+00	8.79216707e+01	4.13897484e+02
674	5.16685821e+00	8.71861775e+01	4.13369761e+02
675	5.17472253e+00	8.64586500e+01	4.12830836e+02
676	5.18258685e+00	8.57390289e+01	4.12280883e+02
677	5.19045117e+00	8.50272542e+01	4.11720076e+02
678	5.19831549e+00	8.43232655e+01	4.11148587e+02
679	5.20617981e+00	8.36270021e+01	4.10566589e+02
680	5.21404413e+00	8.29384026e+01	4.09974251e+02
681	5.22190845e+00	8.22574054e+01	4.09371745e+02
682	5.22977277e+00	8.15839487e+01	4.08759239e+02
683	5.23763709e+00	8.09179702e+01	4.08136901e+02
684	5.24550141e+00	8.02594074e+01	4.07504899e+02
685	5.25336573e+00	7.96081976e+01	4.06863398e+02
686	5.26123005e+00	7.89642780e+01	4.06212563e+02
687	5.26909437e+00	7.83275853e+01	4.05552558e+02
688	5.27695869e+00	7.76980566e+01	4.04883546e+02
689	5.28482301e+00	7.70756284e+01	4.04205688e+02
690	5.29268733e+00	7.64602374e+01	4.03519145e+02
691	5.30841597e+00	7.52502818e+01	4.02120715e+02
692	5.32414461e+00	7.40677142e+01	4.00689433e+02
693	5.33987325e+00	7.29120280e+01	3.99226538e+02
694	5.35560189e+00	7.17827179e+01	3.97733246e+02
695	5.37133053e+00	7.06792805e+01	3.96210752e+02
696	5.38705917e+00	6.96012150e+01	3.94660231e+02
697	5.40278781e+00	6.85480239e+01	3.93082834e+02
698	5.41851645e+00	6.75192133e+01	3.91479690e+02
699	5.43424509e+00	6.65142939e+01	3.89851907e+02
700	5.44997373e+00	6.55327806e+01	3.88200568e+02
701	5.46570237e+00	6.45741940e+01	3.86526736e+02
702	5.48143101e+00	6.36380596e+01	3.84831448e+02
703	5.49715965e+00	6.27239091e+01	3.83115720e+02
704	5.51288829e+00	6.18312803e+01	3.81380545e+02
705	5.52861693e+00	6.09597172e+01	3.79626892e+02
706	5.54434557e+00	6.01087705e+01	3.77855708e+02
707	5.56007421e+00	5.92779978e+01	3.76067919e+02
708	5.57580285e+00	5.84669637e+01	3.74264425e+02
709	5.59153149e+00	5.76752397e+01	3.72446106e+02
710	5.60726013e+00	5.69024048e+01	3.70613820e+02
711	5.62298877e+00	5.61480454e+01	3.68768401e+02
712	5.63871741e+00	5.54117551e+01	3.66910664e+02
713	5.65444605e+00	5.46931354e+01	3.65041400e+02
714	5.67017469e+00	5.39917951e+01	3.63161382e+02
715	5.68590333e+00	5.33073505e+01	3.61271359e+02
716	5.70163197e+00	5.26394258e+01	3.59372061e+02
717	5.71736061e+00	5.19876527e+01	3.57464197e+02
718	5.73308925e+00	5.13516704e+01	3.55548457e+02
719	5.74881789e+00	5.07311257e+01	3.53625511e+02
720	5.76454653e+00	5.01256729e+01	3.51696009e+02
721	5.78027517e+00	4.95349740e+01	3.49760584e+02
722	5.79600381e+00	4.89586981e+01	3.47819848e+02
723	5.81173245e+00	4.83965219e+01	3.45874397e+02
724	5.82746109e+00	4.78481292e+01	3.43924807e+02
725	5.84318973e+00	4.73132113e+01	3.41971639e+02
726	5.85891837e+00	4.67914663e+01	3.40015434e+02
727	5.87464701e+00	4.62825995e+01	3.38056719e+02
728	5.89037565e+00	4.57863232e+01	3.36096004e+02
729	5.90610429e+00	4.53023564e+01	3.34133780e+02
730	5.92183293e+00	4.48304249e+01	3.32170526e+02
731	5.93756157e+00	4.43702613e+01	3.30206705e+02
732	5.95329021e+00	4.39216045e+01	3.28242763e+02
733	5.96901885e+00	4.34841998e+01	3.26279133e+02
734	5.98474749e+00	4.30577991e+01	3.24316233e+02
735	6.00047613e+00	4.26421603e+01	3.22354469e+02
736	6.01620477e+00	4.22370473e+01	3.20394230e+02
737	6.03193341e+00	4.18422302e+01	3.18435895e+02
738	6.04766205e+00	4.14574847e+01	3.16479828e+02
739	6.06339069e+00	4.10825926e+01	3.14526381e+02
740	6.07911933e+00	4.07173408e+01	3.12575894e+02
741	6.09484797e+00	4.03615223e+01	3.10628694e+02
742	6.11057661e+00	4.00149350e+01	3.08685098e+02
743	6.12630525e+00	3.96773825e+01	3.06745411e+02
744	6.14203389e+00	3.93486732e+01	3.04809927e+02
745	6.15776253e+00	3.90286207e+01	3.02878927e+02
746	6.17349117e+00	3.87170438e+01	3.00952686e+02
747	6.18921981e+00	3.84137657e+01	2.99031465e+02
748	6.20494845e+00	3.81186146e+01	2.97115517e+02
749	6.22067709e+00	3.78314232e+01	2.95205085e+02
750	6.23640573e+00	3.75520290e+01	2.93300401e+02
751	6.25213437e+00	3.72802735e+01	2.91401691e+02
752	6.26786301e+00	3.70160028e+01	2.89509170e+02
753	6.28359165e+00	3.67590671e+01	2.87623045e+02
754	6.29932029e+00	3.65093207e+01	2.85743515e+02
755	6.31504893e+00	3.62666220e+01	2.83870769e+02
756	6.33077757e+00	3.60308333e+01	2.82004992e+02
757	6.34650621e+00	3.58018206e+01	2.80146356e+02
758	6.36223485e+00	3.55794538e+01	2.78295031e+02
759	6.37796349e+00	3.53636064e+01	2.76451177e+02
760	6.39369213e+00	3.51541554e+01	2.74614946e+02
761	6.40942077e+00	3.49509813e+01	2.72786485e+02
762	6.42514941e+00	3.47539680e+01	2.70965935e+02
763	6.44087805e+00	3.45630027e+01	2.69153428e+02
764	6.45660669e+00	3.43779759e+01	2.67349092e+02
765	6.47233533e+00	3.41987811e+01	2.65553049e+02
766	6.48806397e+00	3.40253149e+01	2.63765413e+02
767	6.50379261e+00	3.38574770e+01	2.61986295e+02
768	6.51952125e+00	3.36951700e+01	2.60215799e+02
769	6.53524989e+00	3.35382992e+01	2.58454024e+02
770	6.55097853e+00	3.33867729e+01	2.56701064e+02
771	6.56670717e+00	3.32405019e+01	2.54957008e+02
772	6.58243581e+00	3.30993998e+01	2.53221939e+02
773	6.59816445e+00	3.29633826e+01	2.51495937e+02
774	6.61389309e+00	3.28323692e+01	2.49779077e+02
775	6.62962173e+00	3.27062804e+01	2.48071429e+02
776	6.64535037e+00	3.25850399e+01	2.46373060e+02
777	6.66107901e+00	3.24685735e+01	2.44684031e+02
778	6.67680765e+00	3.23568092e+01	2.43004400e+02
779	6.69253629e+00	3.22496775e+01	2.41334221e+02
780	6.70826493e+00	3.21471108e+01	2.39673545e+02
781	6.72399357e+00	3.20490439e+01	2.38022419e+02
782	6.73972221e+00	3.19554133e+01	2.36380886e+02
783	6.75545085e+00	3.18661579e+01	2.34748985e+02
784	6.77117949e+00	3.17812183e+01	2.33126753e+02
785	6.78690813e+00	3.17005372e+01	2.31514224e+02
786	6.80263677e+00	3.16240591e+01	2.29911427e+02
787	6.81836541e+00	3.15517304e+01	2.28318391e+02
788	6.83409405e+00	3.14834991e+01	2.26735139e+02
789	6.84982269e+00	3.14193153e+01	2.25161694e+02
790	6.86555133e+00	3.13591305e+01	2.23598075e+02
791	6.88127997e+00	3.13028981e+01	2.22044297e+02
792	6.89700861e+00	3.12505728e+01	2.20500375e+02
793	6.91273725e+00	3.12021114e+01	2.18966320e+02
794	6.92846589e+00	3.11574719e+01	2.17442142e+02
795	6.94419453e+00	3.11166138e+01	2.15927847e+02
796	6.95992317e+00	3.10794984e+01	2.14423441e+02
797	6.97565181e+00	3.10460882e+01	2.12928925e+02
798	7.00710909e+00	3.09902239e+01	2.09969565e+02
799	7.03856637e+00	3.09487679e+01	2.07049749e+02
800	7.07002365e+00	3.09214704e+01	2.04169430e+02
801	7.10148093e+00	3.09081021e+01	2.01328535e+02
802	7.13293821e+00	3.09084533e+01	1.98526964e+02
803	7.16439549e+00	3.09223337e+01	1.95764596e+02
804	7.19585277e+00	3.09495708e+01	1.93041287e+02
805	7.22731005e+00	3.09900099e+01	1.90356874e+02
806	7.25876733e+00	3.10435132e+01	1.87711176e+02
807	7.29022461e+00	3.11099590e+01	1.85103995e+02
808	7.32168189e+00	3.11892417e+01	1.82535116e+02
809	7.35313917e+00	3.12812705e+01	1.80004312e+02
810	7.38459645e+00	3.13859697e+01	1.77511342e+02
811	7.41605373e+00	3.15032776e+01	1.75055954e+02
812	7.44751101e+00	3.16331466e+01	1.72637884e+02
813	7.47896829e+00	3.17755422e+01	1.70256860e+02
814	7.51042557e+00	3.19304433e+01	1.67912600e+02
815	7.54188285e+00	3.20978414e+01	1.65604815e+02
816	7.57334013e+00	3.22777402e+01	1.63333208e+02
817	7.60479741e+00	3.24701560e+01	1.61097476e+02
818	7.63625469e+00	3.26751164e+01	1.58897313e+02
819	7.66771197e+00	3.28926609e+01	1.56732405e+02
820	7.69916925e+00	3.31228403e+01	1.54602435e+02
821	7.73062653e+00	3.33657166e+01	1.52507084e+02
822	7.76208381e+00	3.36213626e+01	1.50446030e+02
823	7.79354109e+00	3.38898620e+01	1.48418946e+02
824	7.82499837e+00	3.41713092e+01	1.46425507e+02
825	7.85645565e+00	3.44658088e+01	1.44465385e+02
826	7.88791293e+00	3.47734759e+01	1.42538252e+02
827	7.91937021e+00	3.50944360e+01	1.40643778e+02
828	7.95082749e+00	3.54288243e+01	1.38781636e+02
829	7.98228477e+00	3.57767865e+01	1.36951497e+02
830	8.01374205e+00	3.61384779e+01	1.35153034e+02
831	8.04519933e+00	3.65140637e+01	1.33385922e+02
832	8.07665661e+00	3.69037193e+01	1.31649837e+02
833	8.10811389e+00	3.73076293e+01	1.29944457e+02
834	8.13957117e+00	3.77259884e+01	1.28269463e+02
835	8.17102845e+00	3.81590010e+01	1.26624536e+02
836	8.20248573e+00	3.86068811e+01	1.25009364e+02
837	8.23394301e+00	3.90698522e+01	1.23423634e+02
838	8.26540029e+00	3.95481476e+01	1.21867040e+02
839	8.29685757e+00	4.00420104e+01	1.20339276e+02
840	8.32831485e+00	4.05516929e+01	1.18840044e+02
841	8.35977213e+00	4.10774576e+01	1.17369046e+02
842	8.39122941e+00	4.16195762e+01	1.15925991e+02
843	8.42268669e+00	4.21783302e+01	1.14510592e+02
844	8.45414397e+00	4.27540110e+01	1.13122565e+02
845	8.48560125e+00	4.33469194e+01	1.11761634e+02
846	8.51705853e+00	4.39573661e+01	1.10427525e+02
847	8.54851581e+00	4.45856716e+01	1.09119971e+02
848	8.57997309e+00	4.52321661e+01	1.07838710e+02
849	8.61143037e+00	4.58971895e+01	1.06583485e+02
850	8.64288765e+00	4.65810918e+01	1.05354047e+02
851	8.67434493e+00	4.72842327e+01	1.04150151e+02
852	8.70580221e+00	4.80069817e+01	1.02971557e+02
853	8.73725949e+00	4.87497185e+01	1.01818035e+02
854	8.76871677e+00	4.95128323e+01	1.00689357e+02
855	8.80017405e+00	5.02967227e+01	9.95853068e+01
856	8.83163133e+00	5.11017988e+01	9.85056705e+01
857	8.86308861e+00	5.19284801e+01	9.74502434e+01
858	8.89454589e+00	5.27771957e+01	9.64188276e+01
859	8.92600317e+00	5.36483848e+01	9.54112325e+01
860	8.95746045e+00	5.45424966e+01	9.44272753e+01
861	8.98891773e+00	5.54599899e+01	9.34667807e+01
862	9.02037501e+00	5.64013338e+01	9.25295814e+01
863	9.05183229e+00	5.73670069e+01	9.16155184e+01
864	9.08328957e+00	5.83574977e+01	9.07244409e+01
865	9.11474685e+00	5.93733043e+01	8.98562069e+01
866	9.14620413e+00	6.04149345e+01	8.90106830e+01
867	9.17766141e+00	6.14829056e+01	8.81877450e+01
868	9.20911869e+00	6.25777442e+01	8.73872779e+01
869	9.24057597e+00	6.36999862e+01	8.66091763e+01
870	9.27203325e+00	6.48501764e+01	8.58533448e+01
871	9.30349053e+00	6.60288686e+01	8.51196979e+01
872	9.33494781e+00	6.72366254e+01	8.44081605e+01
873	9.36640509e+00	6.84740176e+01	8.37186683e+01
874	9.39786237e+00	6.97416242e+01	8.30511681e+01
875	9.42931965e+00	7.10400322e+01	8.24056181e+01
876	9.46077693e+00	7.23698357e+01	8.17819880e+01
877	9.49223421e+00	7.37316365e+01	8.11802600e+01
878	9.52369149e+00	7.51260427e+01	8.06004286e+01
879	9.55514877e+00	7.65536687e+01	8.00425012e+01
880	9.58660605e+00	7.80151349e+01	7.95064988e+01
881	9.61806333e+00	7.95110667e+01	7.89924562e+01
882	9.64952061e+00	8.10420940e+01	7.85004224e+01
883	9.68097789e+00	8.26088509e+01	7.80304616e+01
884	9.71243517e+00	8.42119744e+01	7.75826532e+01
885	9.74389245e+00	8.58521042e+01	7.71570926e+01
886	9.77534973e+00	8.75298813e+01	7.67538920e+01
887	9.80680701e+00	8.92459475e+01	7.63731808e+01
888	9.83826429e+00	9.10009441e+01	7.60151064e+01
889	9.86972157e+00	9.27955108e+01	7.56798349e+01
890	9.90117885e+00	9.46302848e+01	7.53675518e+01
891	9.93263613e+00	9.65058991e+01	7.50784630e+01
892	9.96409341e+00	9.84229815e+01	7.48127954e+01
893	9.99555069e+00	1.00382153e+02	7.45707980e+01
894	1.00270080e+01	1.02384025e+02	7.43527428e+01
895	1.00584652e+01	1.04429201e+02	7.41589259e+01
896	1.00899225e+01	1.06518270e+02	7.39896682e+01
897	1.01213798e+01	1.08651808e+02	7.38453170e+01
898	1.01528371e+01	1.10830374e+02	7.37262471e+01
899	1.01842944e+01	1.13054510e+02	7.36328615e+01
900	1.02157516e+01	1.15324733e+02	7.35655936e+01
901	1.02472089e+01	1.17641542e+02	7.35249080e+01
902	1.02786662e+01	1.20005403e+02	7.35113020e+01
903	1.03101235e+01	1.22416757e+02	7.35253076e+01
904	1.03415808e+01	1.24876009e+02	7.35674924e+01
905	1.03730380e+01	1.27383529e+02	7.36384622e+01
906	1.04044953e+01	1.29939646e+02	7.37388620e+01
907	1.04359526e+01	1.32544644e+02	7.38693785e+01
908	1.04674099e+01	1.35198760e+02	7.40307418e+01
909	1.04988672e+01	1.37902176e+02	7.42237275e+01
910	1.05303244e+01	1.40655016e+02	7.44491594e+01
911	1.05617817e+01	1.43457343e+02	7.47079111e+01
912	1.05932390e+01	1.46309148e+02	7.50009088e+01
913	1.06246963e+01	1.49210351e+02	7.53291340e+01
914	1.06561536e+01	1.52160787e+02	7.56936261e+01
915	1.06876108e+01	1.55160208e+02	7.60954849e+01
916	1.07190681e+01	1.58208268e+02	7.65358739e+01
917	1.07505254e+01	1.61304523e+02	7.70160232e+01
918	1.07819827e+01	1.64448418e+02	7.75372323e+01
919	1.08134400e+01	1.67639278e+02	7.81008741e+01
920	1.08448972e+01	1.70876306e+02	7.87083976e+01
921	1.08763545e+01	1.74158568e+02	7.93613319e+01
922	1.09078118e+01	1.77484985e+02	8.00612892e+01
923	1.09392691e+01	1.80854324e+02	8.08099691e+01
924	1.09707264e+01	1.84265185e+02	8.16091620e+01
925	1.10021836e+01	1.87715994e+02	8.24607530e+01
926	1.10336409e+01	1.91204989e+02	8.33667256e+01
927	1.10650982e+01	1.94730207e+02	8.43291660e+01
928	1.10965555e+01	1.98289476e+02	8.53502664e+01
929	1.11280128e+01	2.01880397e+02	8.64323293e+01
930	1.11594700e+01	2.05500335e+02	8.75777708e+01
931	1.11909273e+01	2.09146403e+02	8.87891245e+01
932	1.12223846e+01	2.12815452e+02	9.00690449e+01
933	1.12538419e+01	2.16504050e+02	9.14203104e+01
934	1.12852992e+01	2.20208475e+02	9.28458260e+01
935	1.13167564e+01	2.23924697e+02	9.43486261e+01
936	1.13482137e+01	2.27648365e+02	9.59318759e+01
937	1.13796710e+01	2.31374793e+02	9.75988729e+01
938	1.14111283e+01	2.35098944e+02	9.93530477e+01
939	1.14425856e+01	2.38815420e+02	1.01197963e+02
940	1.14740428e+01	2.42518449e+02	1.03137312e+02
941	1.15055001e+01	2.46201868e+02	1.05174918e+02
942	1.15369574e+01	2.49859121e+02	1.07314726e+02
943	1.15684147e+01	2.53483242e+02	1.09560802e+02
944	1.15998720e+01	2.57066852e+02	1.11917320e+02
945	1.16313292e+01	2.60602151e+02	1.14388560e+02
946	1.16627865e+01	2.64080919e+02	1.16978886e+02
947	1.16942438e+01	2.67494509e+02	1.19692741e+02
948	1.17257011e+01	2.70833856e+02	1.22534623e+02
949	1.17571584e+01	2.74089482e+02	1.25509066e+02
950	1.17886156e+01	2.77251506e+02	1.28620617e+02
951	1.18200729e+01	2.80309662e+02	1.31873806e+02
952	1.18483845e+01	2.82964574e+02	1.34926419e+02
953	1.18766960e+01	2.85518769e+02	1.38100602e+02
954	1.19050076e+01	2.87964057e+02	1.41399484e+02
955	1.19333191e+01	2.90292073e+02	1.44826086e+02
956	1.19616307e+01	2.92494297e+02	1.48383291e+02
957	1.19871111e+01	2.94361733e+02	1.51698655e+02
958	1.20125915e+01	2.96113925e+02	1.55123852e+02
959	1.20380719e+01	2.97744482e+02	1.58660564e+02
960	1.20635523e+01	2.99247005e+02	1.62310291e+02
961	1.20890327e+01	3.00615117e+02	1.66074330e+02
962	1.21145131e+01	3.01842495e+02	1.69953743e+02
963	1.21374454e+01	3.02821737e+02	1.73544522e+02
964	1.21603778e+01	3.03677463e+02	1.77229799e+02
965	1.21833101e+01	3.04405309e+02	1.81009756e+02
966	1.22062425e+01	3.05001035e+02	1.84884348e+02
967	1.22291749e+01	3.05460552e+02	1.88853287e+02
968	1.22521072e+01	3.05779943e+02	1.92916027e+02
969	1.22750396e+01	3.05955493e+02	1.97071743e+02
970	1.22979719e+01	3.05983713e+02	2.01319314e+02
971	1.23209043e+01	3.05861366e+02	2.05657306e+02
972	1.23438366e+01	3.05585498e+02	2.10083955e+02
973	1.23667690e+01	3.05153459e+02	2.14597154e+02
974	1.23897014e+01	3.04562934e+02	2.19194437e+02
975	1.24126337e+01	3.03811967e+02	2.23872965e+02
976	1.24355661e+01	3.02898988e+02	2.28629516e+02
977	1.24584984e+01	3.01822830e+02	2.33460478e+02
978	1.24814308e+01	3.00582760e+02	2.38361839e+02
979	1.25043631e+01	2.99178493e+02	2.43329182e+02
980	1.25272955e+01	2.97610212e+02	2.48357688e+02
981	1.25502279e+01	2.95878583e+02	2.53442130e+02
982	1.25731602e+01	2.93984766e+02	2.58576884e+02
983	1.25960926e+01	2.91930427e+02	2.63755934e+02
984	1.26190249e+01	2.89717743e+02	2.68972881e+02
985	1.26419573e+01	2.87349403e+02	2.74220962e+02
986	1.26648896e+01	2.84828607e+02	2.79493063e+02
987	1.26878220e+01	2.82159061e+02	2.84781746e+02
988	1.27107544e+01	2.79344966e+02	2.90079270e+02
989	1.27336867e+01	2.76391009e+02	2.95377624e+02
990	1.27566191e+01	2.73302338e+02	3.00668554e+02
991	1.27795514e+01	2.70084545e+02	3.05943604e+02
992	1.28024838e+01	2.66743641e+02	3.11194148e+02
993	1.28254161e+01	2.63286024e+02	3.16411437e+02
994	1.28483485e+01	2.59718449e+02	3.21586635e+02
995	1.28712809e+01	2.56047990e+02	3.26710867e+02
996	1.28942132e+01	2.52282005e+02	3.31775263e+02
997	1.29171456e+01	2.48428091e+02	3.36771006e+02
998	1.29400779e+01	2.44494047e+02	3.41689374e+02
999	1.29630103e+01	2.40487827e+02	3.46521792e+02
1000	1.29859426e+01	2.36417495e+02	3.51259872e+02
1001	1.30088750e+01	2.32291183e+02	3.55895460e+02
1002	1.30318074e+01	2.28117045e+02	3.60420676e+02
1003	1.30547397e+01	2.23903213e+02	3.64827955e+02
1004	1.30776721e+01	2.19657754e+02	3.69110084e+02
1005	1.31006044e+01	2.15388631e+02	3.73260236e+02
1006	1.31235368e+01	2.11103660e+02	3.77272002e+02
1007	1.31464691e+01	2.06810476e+02	3.81139416e+02
1008	1.31694015e+01	2.02516500e+02	3.84856977e+02
1009	1.31923339e+01	1.98228905e+02	3.88419673e+02
1010	1.32152662e+01	1.93954590e+02	3.91822993e+02
1011	1.32381986e+01	1.89700155e+02	3.95062937e+02
1012	1.32611309e+01	1.85471880e+02	3.98136026e+02
1013	1.32840633e+01	1.81275705e+02	4.01039301e+02
1014	1.33069956e+01	1.77117222e+02	4.03770327e+02
1015	1.33299280e+01	1.73001656e+02	4.06327185e+02
1016	1.33528604e+01	1.68933864e+02	4.08708464e+02
1017	1.33757927e+01	1.64918329e+02	4.10913251e+02
1018	1.33987251e+01	1.60959156e+02	4.12941117e+02
1019	1.34216574e+01	1.57060077e+02	4.14792099e+02
1020	1.34445898e+01	1.53224453e+02	4.16466683e+02
1021	1.34675221e+01	1.49455284e+02	4.17965782e+02
1022	1.34904545e+01	1.45755211e+02	4.19290712e+02
1023	1.35133869e+01	1.42126533e+02	4.20443170e+02
1024	1.35363192e+01	1.38571215e+02	4.21425210e+02
1025	1.35592516e+01	1.35090906e+02	4.22239214e+02
1026	1.35821839e+01	1.31686946e+02	4.22887870e+02
1027	1.36051163e+01	1.28360388e+02	4.23374141e+02
1028	1.36280486e+01	1.25112014e+02	4.23701245e+02
1029	1.36509810e+01	1.21942345e+02	4.23872623e+02
1030	1.36739134e+01	1.18851666e+02	4.23891917e+02
1031	1.36968457e+01	1.15840038e+02	4.23762945e+02
1032	1.37197781e+01	1.12907315e+02	4.23489677e+02
1033	1.37427104e+01	1.10053161e+02	4.23076210e+02
1034	1.37656428e+01	1.07277070e+02	4.22526748e+02
1035	1.37885751e+01	1.04578374e+02	4.21845581e+02
1036	1.38115075e+01	1.01956268e+02	4.21037065e+02
1037	1.38344399e+01	9.94098145e+01	4.20105603e+02
1038	1.38573722e+01	9.69379663e+01	4.19055626e+02
1039	1.38803046e+01	9.45395750e+01	4.17891581e+02
1040	1.39032369e+01	9.22134053e+01	4.16617913e+02
1041	1.39261693e+01	8.99581466e+01	4.15239051e+02
1042	1.39491016e+01	8.77724241e+01	4.13759397e+02
1043	1.39720340e+01	8.56548100e+01	4.12183315e+02
1044	1.39949664e+01	8.36038320e+01	4.10515119e+02
1045	1.40178987e+01	8.16179836e+01	4.08759063e+02
1046	1.40408311e+01	7.96957313e+01	4.06919339e+02
1047	1.40637634e+01	7.78355229e+01	4.05000061e+02
1048	1.40866958e+01	7.60357942e+01	4.03005266e+02
1049	1.41096281e+01	7.42949749e+01	4.00938904e+02
1050	1.41325605e+01	7.26114952e+01	3.98804837e+02
1051	1.41554929e+01	7.09837900e+01	3.96606832e+02
1052	1.41784252e+01	6.94103040e+01	3.94348560e+02
1053	1.42013576e+01	6.78894956e+01	3.92033594e+02
1054	1.42242899e+01	6.64198405e+01	3.89665404e+02
1055	1.42472223e+01	6.49998349e+01	3.87247358e+02
1056	1.42701546e+01	6.36279982e+01	3.84782724e+02
1057	1.42930870e+01	6.23028754e+01	3.82274662e+02
1058	1.43160194e+01	6.10230391e+01	3.79726233e+02
1059	1.43389517e+01	5.97870911e+01	3.77140391e+02
1060	1.43618841e+01	5.85936641e+01	3.74519989e+02
1061	1.43848164e+01	5.74414223e+01	3.71867781e+02
1062	1.44077488e+01	5.63290629e+01	3.69186417e+02
1063	1.44306811e+01	5.52553165e+01	3.66478451e+02
1064	1.44536135e+01	5.42189475e+01	3.63746339e+02
1065	1.44765459e+01	5.32187544e+01	3.60992441e+02
1066	1.44994782e+01	5.22535701e+01	3.58219026e+02
1067	1.45224106e+01	5.13222619e+01	3.55428269e+02
1068	1.45453429e+01	5.04237312e+01	3.52622257e+02
1069	1.45682753e+01	4.95569135e+01	3.49802990e+02
1070	1.45912076e+01	4.87207778e+01	3.46972385e+02
1071	1.46141400e+01	4.79143265e+01	3.44132274e+02
1072	1.46370724e+01	4.71365947e+01	3.41284411e+02
1073	1.46600047e+01	4.63866497e+01	3.38430470e+02
1074	1.46829371e+01	4.56635907e+01	3.35572054e+02
1075	1.47058694e+01	4.49665474e+01	3.32710689e+02
1076	1.47288018e+01	4.42946804e+01	3.29847833e+02
1077	1.47517341e+01	4.36471796e+01	3.26984874e+02
1078	1.47746665e+01	4.30232639e+01	3.24123136e+02
1079	1.47975989e+01	4.24221804e+01	3.21263879e+02
1080	1.48205312e+01	4.18432037e+01	3.18408300e+02
1081	1.48434636e+01	4.12856350e+01	3.15557539e+02
1082	1.48663959e+01	4.07488015e+01	3.12712679e+02
1083	1.48893283e+01	4.02320556e+01	3.09874747e+02
1084	1.49122606e+01	3.97347741e+01	3.07044717e+02
1085	1.49351930e+01	3.92563574e+01	3.04223514e+02
1086	1.49581254e+01	3.87962288e+01	3.01412012e+02
1087	1.49810577e+01	3.83538341e+01	2.98611041e+02
1088	1.50039901e+01	3.79286404e+01	2.95821382e+02
1089	1.50269224e+01	3.75201354e+01	2.93043776e+02
1090	1.50498548e+01	3.71278273e+01	2.90278922e+02
1091	1.50727871e+01	3.67512433e+01	2.87527478e+02
1092	1.50957195e+01	3.63899298e+01	2.84790064e+02
1093	1.51186519e+01	3.60434511e+01	2.82067264e+02
1094	1.51415842e+01	3.57113888e+01	2.79359628e+02
1095	1.51645166e+01	3.53933418e+01	2.76667669e+02
1096	1.51874489e+01	3.50889251e+01	2.73991872e+02
1097	1.52103813e+01	3.47977694e+01	2.71332688e+02
1098	1.52333136e+01	3.45195206e+01	2.68690539e+02
1099	1.52562460e+01	3.42538394e+01	2.66065821e+02
1100	1.52791784e+01	3.40004003e+01	2.63458900e+02
1101	1.53021107e+01	3.37588919e+01	2.60870119e+02
1102	1.53250431e+01	3.35290155e+01	2.58299793e+02
1103	1.53479754e+01	3.33104854e+01	2.55748217e+02
1104	1.53709078e+01	3.31030278e+01	2.53215662e+02
1105	1.53938401e+01	3.29063811e+01	2.50702376e+02
1106	1.54167725e+01	3.27202947e+01	2.48208588e+02
1107	1.54397049e+01	3.25445292e+01	2.45734508e+02
1108	1.54626372e+01	3.23788558e+01	2.43280325e+02
1109	1.54855696e+01	3.22230559e+01	2.40846213e+02
1110	1.55085019e+01	3.20769205e+01	2.38432328e+02
1111	1.55314343e+01	3.19402506e+01	2.36038808e+02
1112	1.55543666e+01	3.18128560e+01	2.33665777e+02
1113	1.55772990e+01	3.16945556e+01	2.31313344e+02
1114	1.56002314e+01	3.15851768e+01	2.28981605e+02
1115	1.56231637e+01	3.14845552e+01	2.26670642e+02
1116	1.56460961e+01	3.13925346e+01	2.24380522e+02
1117	1.56690284e+01	3.13089663e+01	2.22111304e+02
1118	1.56919608e+01	3.12337093e+01	2.19863033e+02
1119	1.57378255e+01	3.11075390e+01	2.15429465e+02
1120	1.57836902e+01	3.10131041e+01	2.11079953e+02
1121	1.58295549e+01	3.09495208e+01	2.06814502e+02
1122	1.58754196e+01	3.09160045e+01	2.02632983e+02
1123	1.59212844e+01	3.09118630e+01	1.98535145e+02
1124	1.59671491e+01	3.09364917e+01	1.94520628e+02
1125	1.60130138e+01	3.09893685e+01	1.90588974e+02
1126	1.60588785e+01	3.10700494e+01	1.86739641e+02
1127	1.61047432e+01	3.11781643e+01	1.82972009e+02
1128	1.61506079e+01	3.13134132e+01	1.79285390e+02
1129	1.61964726e+01	3.14755636e+01	1.75679036e+02
1130	1.62423374e+01	3.16644463e+01	1.72152149e+02
1131	1.62882021e+01	3.18799538e+01	1.68703885e+02
1132	1.63340668e+01	3.21220372e+01	1.65333361e+02
1133	1.63799315e+01	3.23907042e+01	1.62039663e+02
1134	1.64257962e+01	3.26860170e+01	1.58821846e+02
1135	1.64716609e+01	3.30080909e+01	1.55678946e+02
1136	1.65175256e+01	3.33570924e+01	1.52609980e+02
1137	1.65633904e+01	3.37332379e+01	1.49613949e+02
1138	1.66092551e+01	3.41367927e+01	1.46689848e+02
1139	1.66551198e+01	3.45680697e+01	1.43836660e+02
1140	1.67009845e+01	3.50274286e+01	1.41053370e+02
1141	1.67468492e+01	3.55152753e+01	1.38338959e+02
1142	1.67927139e+01	3.60320610e+01	1.35692412e+02
1143	1.68385786e+01	3.65782819e+01	1.33112716e+02
1144	1.68844434e+01	3.71544787e+01	1.30598868e+02
1145	1.69303081e+01	3.77612359e+01	1.28149874e+02
1146	1.69761728e+01	3.83991823e+01	1.25764749e+02
1147	1.70220375e+01	3.90689903e+01	1.23442523e+02
1148	1.70679022e+01	3.97713756e+01	1.21182239e+02
1149	1.71137669e+01	4.05070980e+01	1.18982959e+02
1150	1.71596316e+01	4.12769604e+01	1.16843760e+02
1151	1.72054964e+01	4.20818097e+01	1.14763740e+02
1152	1.72513611e+01	4.29225364e+01	1.12742018e+02
1153	1.72972258e+01	4.38000747e+01	1.10777733e+02
1154	1.73430905e+01	4.47154031e+01	1.08870048e+02
1155	1.73889552e+01	4.56695442e+01	1.07018152e+02
1156	1.74348199e+01	4.66635648e+01	1.05221257e+02
1157	1.74806846e+01	4.76985763e+01	1.03478604e+02
1158	1.75265494e+01	4.87757349e+01	1.01789460e+02
1159	1.75724141e+01	4.98962415e+01	1.00153123e+02
1160	1.76182788e+01	5.10613419e+01	9.85689190e+01
1161	1.76641435e+01	5.22723268e+01	9.70362067e+01
1162	1.77100082e+01	5.35305321e+01	9.55543768e+01
1163	1.77558729e+01	5.48373384e+01	9.41228536e+01
1164	1.78017376e+01	5.61941710e+01	9.27410967e+01
1165	1.78476024e+01	5.76025000e+01	9.14086016e+01
1166	1.78934671e+01	5.90638395e+01	9.01249016e+01
1167	1.79393318e+01	6.05797471e+01	8.88895692e+01
1168	1.79851965e+01	6.21518238e+01	8.77022172e+01
1169	1.80310612e+01	6.37817125e+01	8.65625009e+01
1170	1.80769259e+01	6.54710975e+01	8.54701194e+01
1171	1.81227906e+01	6.72217030e+01	8.44248178e+01
1172	1.81686554e+01	6.90352917e+01	8.34263888e+01
1173	1.82145201e+01	7.09136634e+01	8.24746751e+01
1174	1.82603848e+01	7.28586522e+01	8.15695716e+01
1175	1.83062495e+01	7.48721247e+01	8.07110280e+01
1176	1.83521142e+01	7.69559772e+01	7.98990512e+01
1177	1.83979789e+01	7.91121320e+01	7.91337083e+01
1178	1.84438436e+01	8.13425345e+01	7.84151298e+01
1179	1.84897084e+01	8.36491482e+01	7.77435129e+01
1180	1.85355731e+01	8.60339504e+01	7.71191249e+01
1181	1.85814378e+01	8.84989267e+01	7.65423075e+01
1182	1.86273025e+01	9.10460648e+01	7.60134811e+01
1183	1.86731672e+01	9.36773475e+01	7.55331487e+01
1184	1.87190319e+01	9.63947454e+01	7.51019019e+01
1185	1.87648966e+01	9.92002076e+01	7.47204256e+01
1186	1.88107613e+01	1.02095652e+02	7.43895041e+01
1187	1.88566261e+01	1.05082956e+02	7.41100275e+01
1188	1.89024908e+01	1.08163942e+02	7.38829986e+01
1189	1.89483555e+01	1.11340364e+02	7.37095403e+01
1190	1.89942202e+01	1.14613897e+02	7.35909035e+01
1191	1.90400849e+01	1.17986114e+02	7.35284762e+01
1192	1.90859496e+01	1.21458474e+02	7.35237926e+01
1193	1.91318143e+01	1.25032295e+02	7.35785436e+01
1194	1.91776791e+01	1.28708739e+02	7.36945875e+01
1195	1.92235438e+01	1.32488782e+02	7.38739622e+01
1196	1.92694085e+01	1.36373191e+02	7.41188978e+01
1197	1.93152732e+01	1.40362489e+02	7.44318303e+01
1198	1.93611379e+01	1.44456928e+02	7.48154164e+01
1199	1.94070026e+01	1.48656453e+02	7.52725498e+01
1200	1.94528673e+01	1.52960659e+02	7.58063772e+01
1201	1.94987321e+01	1.57368754e+02	7.64203175e+01
1202	1.95445968e+01	1.61879508e+02	7.71180800e+01
1203	1.95904615e+01	1.66491209e+02	7.79036854e+01
1204	1.96363262e+01	1.71201603e+02	7.87814870e+01
1205	1.96821909e+01	1.76007842e+02	7.97561934e+01
1206	1.97280556e+01	1.80906417e+02	8.08328918e+01
1207	1.97739203e+01	1.85893093e+02	8.20170727e+01
1208	1.98197851e+01	1.90962839e+02	8.33146543e+01
1209	1.98656498e+01	1.96109748e+02	8.47320086e+01
1210	1.99115145e+01	2.01326961e+02	8.62759861e+01
1211	1.99573792e+01	2.06606582e+02	8.79539412e+01
1212	2.00032439e+01	2.11939589e+02	8.97737557e+01
1213	2.00491086e+01	2.17315744e+02	9.17438610e+01
1214	2.00949733e+01	2.22723501e+02	9.38732578e+01
1215	2.01408381e+01	2.28149913e+02	9.61715308e+01
1216	2.01867028e+01	2.33580537e+02	9.86488599e+01
1217	2.02325675e+01	2.38999345e+02	1.01316023e+02
1218	2.02784322e+01	2.44388638e+02	1.04184390e+02
1219	2.03242969e+01	2.49728969e+02	1.07265909e+02
1220	2.03701616e+01	2.54999073e+02	1.10573072e+02
1221	2.04160263e+01	2.60175820e+02	1.14118870e+02
1222	2.04618911e+01	2.65234179e+02	1.17916727e+02
1223	2.05077558e+01	2.70147213e+02	1.21980406e+02
1224	2.05536205e+01	2.74886104e+02	1.26323892e+02
1225	2.05948987e+01	2.78977398e+02	1.30483685e+02
1226	2.06361770e+01	2.82879354e+02	1.34891689e+02
1227	2.06774552e+01	2.86567413e+02	1.39557873e+02
1228	2.07146056e+01	2.89683130e+02	1.43985998e+02
1229	2.07517561e+01	2.92585895e+02	1.48637674e+02
1230	2.07889065e+01	2.95256237e+02	1.53519049e+02
1231	2.08223419e+01	2.97444815e+02	1.58113199e+02
1232	2.08557772e+01	2.99414733e+02	1.62901420e+02
1233	2.08892126e+01	3.01151604e+02	1.67886623e+02
1234	2.09226480e+01	3.02641217e+02	1.73071016e+02
1235	2.09560834e+01	3.03869664e+02	1.78455998e+02
1236	2.09895187e+01	3.04823485e+02	1.84042042e+02
1237	2.10196106e+01	3.05436647e+02	1.89240972e+02
1238	2.10497024e+01	3.05808071e+02	1.94601132e+02
1239	2.10797943e+01	3.05929503e+02	2.00120485e+02
1240	2.11098861e+01	3.05793392e+02	2.05796097e+02
1241	2.11399779e+01	3.05392995e+02	2.11624073e+02
1242	2.11700698e+01	3.04722483e+02	2.17599496e+02
1243	2.12001616e+01	3.03777038e+02	2.23716374e+02
1244	2.12302534e+01	3.02552956e+02	2.29967593e+02
1245	2.12603453e+01	3.01047736e+02	2.36344879e+02
1246	2.12904371e+01	2.99260169e+02	2.42838776e+02
1247	2.13205290e+01	2.97190405e+02	2.49438627e+02
1248	2.13506208e+01	2.94840020e+02	2.56132584e+02
1249	2.13807126e+01	2.92212062e+02	2.62907619e+02
1250	2.14108045e+01	2.89311081e+02	2.69749559e+02
1251	2.14408963e+01	2.86143146e+02	2.76643145e+02
1252	2.14709882e+01	2.82715831e+02	2.83572094e+02
1253	2.15010800e+01	2.79038197e+02	2.90519195e+02
1254	2.15311718e+01	2.75120740e+02	2.97466412e+02
1255	2.15612637e+01	2.70975326e+02	3.04395008e+02
1256	2.15913555e+01	2.66615100e+02	3.11285687e+02
1257	2.16214474e+01	2.62054383e+02	3.18118742e+02
1258	2.16515392e+01	2.57308544e+02	3.24874221e+02
1259	2.16816310e+01	2.52393862e+02	3.31532102e+02
1260	2.17117229e+01	2.47327375e+02	3.38072465e+02
1261	2.17418147e+01	2.42126714e+02	3.44475674e+02
1262	2.17719065e+01	2.36809937e+02	3.50722556e+02
1263	2.18019984e+01	2.31395352e+02	3.56794573e+02
1264	2.18320902e+01	2.25901349e+02	3.62673985e+02
1265	2.18621821e+01	2.20346227e+02	3.68344009e+02
1266	2.18922739e+01	2.14748032e+02	3.73788954e+02
1267	2.19223657e+01	2.09124399e+02	3.78994347e+02
1268	2.19524576e+01	2.03492417e+02	3.83947036e+02
1269	2.19825494e+01	1.97868493e+02	3.88635277e+02
1270	2.20126413e+01	1.92268241e+02	3.93048801e+02
1271	2.20427331e+01	1.86706388e+02	3.97178855e+02
1272	2.20728249e+01	1.81196693e+02	4.01018225e+02
1273	2.21029168e+01	1.75751886e+02	4.04561241e+02
1274	2.21330086e+01	1.70383623e+02	4.07803764e+02
1275	2.21631005e+01	1.65102462e+02	4.10743147e+02
1276	2.21931923e+01	1.59917849e+02	4.13378192e+02
1277	2.22232841e+01	1.54838122e+02	4.15709083e+02
1278	2.22533760e+01	1.49870531e+02	4.17737316e+02
1279	2.22834678e+01	1.45021261e+02	4.19465611e+02
1280	2.23135597e+01	1.40295477e+02	4.20897824e+02
1281	2.23436515e+01	1.35697364e+02	4.22038848e+02
1282	2.23737433e+01	1.31230186e+02	4.22894517e+02
1283	2.24038352e+01	1.26896344e+02	4.23471498e+02
1284	2.24339270e+01	1.22697433e+02	4.23777195e+02
1285	2.24640188e+01	1.18634313e+02	4.23819648e+02
1286	2.24941107e+01	1.14707172e+02	4.23607434e+02
1287	2.25242025e+01	1.10915589e+02	4.23149577e+02
1288	2.25542944e+01	1.07258601e+02	4.22455454e+02
1289	2.25843862e+01	1.03734762e+02	4.21534716e+02
1290	2.26144780e+01	1.00342208e+02	4.20397212e+02
1291	2.26445699e+01	9.70787088e+01	4.19052911e+02
1292	2.26746617e+01	9.39417236e+01	4.17511843e+02
1293	2.27047536e+01	9.09284509e+01	4.15784036e+02
1294	2.27348454e+01	8.80358745e+01	4.13879465e+02
1295	2.27649372e+01	8.52608057e+01	4.11808005e+02
1296	2.27950291e+01	8.25999223e+01	4.09579390e+02
1297	2.28251209e+01	8.00498031e+01	4.07203177e+02
1298	2.28552128e+01	7.76069592e+01	4.04688716e+02
1299	2.28853046e+01	7.52678621e+01	4.02045124e+02
1300	2.29153964e+01	7.30289682e+01	3.99281265e+02
1301	2.29454883e+01	7.08867400e+01	3.96405732e+02
1302	2.29755801e+01	6.88376651e+01	3.93426834e+02
1303	2.30056719e+01	6.68782722e+01	3.90352589e+02
1304	2.30357638e+01	6.50051445e+01	3.87190712e+02
1305	2.30658556e+01	6.32149314e+01	3.83948614e+02
1306	2.30959475e+01	6.15043577e+01	3.80633400e+02
1307	2.31260393e+01	5.98702314e+01	3.77251870e+02
1308	2.31561311e+01	5.83094499e+01	3.73810519e+02
1309	2.31862230e+01	5.68190045e+01	3.70315541e+02
1310	2.32163148e+01	5.53959835e+01	3.66772837e+02
1311	2.32464067e+01	5.40375755e+01	3.63188014e+02
1312	2.32764985e+01	5.27410695e+01	3.59566400e+02
1313	2.33065903e+01	5.15038566e+01	3.55913046e+02
1314	2.33366822e+01	5.03234293e+01	3.52232736e+02
1315	2.33667740e+01	4.91973806e+01	3.48529995e+02
1316	2.33968659e+01	4.81234033e+01	3.44809098e+02
1317	2.34269577e+01	4.70992881e+01	3.41074080e+02
1318	2.34570495e+01	4.61229214e+01	3.37328744e+02
1319	2.34871414e+01	4.51922833e+01	3.33576670e+02
1320	2.35172332e+01	4.43054451e+01	3.29821225e+02
1321	2.35473251e+01	4.34605664e+01	3.26065572e+02
1322	2.35774169e+01	4.26558928e+01	3.22312679e+02
1323	2.36075087e+01	4.18897524e+01	3.18565327e+02
1324	2.36376006e+01	4.11605535e+01	3.14826120e+02
1325	2.36676924e+01	4.04667813e+01	3.11097493e+02
1326	2.36977842e+01	3.98069951e+01	3.07381719e+02
1327	2.37278761e+01	3.91798252e+01	3.03680919e+02
1328	2.37579679e+01	3.85839704e+01	2.99997067e+02
1329	2.37880598e+01	3.80181947e+01	2.96332001e+02
1330	2.38181516e+01	3.74813250e+01	2.92687427e+02
1331	2.38482434e+01	3.69722480e+01	2.89064927e+02
1332	2.38783353e+01	3.64899077e+01	2.85465966e+02
1333	2.39084271e+01	3.60333031e+01	2.81891896e+02
1334	2.39385190e+01	3.56014855e+01	2.78343967e+02
1335	2.39686108e+01	3.51935559e+01	2.74823327e+02
1336	2.39987026e+01	3.48086635e+01	2.71331030e+02
1337	2.40287945e+01	3.44460027e+01	2.67868044e+02
1338	2.40588863e+01	3.41048113e+01	2.64435250e+02
1339	2.40889782e+01	3.37843686e+01	2.61033452e+02
1340	2.41190700e+01	3.34839937e+01	2.57663378e+02
1341	2.41491618e+01	3.32030428e+01	2.54325689e+02
1342	2.41792537e+01	3.29409087e+01	2.51020977e+02
1343	2.42093455e+01	3.26970179e+01	2.47749772e+02
1344	2.42394373e+01	3.24708300e+01	2.44512546e+02
1345	2.42695292e+01	3.22618357e+01	2.41309718e+02
1346	2.42996210e+01	3.20695554e+01	2.38141651e+02
1347	2.43297129e+01	3.18935380e+01	2.35008663e+02
1348	2.43598047e+01	3.17333596e+01	2.31911025e+02
1349	2.43898965e+01	3.15886221e+01	2.28848965e+02
1350	2.44199884e+01	3.14589524e+01	2.25822672e+02
1351	2.44500802e+01	3.13440009e+01	2.22832296e+02
1352	2.44801721e+01	3.12434406e+01	2.19877952e+02
1353	2.45102639e+01	3.11569665e+01	2.16959723e+02
1354	2.45403557e+01	3.10842942e+01	2.14077660e+02
1355	2.45704476e+01	3.10251591e+01	2.11231786e+02
1356	2.46005394e+01	3.09793158e+01	2.08422096e+02
1357	2.46306313e+01	3.09465372e+01	2.05648562e+02
1358	2.46607231e+01	3.09266137e+01	2.02911130e+02
1359	2.46908149e+01	3.09193529e+01	2.00209726e+02
1360	2.47209068e+01	3.09245782e+01	1.97544255e+02
1361	2.47509986e+01	3.09421290e+01	1.94914603e+02
1362	2.47810905e+01	3.09718595e+01	1.92320639e+02
1363	2.48412741e+01	3.10672945e+01	1.87239086e+02
1364	2.49014578e+01	3.12100683e+01	1.82298317e+02
1365	2.49616415e+01	3.13995058e+01	1.77496779e+02
1366	2.50218252e+01	3.16351296e+01	1.72832747e+02
1367	2.50820088e+01	3.19166478e+01	1.68304353e+02
1368	2.51421925e+01	3.22439442e+01	1.63909610e+02
1369	2.52023762e+01	3.26170699e+01	1.59646433e+02
1370	2.52625599e+01	3.30362358e+01	1.55512666e+02
1371	2.53227436e+01	3.35018060e+01	1.51506093e+02
1372	2.53829272e+01	3.40142929e+01	1.47624456e+02
1373	2.54431109e+01	3.45743522e+01	1.43865475e+02
1374	2.55032946e+01	3.51827794e+01	1.40226851e+02
1375	2.55634783e+01	3.58405066e+01	1.36706289e+02
1376	2.56236619e+01	3.65486002e+01	1.33301498e+02
1377	2.56838456e+01	3.73082590e+01	1.30010208e+02
1378	2.57440293e+01	3.81208126e+01	1.26830174e+02
1379	2.58042130e+01	3.89877210e+01	1.23759187e+02
1380	2.58643967e+01	3.99105731e+01	1.20795077e+02
1381	2.59245803e+01	4.08910875e+01	1.17935724e+02
1382	2.59847640e+01	4.19311119e+01	1.15179060e+02
1383	2.60449477e+01	4.30326236e+01	1.12523078e+02
1384	2.61051314e+01	4.41977298e+01	1.09965833e+02
1385	2.61653150e+01	4.54286683e+01	1.07505451e+02
1386	2.62254987e+01	4.67278082e+01	1.05140131e+02
1387	2.62856824e+01	4.80976502e+01	1.02868150e+02
1388	2.63458661e+01	4.95408278e+01	1.00687869e+02
1389	2.64060498e+01	5.10601072e+01	9.85977348e+01
1390	2.64662334e+01	5.26583879e+01	9.65962861e+01
1391	2.65264171e+01	5.43387026e+01	9.46821586e+01
1392	2.65866008e+01	5.61042170e+01	9.28540884e+01
1393	2.66467845e+01	5.79582290e+01	9.11109179e+01
1394	2.67069681e+01	5.99041675e+01	8.94516008e+01
1395	2.67671518e+01	6.19455900e+01	8.78752076e+01
1396	2.68273355e+01	6.40861806e+01	8.63809322e+01
1397	2.68875192e+01	6.63297456e+01	8.49680979e+01
1398	2.69477029e+01	6.86802088e+01	8.36361650e+01
1399	2.70078865e+01	7.11416059e+01	8.23847389e+01
1400	2.70680702e+01	7.37180763e+01	8.12135782e+01
1401	2.71282539e+01	7.64138541e+01	8.01226048e+01
1402	2.71884376e+01	7.92332567e+01	7.91119142e+01
1403	2.72486212e+01	8.21806714e+01	7.81817875e+01
1404	2.73088049e+01	8.52605388e+01	7.73327038e+01
1405	2.73689886e+01	8.84773340e+01	7.65653554e+01
1406	2.74291723e+01	9.18355438e+01	7.58806630e+01
1407	2.74893560e+01	9.53396406e+01	7.52797940e+01
1408	2.75495396e+01	9.89940513e+01	7.47641820e+01
1409	2.76097233e+01	1.02803122e+02	7.43355485e+01
1410	2.76699070e+01	1.06771076e+02	7.39959276e+01
1411	2.77300907e+01	1.10901966e+02	7.37476925e+01
1412	2.77902744e+01	1.15199623e+02	7.35935862e+01
1413	2.78504580e+01	1.19667588e+02	7.35367539e+01
1414	2.79106417e+01	1.24309045e+02	7.35807803e+01
1415	2.79708254e+01	1.29126738e+02	7.37297304e+01
1416	2.80310091e+01	1.34122876e+02	7.39881942e+01
1417	2.80911927e+01	1.39299036e+02	7.43613364e+01
1418	2.81513764e+01	1.44656036e+02	7.48549513e+01
1419	2.82115601e+01	1.50193807e+02	7.54755223e+01
1420	2.82717438e+01	1.55911241e+02	7.62302875e+01
1421	2.83319275e+01	1.61806028e+02	7.71273108e+01
1422	2.83921111e+01	1.67874463e+02	7.81755589e+01
1423	2.84522948e+01	1.74111244e+02	7.93849840e+01
1424	2.85124785e+01	1.80509246e+02	8.07666116e+01
1425	2.85726622e+01	1.87059262e+02	8.23326339e+01
1426	2.86328458e+01	1.93749739e+02	8.40965052e+01
1427	2.86930295e+01	2.00566474e+02	8.60730411e+01
1428	2.87532132e+01	2.07492304e+02	8.82785151e+01
1429	2.88133969e+01	2.14506763e+02	9.07307526e+01
1430	2.88735806e+01	2.21585738e+02	9.34492154e+01
1431	2.89337642e+01	2.28701099e+02	9.64550710e+01
1432	2.89939479e+01	2.35820350e+02	9.97712390e+01
1433	2.90541316e+01	2.42906268e+02	1.03422403e+02
1434	2.91143153e+01	2.49916587e+02	1.07434978e+02
1435	2.91744989e+01	2.56803721e+02	1.11837012e+02
1436	2.92346826e+01	2.63514560e+02	1.16658005e+02
1437	2.92888479e+01	2.69356096e+02	1.21380000e+02
1438	2.93430132e+01	2.74960765e+02	1.26489105e+02
1439	2.93971786e+01	2.80278329e+02	1.32008411e+02
1440	2.94459273e+01	2.84775295e+02	1.37345086e+02
1441	2.94898012e+01	2.88553449e+02	1.42461158e+02
1442	2.95336751e+01	2.92043913e+02	1.47885636e+02
1443	2.95775490e+01	2.95214802e+02	1.53628828e+02
1444	2.96214229e+01	2.98033724e+02	1.59699884e+02
1445	2.96609095e+01	3.00243393e+02	1.65450437e+02
1446	2.97003960e+01	3.02118068e+02	1.71477110e+02
1447	2.97398825e+01	3.03634665e+02	1.77782729e+02
1448	2.97793690e+01	3.04770886e+02	1.84368389e+02
1449	2.98188555e+01	3.05505566e+02	1.91233194e+02
1450	2.98583420e+01	3.05819044e+02	1.98373986e+02
1451	2.98938799e+01	3.05726537e+02	2.05032146e+02
1452	2.99294177e+01	3.05267019e+02	2.11903268e+02
1453	2.99649556e+01	3.04430850e+02	2.18979322e+02
1454	3.00000000e+01	3.03229986e+02	2.26147977e+02
End of Xyce(TM) Simulation
