V(g) I(d) I(g) I(s) I(b)
1.00000 -2.621635e-10 5.032803e-10 -4.901975e-10 2.490807e-10
0.99 -2.609606e-10 4.912615e-10 -4.793816e-10 2.490807e-10
0.98 -2.598677e-10 4.795381e-10 -4.687512e-10 2.490807e-10
0.97 -2.588771e-10 4.680977e-10 -4.583013e-10 2.490807e-10
0.96 -2.579811e-10 4.569269e-10 -4.480265e-10 2.490807e-10
0.95 -2.571719e-10 4.460125e-10 -4.379214e-10 2.490807e-10
0.94 -2.564416e-10 4.353413e-10 -4.279805e-10 2.490807e-10
0.93 -2.55783e-10 4.249009e-10 -4.181987e-10 2.490807e-10
0.92 -2.551891e-10 4.146795e-10 -4.085711e-10 2.490807e-10
0.91 -2.546536e-10 4.046665e-10 -3.990936e-10 2.490807e-10
0.9 -2.541706e-10 3.948519e-10 -3.897621e-10 2.490807e-10
0.89 -2.537346e-10 3.852271e-10 -3.805732e-10 2.490807e-10
0.88 -2.533408e-10 3.75784e-10 -3.715239e-10 2.490807e-10
0.87 -2.529849e-10 3.665157e-10 -3.626115e-10 2.490807e-10
0.86 -2.526628e-10 3.574159e-10 -3.538339e-10 2.490807e-10
0.85 -2.52371e-10 3.484793e-10 -3.45189e-10 2.490807e-10
0.84 -2.521065e-10 3.39701e-10 -3.366752e-10 2.490807e-10
0.83 -2.518664e-10 3.310769e-10 -3.282912e-10 2.490807e-10
0.82 -2.516481e-10 3.226033e-10 -3.200359e-10 2.490807e-10
0.81 -2.514495e-10 3.14277e-10 -3.119082e-10 2.490807e-10
0.8 -2.512685e-10 3.060953e-10 -3.039075e-10 2.490807e-10
0.79 -2.511035e-10 2.980558e-10 -2.960331e-10 2.490807e-10
0.78 -2.509528e-10 2.901564e-10 -2.882844e-10 2.490807e-10
0.77 -2.50815e-10 2.823952e-10 -2.80661e-10 2.490807e-10
0.76 -2.506888e-10 2.747706e-10 -2.731625e-10 2.490807e-10
0.75 -2.505732e-10 2.672811e-10 -2.657886e-10 2.490807e-10
0.74 -2.504672e-10 2.599255e-10 -2.58539e-10 2.490807e-10
0.73 -2.503698e-10 2.527026e-10 -2.514135e-10 2.490807e-10
0.72 -2.502803e-10 2.456114e-10 -2.444118e-10 2.490807e-10
0.71 -2.501979e-10 2.386509e-10 -2.375337e-10 2.490807e-10
0.7 -2.50122e-10 2.318202e-10 -2.307789e-10 2.490807e-10
0.69 -2.500521e-10 2.251185e-10 -2.241471e-10 2.490807e-10
0.68 -2.499875e-10 2.185449e-10 -2.176381e-10 2.490807e-10
0.67 -2.499279e-10 2.120988e-10 -2.112516e-10 2.490807e-10
0.66 -2.498729e-10 2.057792e-10 -2.049871e-10 2.490807e-10
0.65 -2.49822e-10 1.995855e-10 -1.988442e-10 2.490807e-10
0.64 -2.497749e-10 1.935168e-10 -1.928227e-10 2.490807e-10
0.63 -2.497314e-10 1.875725e-10 -1.869219e-10 2.490807e-10
0.62 -2.496911e-10 1.817516e-10 -1.811413e-10 2.490807e-10
0.61 -2.496538e-10 1.760534e-10 -1.754803e-10 2.490807e-10
0.6 -2.496194e-10 1.704771e-10 -1.699384e-10 2.490807e-10
0.59 -2.495877e-10 1.650216e-10 -1.645147e-10 2.490807e-10
0.58 -2.495585e-10 1.596863e-10 -1.592085e-10 2.490807e-10
0.57 -2.495317e-10 1.5447e-10 -1.54019e-10 2.490807e-10
0.56 -2.495073e-10 1.493718e-10 -1.489452e-10 2.490807e-10
0.55 -2.494852e-10 1.443906e-10 -1.439862e-10 2.490807e-10
0.54 -2.494655e-10 1.395255e-10 -1.391408e-10 2.490807e-10
0.53 -2.494481e-10 1.347753e-10 -1.344079e-10 2.490807e-10
0.52 -2.494333e-10 1.301387e-10 -1.297861e-10 2.490807e-10
0.51 -2.494213e-10 1.256147e-10 -1.252741e-10 2.490807e-10
0.5 -2.494124e-10 1.21202e-10 -1.208704e-10 2.490807e-10
0.49 -2.494069e-10 1.168992e-10 -1.16573e-10 2.490807e-10
0.48 -2.494055e-10 1.12705e-10 -1.123802e-10 2.490807e-10
0.47 -2.49409e-10 1.08618e-10 -1.082897e-10 2.490807e-10
0.46 -2.494184e-10 1.046368e-10 -1.042991e-10 2.490807e-10
0.45 -2.494351e-10 1.007598e-10 -1.004055e-10 2.490807e-10
0.44 -2.494607e-10 9.69855e-11 -9.66055e-11 2.490807e-10
0.43 -2.494977e-10 9.33122e-11 -9.28953e-11 2.490807e-10
0.42 -2.495489e-10 8.97383e-11 -8.92702e-11 2.490807e-10
0.41 -2.496182e-10 8.62621e-11 -8.57247e-11 2.490807e-10
0.4 -2.497104e-10 8.28816e-11 -8.22519e-11 2.490807e-10
0.39 -2.498321e-10 7.95949e-11 -7.88436e-11 2.490807e-10
0.38 -2.499915e-10 7.64001e-11 -7.54894e-11 2.490807e-10
0.37 -2.501991e-10 7.3295e-11 -7.21766e-11 2.490807e-10
0.36 -2.504688e-10 7.02772e-11 -6.88892e-11 2.490807e-10
0.35 -2.508183e-10 6.73444e-11 -6.56068e-11 2.490807e-10
0.34 -2.512707e-10 6.44938e-11 -6.23038e-11 2.490807e-10
0.33 -2.518555e-10 6.17223e-11 -5.89475e-11 2.490807e-10
0.32 -2.526113e-10 5.90268e-11 -5.54962e-11 2.490807e-10
0.31 -2.535875e-10 5.64034e-11 -5.18966e-11 2.490807e-10
0.3 -2.548486e-10 5.38478e-11 -4.80799e-11 2.490807e-10
0.29 -2.564775e-10 5.13551e-11 -4.39584e-11 2.490807e-10
0.28 -2.58582e-10 4.89198e-11 -3.94185e-11 2.490807e-10
0.27 -2.613014e-10 4.65353e-11 -3.43146e-11 2.490807e-10
0.26 -2.648164e-10 4.41945e-11 -2.84588e-11 2.490807e-10
0.25 -2.693612e-10 4.18895e-11 -2.16091e-11 2.490807e-10
0.24 -2.752391e-10 3.96121e-11 -1.34537e-11 2.490807e-10
0.23 -2.82844e-10 3.73543e-11 -3.591e-12 2.490807e-10
0.22 -2.926866e-10 3.51092e-11 8.4968e-12 2.490807e-10
0.21 -3.054299e-10 3.28721e-11 2.34771e-11 2.490807e-10
0.2 -3.219345e-10 3.06419e-11 4.22119e-11 2.490807e-10
0.19 -3.433183e-10 2.84215e-11 6.5816e-11 2.490807e-10
0.18 -3.710333e-10 2.62186e-11 9.5734e-11 2.490807e-10
0.17 -4.069668e-10 2.40446e-11 1.338415e-10 2.490807e-10
0.16 -4.53572e-10 2.19136e-11 1.825777e-10 2.490807e-10
0.15 -5.140388e-10 1.98406e-11 2.451175e-10 2.490807e-10
0.14 -5.925168e-10 1.78397e-11 3.255963e-10 2.490807e-10
0.13 -6.944047e-10 1.59232e-11 4.294009e-10 2.490807e-10
0.12 -8.267294e-10 1.41002e-11 5.635485e-10 2.490807e-10
0.11 -9.986389e-10 1.23772e-11 7.371809e-10 2.490807e-10
0.1 -1.222e-09 1.07581e-11 9.622073e-10 2.490807e-10
0.09 -1.5125e-09 9.2443e-12 1.2541e-09 2.490807e-10
0.08 -1.8901e-09 7.8355e-12 1.6332e-09 2.490807e-10
0.07 -2.3814e-09 6.53e-12 2.1258e-09 2.490807e-10
0.06 -3.0206e-09 5.3252e-12 2.7662e-09 2.490807e-10
0.05 -3.8525e-09 4.218e-12 3.5992e-09 2.490807e-10
0.04 -4.9356e-09 3.2047e-12 4.6833e-09 2.490807e-10
0.03 -6.3461e-09 2.2818e-12 6.0947e-09 2.490807e-10
0.02 -8.1835e-09 1.4455e-12 7.933e-09 2.490807e-10
0.01 -1.05776e-08 6.923792e-13 1.03278e-08 2.490807e-10
0. -1.3698e-08 1.89741e-14 1.34489e-08 2.490807e-10
-0.01 -1.77659e-08 -6.426229e-13 1.75175e-08 2.490807e-10
-0.02 -2.30704e-08 -1.3567e-12 2.28227e-08 2.490807e-10
-0.03 -2.99892e-08 -2.1198e-12 2.97422e-08 2.490807e-10
-0.04 -3.90154e-08 -2.9262e-12 3.87692e-08 2.490807e-10
-0.05 -5.07933e-08 -3.7684e-12 5.0548e-08 2.490807e-10
-0.06 -6.61649e-08 -4.6383e-12 6.59204e-08 2.490807e-10
-0.07 -8.62299e-08 -5.5279e-12 8.59864e-08 2.490807e-10
-0.08 -1.12425e-07 -6.4317e-12 1.121824e-07 2.490807e-10
-0.09 -1.466265e-07 -7.3479e-12 1.463848e-07 2.490807e-10
-0.1 -1.912837e-07 -8.2802e-12 1.910429e-07 2.490807e-10
-0.11 -2.495926e-07 -9.2379e-12 2.493528e-07 2.490807e-10
-0.12 -3.257199e-07 -1.02363e-11 3.25481e-07 2.490807e-10
-0.13 -4.250919e-07 -1.12963e-11 4.248541e-07 2.490807e-10
-0.14 -5.547647e-07 -1.24449e-11 5.545281e-07 2.490807e-10
-0.15 -7.238953e-07 -1.37151e-11 7.236599e-07 2.490807e-10
-0.16 -9.44335e-07 -1.5148e-11 9.441011e-07 2.490807e-10
-0.17 -1.2314e-06 -1.67941e-11 1.2311e-06 2.490807e-10
-0.18 -1.6046e-06 -1.87164e-11 1.6044e-06 2.490807e-10
-0.19 -2.0891e-06 -2.09927e-11 2.0889e-06 2.490807e-10
-0.2 -2.7165e-06 -2.37198e-11 2.7163e-06 2.490807e-10
-0.21 -3.5266e-06 -2.70162e-11 3.5263e-06 2.490807e-10
-0.22 -4.5684e-06 -3.10254e-11 4.5682e-06 2.490807e-10
-0.23 -5.9018e-06 -3.59171e-11 5.9016e-06 2.490807e-10
-0.24 -7.5982e-06 -4.18874e-11 7.598e-06 2.490807e-10
-0.25 -9.7407e-06 -4.91552e-11 9.7405e-06 2.490807e-10
-0.26 -1.24233e-05 -5.7955e-11 1.24231e-05 2.490807e-10
-0.27 -1.57483e-05 -6.85272e-11 1.57481e-05 2.490807e-10
-0.28 -1.98225e-05 -8.11051e-11 1.98223e-05 2.490807e-10
-0.29 -2.47517e-05 -9.59014e-11 2.47515e-05 2.490807e-10
-0.3 -3.06339e-05 -1.130972e-10 3.06338e-05 2.490807e-10
-0.31 -3.75527e-05 -1.328327e-10 3.75525e-05 2.490807e-10
-0.32 -4.55707e-05 -1.552035e-10 4.55706e-05 2.490807e-10
-0.33 -5.47252e-05 -1.802596e-10 5.47251e-05 2.490807e-10
-0.34 -6.50259e-05 -2.080087e-10 6.50259e-05 2.490807e-10
-0.35 -7.64552e-05 -2.384214e-10 7.64552e-05 2.490807e-10
-0.36 -8.89704e-05 -2.714388e-10 8.89704e-05 2.490807e-10
-0.37 -0.000102509 -3.069816e-10 0.000102509 2.490807e-10
-0.38 -0.000116993 -3.449598e-10 0.0001169931 2.490807e-10
-0.39 -0.0001323354 -3.852817e-10 0.0001323355 2.490807e-10
-0.4 -0.000148444 -4.278618e-10 0.0001484442 2.490807e-10
-0.41 -0.0001652266 -4.726259e-10 0.0001652268 2.490807e-10
-0.42 -0.000182593 -5.195147e-10 0.0001825933 2.490807e-10
-0.43 -0.0002004581 -5.684855e-10 0.0002004584 2.490807e-10
-0.44 -0.0002187424 -6.195114e-10 0.0002187427 2.490807e-10
-0.45 -0.0002373728 -6.725805e-10 0.0002373733 2.490807e-10
-0.46 -0.0002562834 -7.276943e-10 0.0002562838 2.490807e-10
-0.47 -0.0002754143 -7.848654e-10 0.0002754148 2.490807e-10
-0.48 -0.0002947122 -8.441162e-10 0.0002947128 2.490807e-10
-0.49 -0.0003141295 -9.054764e-10 0.0003141302 2.490807e-10
-0.5 -0.000333624 -9.689823e-10 0.0003336247 2.490807e-10
-0.51 -0.0003531582 -1.0347e-09 0.000353159 2.490807e-10
-0.52 -0.000372699 -1.1026e-09 0.0003726998 2.490807e-10
-0.53 -0.0003922172 -1.1728e-09 0.0003922181 2.490807e-10
-0.54 -0.0004116869 -1.2453e-09 0.0004116879 2.490807e-10
-0.55 -0.0004310856 -1.3202e-09 0.0004310867 2.490807e-10
-0.56 -0.0004503932 -1.3976e-09 0.0004503944 2.490807e-10
-0.57 -0.0004695923 -1.4774e-09 0.0004695935 2.490807e-10
-0.58 -0.0004886674 -1.5598e-09 0.0004886687 2.490807e-10
-0.59 -0.0005076052 -1.6447e-09 0.0005076065 2.490807e-10
-0.6 -0.0005263937 -1.7323e-09 0.0005263952 2.490807e-10
-0.61 -0.0005450228 -1.8226e-09 0.0005450244 2.490807e-10
-0.62 -0.0005634836 -1.9156e-09 0.0005634853 2.490807e-10
-0.63 -0.0005817683 -2.0114e-09 0.0005817701 2.490807e-10
-0.64 -0.0005998704 -2.1101e-09 0.0005998722 2.490807e-10
-0.65 -0.000617784 -2.2116e-09 0.000617786 2.490807e-10
-0.66 -0.0006355044 -2.3161e-09 0.0006355064 2.490807e-10
-0.67 -0.0006530274 -2.4235e-09 0.0006530296 2.490807e-10
-0.68 -0.0006703496 -2.534e-09 0.0006703519 2.490807e-10
-0.69 -0.0006874682 -2.6476e-09 0.0006874706 2.490807e-10
-0.7 -0.000704381 -2.7642e-09 0.0007043835 2.490807e-10
-0.71 -0.000721086 -2.884e-09 0.0007210887 2.490807e-10
-0.72 -0.0007375821 -3.007e-09 0.0007375849 2.490807e-10
-0.73 -0.0007538682 -3.1331e-09 0.000753871 2.490807e-10
-0.74 -0.0007699436 -3.2626e-09 0.0007699466 2.490807e-10
-0.75 -0.0007858081 -3.3953e-09 0.0007858113 2.490807e-10
-0.76 -0.0008014617 -3.5313e-09 0.000801465 2.490807e-10
-0.77 -0.0008169046 -3.6706e-09 0.000816908 2.490807e-10
-0.78 -0.0008321372 -3.8133e-09 0.0008321407 2.490807e-10
-0.79 -0.0008471602 -3.9594e-09 0.0008471639 2.490807e-10
-0.8 -0.0008619744 -4.1089e-09 0.0008619782 2.490807e-10
-0.81 -0.0008765808 -4.2618e-09 0.0008765848 2.490807e-10
-0.82 -0.0008909805 -4.4181e-09 0.0008909847 2.490807e-10
-0.83 -0.0009051749 -4.5778e-09 0.0009051792 2.490807e-10
-0.84 -0.0009191652 -4.741e-09 0.0009191697 2.490807e-10
-0.85 -0.0009329531 -4.9076e-09 0.0009329577 2.490807e-10
-0.86 -0.0009465399 -5.0777e-09 0.0009465448 2.490807e-10
-0.87 -0.0009599275 -5.2512e-09 0.0009599325 2.490807e-10
-0.88 -0.0009731175 -5.4281e-09 0.0009731227 2.490807e-10
-0.89 -0.0009861117 -5.6085e-09 0.000986117 2.490807e-10
-0.9 -0.0009989119 -5.7923e-09 0.0009989174 2.490807e-10
-0.91 -0.0010115 -5.9796e-09 0.0010115 2.490807e-10
-0.92 -0.0010239 -6.1702e-09 0.0010239 2.490807e-10
-0.93 -0.0010362 -6.3642e-09 0.0010362 2.490807e-10
-0.94 -0.0010482 -6.5616e-09 0.0010482 2.490807e-10
-0.95 -0.0010601 -6.7622e-09 0.0010601 2.490807e-10
-0.96 -0.0010717 -6.9662e-09 0.0010718 2.490807e-10
-0.97 -0.0010832 -7.1734e-09 0.0010833 2.490807e-10
-0.98 -0.0010946 -7.3838e-09 0.0010946 2.490807e-10
-0.99 -0.0011057 -7.5974e-09 0.0011057 2.490807e-10
-1.00000 -0.0011167 -7.8142e-09 0.0011167 2.490807e-10
-1.01000 -0.0011275 -8.034e-09 0.0011275 2.490807e-10
-1.02000 -0.0011381 -8.2569e-09 0.0011381 2.490807e-10
-1.03000 -0.0011486 -8.4827e-09 0.0011486 2.490807e-10
-1.04000 -0.0011589 -8.7115e-09 0.0011589 2.490807e-10
-1.05000 -0.001169 -8.9431e-09 0.001169 2.490807e-10
-1.06000 -0.0011789 -9.1775e-09 0.001179 2.490807e-10
-1.07000 -0.0011888 -9.4146e-09 0.0011888 2.490807e-10
-1.08000 -0.0011984 -9.6543e-09 0.0011984 2.490807e-10
-1.09000 -0.0012079 -9.8966e-09 0.0012079 2.490807e-10
-1.10000 -0.0012172 -1.01414e-08 0.0012173 2.490807e-10
-1.11000 -0.0012264 -1.03886e-08 0.0012264 2.490807e-10
-1.12000 -0.0012355 -1.06381e-08 0.0012355 2.490807e-10
-1.13000 -0.0012444 -1.08899e-08 0.0012444 2.490807e-10
-1.14000 -0.0012531 -1.11437e-08 0.0012531 2.490807e-10
-1.15000 -0.0012617 -1.13996e-08 0.0012617 2.490807e-10
-1.16000 -0.0012702 -1.16574e-08 0.0012702 2.490807e-10
-1.17000 -0.0012785 -1.1917e-08 0.0012785 2.490807e-10
-1.18000 -0.0012867 -1.21784e-08 0.0012867 2.490807e-10
-1.19000 -0.0012947 -1.24413e-08 0.0012947 2.490807e-10
-1.20000 -0.0013027 -1.27057e-08 0.0013027 2.490807e-10
1.00000 -3.84014e-08 5.455892e-10 -5.11351e-10 3.83672e-08
0.99 -3.83992e-08 5.314382e-10 -4.99469e-10 3.83672e-08
0.98 -3.8397e-08 5.175991e-10 -4.877807e-10 3.83672e-08
0.97 -3.8395e-08 5.040771e-10 -4.7629e-10 3.83672e-08
0.96 -3.83931e-08 4.908739e-10 -4.64999e-10 3.83672e-08
0.95 -3.83913e-08 4.779884e-10 -4.539084e-10 3.83672e-08
0.94 -3.83896e-08 4.654172e-10 -4.430175e-10 3.83672e-08
0.93 -3.8388e-08 4.531548e-10 -4.323246e-10 3.83672e-08
0.92 -3.83866e-08 4.411943e-10 -4.218275e-10 3.83672e-08
0.91 -3.83852e-08 4.295278e-10 -4.115233e-10 3.83672e-08
0.9 -3.83839e-08 4.181467e-10 -4.014085e-10 3.83672e-08
0.89 -3.83828e-08 4.07042e-10 -3.914797e-10 3.83672e-08
0.88 -3.83817e-08 3.962046e-10 -3.817332e-10 3.83672e-08
0.87 -3.83807e-08 3.856253e-10 -3.721654e-10 3.83672e-08
0.86 -3.83797e-08 3.752953e-10 -3.627726e-10 3.83672e-08
0.85 -3.83789e-08 3.652058e-10 -3.535512e-10 3.83672e-08
0.84 -3.83781e-08 3.553486e-10 -3.44498e-10 3.83672e-08
0.83 -3.83773e-08 3.457159e-10 -3.356097e-10 3.83672e-08
0.82 -3.83766e-08 3.363001e-10 -3.268832e-10 3.83672e-08
0.81 -3.8376e-08 3.270943e-10 -3.183158e-10 3.83672e-08
0.8 -3.83754e-08 3.18092e-10 -3.099048e-10 3.83672e-08
0.79 -3.83748e-08 3.092871e-10 -3.016476e-10 3.83672e-08
0.78 -3.83743e-08 3.00674e-10 -2.93542e-10 3.83672e-08
0.77 -3.83739e-08 2.922475e-10 -2.855859e-10 3.83672e-08
0.76 -3.83734e-08 2.840026e-10 -2.777772e-10 3.83672e-08
0.75 -3.8373e-08 2.759349e-10 -2.701141e-10 3.83672e-08
0.74 -3.83726e-08 2.680402e-10 -2.625949e-10 3.83672e-08
0.73 -3.83723e-08 2.603146e-10 -2.552179e-10 3.83672e-08
0.72 -3.8372e-08 2.527546e-10 -2.479816e-10 3.83672e-08
0.71 -3.83717e-08 2.453568e-10 -2.408846e-10 3.83672e-08
0.7 -3.83714e-08 2.381181e-10 -2.339255e-10 3.83672e-08
0.69 -3.83711e-08 2.310355e-10 -2.27103e-10 3.83672e-08
0.68 -3.83709e-08 2.241064e-10 -2.204157e-10 3.83672e-08
0.67 -3.83707e-08 2.173282e-10 -2.138625e-10 3.83672e-08
0.66 -3.83705e-08 2.106984e-10 -2.074422e-10 3.83672e-08
0.65 -3.83703e-08 2.042147e-10 -2.011535e-10 3.83672e-08
0.64 -3.83701e-08 1.97875e-10 -1.949952e-10 3.83672e-08
0.63 -3.83699e-08 1.916771e-10 -1.889661e-10 3.83672e-08
0.62 -3.83698e-08 1.85619e-10 -1.83065e-10 3.83672e-08
0.61 -3.83696e-08 1.796987e-10 -1.772906e-10 3.83672e-08
0.6 -3.83695e-08 1.739143e-10 -1.716416e-10 3.83672e-08
0.59 -3.83693e-08 1.682641e-10 -1.661166e-10 3.83672e-08
0.58 -3.83692e-08 1.627461e-10 -1.607142e-10 3.83672e-08
0.57 -3.83691e-08 1.573585e-10 -1.554327e-10 3.83672e-08
0.56 -3.8369e-08 1.520997e-10 -1.502706e-10 3.83672e-08
0.55 -3.83689e-08 1.469678e-10 -1.452258e-10 3.83672e-08
0.54 -3.83689e-08 1.419612e-10 -1.402965e-10 3.83672e-08
0.53 -3.83688e-08 1.370781e-10 -1.354803e-10 3.83672e-08
0.52 -3.83687e-08 1.323167e-10 -1.307745e-10 3.83672e-08
0.51 -3.83687e-08 1.276753e-10 -1.261762e-10 3.83672e-08
0.5 -3.83687e-08 1.231522e-10 -1.216818e-10 3.83672e-08
0.49 -3.83687e-08 1.187456e-10 -1.172872e-10 3.83672e-08
0.48 -3.83687e-08 1.144537e-10 -1.129872e-10 3.83672e-08
0.47 -3.83687e-08 1.102747e-10 -1.08776e-10 3.83672e-08
0.46 -3.83688e-08 1.062069e-10 -1.04646e-10 3.83672e-08
0.45 -3.83689e-08 1.022483e-10 -1.005881e-10 3.83672e-08
0.44 -3.8369e-08 9.8397e-11 -9.65909e-11 3.83672e-08
0.43 -3.83692e-08 9.46512e-11 -9.26403e-11 3.83672e-08
0.42 -3.83695e-08 9.10089e-11 -8.87183e-11 3.83672e-08
0.41 -3.83699e-08 8.74681e-11 -8.48022e-11 3.83672e-08
0.4 -3.83704e-08 8.40267e-11 -8.08632e-11 3.83672e-08
0.39 -3.8371e-08 8.06825e-11 -7.68644e-11 3.83672e-08
0.38 -3.83719e-08 7.74334e-11 -7.27589e-11 3.83672e-08
0.37 -3.8373e-08 7.42769e-11 -6.84863e-11 3.83672e-08
0.36 -3.83744e-08 7.12106e-11 -6.39689e-11 3.83672e-08
0.35 -3.83763e-08 6.82319e-11 -5.91069e-11 3.83672e-08
0.34 -3.83788e-08 6.53378e-11 -5.37715e-11 3.83672e-08
0.33 -3.83819e-08 6.25253e-11 -4.77965e-11 3.83672e-08
0.32 -3.8386e-08 5.97909e-11 -4.09668e-11 3.83672e-08
0.31 -3.83913e-08 5.71307e-11 -3.30047e-11 3.83672e-08
0.3 -3.83982e-08 5.45403e-11 -2.35504e-11 3.83672e-08
0.29 -3.84071e-08 5.20146e-11 -1.21381e-11 3.83672e-08
0.28 -3.84186e-08 4.9548e-11 1.836e-12 3.83672e-08
0.27 -3.84335e-08 4.71339e-11 1.91545e-11 3.83672e-08
0.26 -3.84528e-08 4.47649e-11 4.08324e-11 3.83672e-08
0.25 -3.84778e-08 4.24333e-11 6.81862e-11 3.83672e-08
0.24 -3.85103e-08 4.01305e-11 1.029244e-10 3.83672e-08
0.23 -3.85523e-08 3.78486e-11 1.472648e-10 3.83672e-08
0.22 -3.86069e-08 3.55807e-11 2.040865e-10 3.83672e-08
0.21 -3.86777e-08 3.3322e-11 2.771294e-10 3.83672e-08
0.2 -3.87695e-08 3.10711e-11 3.712533e-10 3.83672e-08
0.19 -3.88888e-08 2.88311e-11 4.927771e-10 3.83672e-08
0.18 -3.90438e-08 2.66095e-11 6.499214e-10 3.83672e-08
0.17 -3.9245e-08 2.44177e-11 8.53387e-10 3.83672e-08
0.16 -3.95066e-08 2.22697e-11 1.1171e-09 3.83673e-08
0.15 -3.98467e-08 2.01805e-11 1.4592e-09 3.83673e-08
0.14 -4.02889e-08 1.8164e-11 1.9035e-09 3.83673e-08
0.13 -4.08642e-08 1.62325e-11 2.4806e-09 3.83673e-08
0.12 -4.16127e-08 1.4395e-11 3.2309e-09 3.83673e-08
0.11 -4.25869e-08 1.2658e-11 4.2069e-09 3.83674e-08
0.1 -4.38554e-08 1.10252e-11 5.4769e-09 3.83675e-08
0.09 -4.55073e-08 9.4979e-12 7.1303e-09 3.83675e-08
0.08 -4.76593e-08 8.0755e-12 9.2836e-09 3.83676e-08
0.07 -5.04634e-08 6.7563e-12 1.20889e-08 3.83678e-08
0.06 -5.41184e-08 5.5374e-12 1.57449e-08 3.83679e-08
0.05 -5.88836e-08 4.4153e-12 2.05111e-08 3.83681e-08
0.04 -6.5098e-08 3.3859e-12 2.67262e-08 3.83684e-08
0.03 -7.32042e-08 2.4451e-12 3.4833e-08 3.83688e-08
0.02 -8.37808e-08 1.5884e-12 4.541e-08 3.83693e-08
0.01 -9.7584e-08 8.114567e-13 5.92133e-08 3.83699e-08
0. -1.156022e-07 1.094713e-13 7.72314e-08 3.83707e-08
-0.01 -1.391276e-07 -5.871015e-13 1.007564e-07 3.83718e-08
-0.02 -1.698495e-07 -1.3448e-12 1.314777e-07 3.83732e-08
-0.03 -2.099768e-07 -2.1629e-12 1.71604e-07 3.8375e-08
-0.04 -2.623973e-07 -3.0396e-12 2.240229e-07 3.83774e-08
-0.05 -3.308861e-07 -3.9726e-12 2.925096e-07 3.83805e-08
-0.06 -4.203774e-07 -4.9601e-12 3.819978e-07 3.83845e-08
-0.07 -5.373172e-07 -6.003e-12 4.989334e-07 3.83898e-08
-0.08 -6.901232e-07 -7.107e-12 6.517336e-07 3.83967e-08
-0.09 -8.89778e-07 -8.2853e-12 8.513806e-07 3.84057e-08
-0.1 -1.1506e-06 -9.5606e-12 1.1122e-06 3.84175e-08
-0.11 -1.4912e-06 -1.09671e-11 1.4528e-06 3.84328e-08
-0.12 -1.9358e-06 -1.25517e-11 1.8974e-06 3.84527e-08
-0.13 -2.5157e-06 -1.43751e-11 2.4772e-06 3.84786e-08
-0.14 -3.2713e-06 -1.65136e-11 3.2328e-06 3.85122e-08
-0.15 -4.2546e-06 -1.90607e-11 4.216e-06 3.85556e-08
-0.16 -5.5316e-06 -2.21284e-11 5.493e-06 3.86115e-08
-0.17 -7.186e-06 -2.58484e-11 7.1474e-06 3.86832e-08
-0.18 -9.3224e-06 -3.03713e-11 9.2836e-06 3.87746e-08
-0.19 -1.20692e-05 -3.58632e-11 1.20303e-05 3.88902e-08
-0.2 -1.55818e-05 -4.25001e-11 1.55428e-05 3.9035e-08
-0.21 -2.00435e-05 -5.0458e-11 2.00044e-05 3.92146e-08
-0.22 -2.56647e-05 -5.99016e-11 2.56253e-05 3.94343e-08
-0.23 -3.26786e-05 -7.09722e-11 3.2639e-05 3.96991e-08
-0.24 -4.13351e-05 -8.37772e-11 4.12952e-05 4.00127e-08
-0.25 -5.18906e-05 -9.83843e-11 5.18503e-05 4.03776e-08
-0.26 -6.45977e-05 -1.148209e-10 6.4557e-05 4.07936e-08
-0.27 -7.96945e-05 -1.330776e-10 7.96534e-05 4.12586e-08
-0.28 -9.73961e-05 -1.531167e-10 9.73545e-05 4.17676e-08
-0.29 -0.0001178882 -1.748811e-10 0.0001178461 4.23137e-08
-0.3 -0.0001413243 -1.983036e-10 0.0001412816 4.2888e-08
-0.31 -0.0001678252 -2.233143e-10 0.0001677819 4.348e-08
-0.32 -0.0001974805 -2.498472e-10 0.0001974367 4.4079e-08
-0.33 -0.0002303518 -2.778429e-10 0.0002303074 4.46738e-08
-0.34 -0.0002664753 -3.07252e-10 0.0002664304 4.52536e-08
-0.35 -0.0003058661 -3.380354e-10 0.0003058206 4.58084e-08
-0.36 -0.0003485208 -3.701643e-10 0.0003484748 4.63292e-08
-0.37 -0.0003944208 -4.0362e-10 0.0003943743 4.68084e-08
-0.38 -0.0004435349 -4.38393e-10 0.0004434881 4.72395e-08
-0.39 -0.0004958214 -4.744821e-10 0.0004957742 4.76178e-08
-0.4 -0.00055123 -5.118932e-10 0.0005511825 4.79396e-08
-0.41 -0.0006097035 -5.506386e-10 0.0006096558 4.82029e-08
-0.42 -0.000671179 -5.907358e-10 0.0006711312 4.84066e-08
-0.43 -0.0007355892 -6.32207e-10 0.0007355413 4.8551e-08
-0.44 -0.0008028632 -6.750781e-10 0.0008028152 4.86372e-08
-0.45 -0.0008729276 -7.193782e-10 0.0008728796 4.86673e-08
-0.46 -0.0009457068 -7.65139e-10 0.000945659 4.86439e-08
-0.47 -0.0010211 -8.123945e-10 0.0010211 4.85704e-08
-0.48 -0.0010991 -8.611802e-10 0.0010991 4.84505e-08
-0.49 -0.0011796 -9.115328e-10 0.0011795 4.82883e-08
-0.5 -0.0012624 -9.634905e-10 0.0012624 4.80879e-08
-0.51 -0.0013476 -1.0171e-09 0.0013476 4.78537e-08
-0.52 -0.0014351 -1.0724e-09 0.001435 4.75901e-08
-0.53 -0.0015247 -1.1294e-09 0.0015246 4.73014e-08
-0.54 -0.0016164 -1.1881e-09 0.0016164 4.69917e-08
-0.55 -0.0017102 -1.2487e-09 0.0017101 4.6665e-08
-0.56 -0.0018059 -1.3111e-09 0.0018058 4.63252e-08
-0.57 -0.0019034 -1.3754e-09 0.0019034 4.59757e-08
-0.58 -0.0020029 -1.4416e-09 0.0020028 4.562e-08
-0.59 -0.002104 -1.5098e-09 0.002104 4.52609e-08
-0.6 -0.0022068 -1.58e-09 0.0022068 4.49012e-08
-0.61 -0.0023113 -1.6521e-09 0.0023112 4.45434e-08
-0.62 -0.0024173 -1.7264e-09 0.0024173 4.41898e-08
-0.63 -0.0025248 -1.8028e-09 0.0025248 4.38421e-08
-0.64 -0.0026337 -1.8813e-09 0.0026337 4.35021e-08
-0.65 -0.0027441 -1.962e-09 0.002744 4.31712e-08
-0.66 -0.0028557 -2.0449e-09 0.0028557 4.28506e-08
-0.67 -0.0029686 -2.1301e-09 0.0029686 4.25413e-08
-0.68 -0.0030827 -2.2175e-09 0.0030827 4.2244e-08
-0.69 -0.003198 -2.3072e-09 0.003198 4.19593e-08
-0.7 -0.0033144 -2.3993e-09 0.0033144 4.16878e-08
-0.71 -0.0034319 -2.4938e-09 0.0034319 4.14297e-08
-0.72 -0.0035504 -2.5907e-09 0.0035503 4.1185e-08
-0.73 -0.0036698 -2.69e-09 0.0036698 4.0954e-08
-0.74 -0.0037902 -2.7918e-09 0.0037902 4.07364e-08
-0.75 -0.0039115 -2.896e-09 0.0039115 4.05321e-08
-0.76 -0.0040336 -3.0028e-09 0.0040336 4.03409e-08
-0.77 -0.0041565 -3.1121e-09 0.0041565 4.01624e-08
-0.78 -0.0042802 -3.224e-09 0.0042802 3.99963e-08
-0.79 -0.0044046 -3.3385e-09 0.0044046 3.98421e-08
-0.8 -0.0045297 -3.4555e-09 0.0045297 3.96994e-08
-0.81 -0.0046554 -3.5752e-09 0.0046554 3.95677e-08
-0.82 -0.0047818 -3.6976e-09 0.0047817 3.94465e-08
-0.83 -0.0049087 -3.8226e-09 0.0049086 3.93351e-08
-0.84 -0.0050361 -3.9503e-09 0.0050361 3.92332e-08
-0.85 -0.0051641 -4.0806e-09 0.0051641 3.91402e-08
-0.86 -0.0052926 -4.2137e-09 0.0052925 3.90554e-08
-0.87 -0.0054215 -4.3495e-09 0.0054214 3.89784e-08
-0.88 -0.0055508 -4.488e-09 0.0055507 3.89087e-08
-0.89 -0.0056805 -4.6293e-09 0.0056804 3.88457e-08
-0.9 -0.0058105 -4.7732e-09 0.0058105 3.8789e-08
-0.91 -0.0059409 -4.9199e-09 0.0059409 3.8738e-08
-0.92 -0.0060716 -5.0694e-09 0.0060716 3.86924e-08
-0.93 -0.0062025 -5.2216e-09 0.0062025 3.86516e-08
-0.94 -0.0063337 -5.3765e-09 0.0063337 3.86152e-08
-0.95 -0.0064652 -5.5341e-09 0.0064651 3.85829e-08
-0.96 -0.0065968 -5.6945e-09 0.0065968 3.85543e-08
-0.97 -0.0067286 -5.8575e-09 0.0067286 3.8529e-08
-0.98 -0.0068605 -6.0233e-09 0.0068605 3.85067e-08
-0.99 -0.0069926 -6.1918e-09 0.0069926 3.84872e-08
-1.00000 -0.0071248 -6.3629e-09 0.0071248 3.84701e-08
-1.01000 -0.007257 -6.5367e-09 0.007257 3.84551e-08
-1.02000 -0.0073894 -6.7131e-09 0.0073893 3.84421e-08
-1.03000 -0.0075217 -6.8921e-09 0.0075217 3.84308e-08
-1.04000 -0.0076541 -7.0737e-09 0.007654 3.84211e-08
-1.05000 -0.0077864 -7.2579e-09 0.0077864 3.84127e-08
-1.06000 -0.0079188 -7.4446e-09 0.0079188 3.84055e-08
-1.07000 -0.0080511 -7.6338e-09 0.0080511 3.83993e-08
-1.08000 -0.0081833 -7.8254e-09 0.0081833 3.8394e-08
-1.09000 -0.0083155 -8.0195e-09 0.0083155 3.83895e-08
-1.10000 -0.0084475 -8.2159e-09 0.0084475 3.83857e-08
-1.11000 -0.0085795 -8.4147e-09 0.0085795 3.83825e-08
-1.12000 -0.0087113 -8.6158e-09 0.0087113 3.83798e-08
-1.13000 -0.008843 -8.8191e-09 0.0088429 3.83776e-08
-1.14000 -0.0089745 -9.0246e-09 0.0089744 3.83757e-08
-1.15000 -0.0091058 -9.2323e-09 0.0091057 3.83741e-08
-1.16000 -0.0092369 -9.442e-09 0.0092368 3.83728e-08
-1.17000 -0.0093677 -9.6538e-09 0.0093677 3.83717e-08
-1.18000 -0.0094984 -9.8676e-09 0.0094984 3.83708e-08
-1.19000 -0.0096288 -1.00832e-08 0.0096288 3.83701e-08
-1.20000 -0.0097589 -1.03008e-08 0.0097589 3.83695e-08
1.00000 -1.698722e-10 3.122194e-10 -3.103172e-10 1.6797e-10
0.99 -1.696252e-10 3.055478e-10 -3.038926e-10 1.6797e-10
0.98 -1.694136e-10 2.989942e-10 -2.975506e-10 1.6797e-10
0.97 -1.692319e-10 2.925495e-10 -2.912876e-10 1.6797e-10
0.96 -1.690757e-10 2.862062e-10 -2.851005e-10 1.6797e-10
0.95 -1.689411e-10 2.799581e-10 -2.78987e-10 1.6797e-10
0.94 -1.688247e-10 2.738001e-10 -2.729454e-10 1.6797e-10
0.93 -1.68724e-10 2.677284e-10 -2.669743e-10 1.6797e-10
0.92 -1.686367e-10 2.617395e-10 -2.610729e-10 1.6797e-10
0.91 -1.685606e-10 2.558311e-10 -2.552405e-10 1.6797e-10
0.9 -1.684944e-10 2.500012e-10 -2.494768e-10 1.6797e-10
0.89 -1.684364e-10 2.442481e-10 -2.437817e-10 1.6797e-10
0.88 -1.683857e-10 2.385709e-10 -2.381552e-10 1.6797e-10
0.87 -1.683411e-10 2.329686e-10 -2.325975e-10 1.6797e-10
0.86 -1.683019e-10 2.274407e-10 -2.271088e-10 1.6797e-10
0.85 -1.682674e-10 2.219868e-10 -2.216894e-10 1.6797e-10
0.84 -1.682369e-10 2.166067e-10 -2.163398e-10 1.6797e-10
0.83 -1.682098e-10 2.113002e-10 -2.110604e-10 1.6797e-10
0.82 -1.681859e-10 2.060675e-10 -2.058516e-10 1.6797e-10
0.81 -1.681646e-10 2.009085e-10 -2.007139e-10 1.6797e-10
0.8 -1.681456e-10 1.958234e-10 -1.956477e-10 1.6797e-10
0.79 -1.681287e-10 1.908124e-10 -1.906536e-10 1.6797e-10
0.78 -1.681137e-10 1.858756e-10 -1.857319e-10 1.6797e-10
0.77 -1.681002e-10 1.810134e-10 -1.808832e-10 1.6797e-10
0.76 -1.680881e-10 1.762258e-10 -1.761077e-10 1.6797e-10
0.75 -1.680773e-10 1.715132e-10 -1.714059e-10 1.6797e-10
0.74 -1.680675e-10 1.668757e-10 -1.667782e-10 1.6797e-10
0.73 -1.680588e-10 1.623136e-10 -1.622248e-10 1.6797e-10
0.72 -1.680509e-10 1.57827e-10 -1.577461e-10 1.6797e-10
0.71 -1.680438e-10 1.53416e-10 -1.533422e-10 1.6797e-10
0.7 -1.680374e-10 1.490808e-10 -1.490135e-10 1.6797e-10
0.69 -1.680315e-10 1.448215e-10 -1.4476e-10 1.6797e-10
0.68 -1.680263e-10 1.406382e-10 -1.405818e-10 1.6797e-10
0.67 -1.680215e-10 1.365308e-10 -1.364792e-10 1.6797e-10
0.66 -1.680172e-10 1.324993e-10 -1.324521e-10 1.6797e-10
0.65 -1.680133e-10 1.285438e-10 -1.285004e-10 1.6797e-10
0.64 -1.680097e-10 1.24664e-10 -1.246243e-10 1.6797e-10
0.63 -1.680065e-10 1.2086e-10 -1.208235e-10 1.6797e-10
0.62 -1.680036e-10 1.171316e-10 -1.17098e-10 1.6797e-10
0.61 -1.680009e-10 1.134785e-10 -1.134476e-10 1.6797e-10
0.6 -1.679984e-10 1.099004e-10 -1.09872e-10 1.6797e-10
0.59 -1.679962e-10 1.063972e-10 -1.06371e-10 1.6797e-10
0.58 -1.679941e-10 1.029685e-10 -1.029444e-10 1.6797e-10
0.57 -1.679923e-10 9.9614e-11 -9.95917e-11 1.6797e-10
0.56 -1.679905e-10 9.63332e-11 -9.63126e-11 1.6797e-10
0.55 -1.67989e-10 9.31256e-11 -9.31066e-11 1.6797e-10
0.54 -1.679875e-10 8.99909e-11 -8.99734e-11 1.6797e-10
0.53 -1.679862e-10 8.69285e-11 -8.69123e-11 1.6797e-10
0.52 -1.67985e-10 8.39378e-11 -8.39228e-11 1.6797e-10
0.51 -1.679839e-10 8.10183e-11 -8.10043e-11 1.6797e-10
0.5 -1.679829e-10 7.81692e-11 -7.81563e-11 1.6797e-10
0.49 -1.67982e-10 7.539e-11 -7.5378e-11 1.6797e-10
0.48 -1.679811e-10 7.26798e-11 -7.26687e-11 1.6797e-10
0.47 -1.679803e-10 7.00381e-11 -7.00277e-11 1.6797e-10
0.46 -1.679796e-10 6.74639e-11 -6.74543e-11 1.6797e-10
0.45 -1.679789e-10 6.49565e-11 -6.49475e-11 1.6797e-10
0.44 -1.679783e-10 6.25149e-11 -6.25066e-11 1.6797e-10
0.43 -1.679778e-10 6.01384e-11 -6.01306e-11 1.6797e-10
0.42 -1.679773e-10 5.7826e-11 -5.78186e-11 1.6797e-10
0.41 -1.679769e-10 5.55766e-11 -5.55697e-11 1.6797e-10
0.4 -1.679765e-10 5.33894e-11 -5.33829e-11 1.6797e-10
0.39 -1.679762e-10 5.12633e-11 -5.12571e-11 1.6797e-10
0.38 -1.67976e-10 4.91972e-11 -4.91912e-11 1.6797e-10
0.37 -1.679759e-10 4.719e-11 -4.71841e-11 1.6797e-10
0.36 -1.679758e-10 4.52405e-11 -4.52346e-11 1.6797e-10
0.35 -1.67976e-10 4.33477e-11 -4.33416e-11 1.6797e-10
0.34 -1.679763e-10 4.15101e-11 -4.15038e-11 1.6797e-10
0.33 -1.679769e-10 3.97267e-11 -3.97198e-11 1.6797e-10
0.32 -1.679778e-10 3.7996e-11 -3.79882e-11 1.6797e-10
0.31 -1.679792e-10 3.63168e-11 -3.63075e-11 1.6797e-10
0.3 -1.679813e-10 3.46874e-11 -3.46761e-11 1.6797e-10
0.29 -1.679842e-10 3.31064e-11 -3.30922e-11 1.6797e-10
0.28 -1.679884e-10 3.15722e-11 -3.15538e-11 1.6797e-10
0.27 -1.679942e-10 3.0083e-11 -3.00588e-11 1.6797e-10
0.26 -1.680024e-10 2.86369e-11 -2.86045e-11 1.6797e-10
0.25 -1.680139e-10 2.72318e-11 -2.71878e-11 1.6797e-10
0.24 -1.680299e-10 2.58652e-11 -2.58052e-11 1.6797e-10
0.23 -1.680522e-10 2.45343e-11 -2.4452e-11 1.6797e-10
0.22 -1.680833e-10 2.32359e-11 -2.31226e-11 1.6797e-10
0.21 -1.681266e-10 2.19663e-11 -2.18097e-11 1.6797e-10
0.2 -1.681869e-10 2.07209e-11 -2.0504e-11 1.6797e-10
0.19 -1.682708e-10 1.94945e-11 -1.91937e-11 1.6797e-10
0.18 -1.683878e-10 1.82814e-11 -1.78635e-11 1.6797e-10
0.17 -1.685509e-10 1.70752e-11 -1.64942e-11 1.6797e-10
0.16 -1.687783e-10 1.58701e-11 -1.50618e-11 1.6797e-10
0.15 -1.690955e-10 1.46616e-11 -1.35361e-11 1.6797e-10
0.14 -1.69538e-10 1.34477e-11 -1.18797e-11 1.6797e-10
0.13 -1.701556e-10 1.22302e-11 -1.00446e-11 1.6797e-10
0.12 -1.71018e-10 1.10151e-11 -7.9671e-12 1.6797e-10
0.11 -1.722226e-10 9.8121e-12 -5.5594e-12 1.6797e-10
0.1 -1.739059e-10 8.633e-12 -2.6971e-12 1.6797e-10
0.09 -1.762588e-10 7.4904e-12 7.984422e-13 1.6797e-10
0.08 -1.79549e-10 6.3953e-12 5.1837e-12 1.6797e-10
0.07 -1.841516e-10 5.3569e-12 1.08247e-11 1.6797e-10
0.06 -1.905922e-10 4.3815e-12 1.82407e-11 1.6797e-10
0.05 -1.996081e-10 3.4736e-12 2.81646e-11 1.6797e-10
0.04 -2.122334e-10 2.6355e-12 4.16279e-11 1.6797e-10
0.03 -2.29919e-10 1.8685e-12 6.00805e-11 1.6797e-10
0.02 -2.547015e-10 1.1734e-12 8.55582e-11 1.6797e-10
0.01 -2.894405e-10 5.505017e-13 1.2092e-10 1.6797e-10
0. -3.381518e-10 4.110597e-16 1.701814e-10 1.6797e-10
-0.01 -4.064773e-10 -5.292691e-13 2.390366e-10 1.6797e-10
-0.02 -5.023457e-10 -1.0851e-12 3.354608e-10 1.6797e-10
-0.03 -6.369022e-10 -1.655e-12 4.705872e-10 1.6797e-10
-0.04 -8.258179e-10 -2.2252e-12 6.600731e-10 1.6797e-10
-0.05 -1.0911e-09 -2.7824e-12 9.259472e-10 1.6797e-10
-0.06 -1.4639e-09 -3.3172e-12 1.2992e-09 1.6797e-10
-0.07 -1.9876e-09 -3.8262e-12 1.8235e-09 1.6797e-10
-0.08 -2.7239e-09 -4.3119e-12 2.5602e-09 1.6797e-10
-0.09 -3.7591e-09 -4.7808e-12 3.596e-09 1.6797e-10
-0.1 -5.2152e-09 -5.2414e-12 5.0525e-09 1.6797e-10
-0.11 -7.2636e-09 -5.7023e-12 7.1013e-09 1.6797e-10
-0.12 -1.01462e-08 -6.1716e-12 9.9844e-09 1.6797e-10
-0.13 -1.42038e-08 -6.6563e-12 1.40425e-08 1.6797e-10
-0.14 -1.99166e-08 -7.1631e-12 1.97558e-08 1.6797e-10
-0.15 -2.79619e-08 -7.6985e-12 2.78016e-08 1.6797e-10
-0.16 -3.92942e-08 -8.2693e-12 3.91345e-08 1.6797e-10
-0.17 -5.52596e-08 -8.884e-12 5.51005e-08 1.6797e-10
-0.18 -7.77556e-08 -9.553e-12 7.75972e-08 1.6797e-10
-0.19 -1.094571e-07 -1.02902e-11 1.092994e-07 1.6797e-10
-0.2 -1.541325e-07 -1.11142e-11 1.539757e-07 1.6797e-10
-0.21 -2.170882e-07 -1.20512e-11 2.169323e-07 1.6797e-10
-0.22 -3.057878e-07 -1.31372e-11 3.05633e-07 1.6797e-10
-0.23 -4.307134e-07 -1.44226e-11 4.305598e-07 1.6797e-10
-0.24 -6.065523e-07 -1.59775e-11 6.064003e-07 1.6797e-10
-0.25 -8.538171e-07 -1.78993e-11 8.536671e-07 1.6797e-10
-0.26 -1.201e-06 -2.03213e-11 1.2009e-06 1.6797e-10
-0.27 -1.6875e-06 -2.34244e-11 1.6874e-06 1.6797e-10
-0.28 -2.3672e-06 -2.74481e-11 2.3671e-06 1.6797e-10
-0.29 -3.3129e-06 -3.27011e-11 3.3128e-06 1.6797e-10
-0.3 -4.6211e-06 -3.95649e-11 4.621e-06 1.6797e-10
-0.31 -6.4173e-06 -4.84855e-11 6.4172e-06 1.6797e-10
-0.32 -8.8591e-06 -5.99458e-11 8.859e-06 1.6797e-10
-0.33 -1.21375e-05 -7.44161e-11 1.21374e-05 1.6797e-10
-0.34 -1.64727e-05 -9.22889e-11 1.64726e-05 1.6797e-10
-0.35 -2.21035e-05 -1.138168e-10 2.21035e-05 1.6797e-10
-0.36 -2.92711e-05 -1.390772e-10 2.9271e-05 1.6797e-10
-0.37 -3.81965e-05 -1.679773e-10 3.81965e-05 1.6797e-10
-0.38 -4.9059e-05 -2.002949e-10 4.9059e-05 1.6797e-10
-0.39 -6.19761e-05 -2.357335e-10 6.19762e-05 1.6797e-10
-0.4 -7.69924e-05 -2.739704e-10 7.69925e-05 1.6797e-10
-0.41 -9.40772e-05 -3.146895e-10 9.40773e-05 1.6797e-10
-0.42 -0.0001131323 -3.575988e-10 0.0001131325 1.6797e-10
-0.43 -0.0001340068 -4.024416e-10 0.000134007 1.6797e-10
-0.44 -0.000156515 -4.490046e-10 0.0001565152 1.6797e-10
-0.45 -0.0001804541 -4.97122e-10 0.0001804544 1.6797e-10
-0.46 -0.0002056192 -5.466773e-10 0.0002056196 1.6797e-10
-0.47 -0.0002318132 -5.975994e-10 0.0002318136 1.6797e-10
-0.48 -0.0002588536 -6.498563e-10 0.0002588541 1.6797e-10
-0.49 -0.0002865758 -7.034473e-10 0.0002865763 1.6797e-10
-0.5 -0.0003148336 -7.583953e-10 0.0003148342 1.6797e-10
-0.51 -0.0003434991 -8.147398e-10 0.0003434997 1.6797e-10
-0.52 -0.0003724609 -8.725313e-10 0.0003724616 1.6797e-10
-0.53 -0.000401623 -9.318274e-10 0.0004016238 1.6797e-10
-0.54 -0.0004309025 -9.926894e-10 0.0004309033 1.6797e-10
-0.55 -0.0004602282 -1.0552e-09 0.0004602291 1.6797e-10
-0.56 -0.000489539 -1.1194e-09 0.00048954 1.6797e-10
-0.57 -0.0005187824 -1.1853e-09 0.0005187834 1.6797e-10
-0.58 -0.0005479133 -1.2531e-09 0.0005479144 1.6797e-10
-0.59 -0.0005768932 -1.3227e-09 0.0005768943 1.6797e-10
-0.6 -0.0006056889 -1.3943e-09 0.0006056901 1.6797e-10
-0.61 -0.0006342722 -1.4678e-09 0.0006342735 1.6797e-10
-0.62 -0.0006626187 -1.5434e-09 0.0006626201 1.6797e-10
-0.63 -0.0006907079 -1.6211e-09 0.0006907094 1.6797e-10
-0.64 -0.0007185221 -1.701e-09 0.0007185237 1.6797e-10
-0.65 -0.0007460464 -1.783e-09 0.000746048 1.6797e-10
-0.66 -0.000773268 -1.8673e-09 0.0007732697 1.6797e-10
-0.67 -0.0008001764 -1.9538e-09 0.0008001782 1.6797e-10
-0.68 -0.0008267628 -2.0427e-09 0.0008267646 1.6797e-10
-0.69 -0.0008530197 -2.1339e-09 0.0008530217 1.6797e-10
-0.7 -0.0008789414 -2.2276e-09 0.0008789434 1.6797e-10
-0.71 -0.0009045229 -2.3237e-09 0.0009045251 1.6797e-10
-0.72 -0.0009297606 -2.4222e-09 0.0009297629 1.6797e-10
-0.73 -0.0009546517 -2.5233e-09 0.0009546541 1.6797e-10
-0.74 -0.0009791942 -2.6268e-09 0.0009791966 1.6797e-10
-0.75 -0.0010034 -2.733e-09 0.0010034 1.6797e-10
-0.76 -0.0010272 -2.8417e-09 0.0010272 1.6797e-10
-0.77 -0.0010507 -2.953e-09 0.0010507 1.6797e-10
-0.78 -0.0010739 -3.067e-09 0.0010739 1.6797e-10
-0.79 -0.0010967 -3.1836e-09 0.0010967 1.6797e-10
-0.8 -0.0011191 -3.3028e-09 0.0011191 1.6797e-10
-0.81 -0.0011412 -3.4248e-09 0.0011412 1.6797e-10
-0.82 -0.0011629 -3.5494e-09 0.001163 1.6797e-10
-0.83 -0.0011844 -3.6767e-09 0.0011844 1.6797e-10
-0.84 -0.0012054 -3.8067e-09 0.0012054 1.6797e-10
-0.85 -0.0012262 -3.9394e-09 0.0012262 1.6797e-10
-0.86 -0.0012466 -4.0748e-09 0.0012466 1.6797e-10
-0.87 -0.0012666 -4.213e-09 0.0012666 1.6797e-10
-0.88 -0.0012864 -4.3538e-09 0.0012864 1.6797e-10
-0.89 -0.0013058 -4.4974e-09 0.0013058 1.6797e-10
-0.9 -0.0013249 -4.6436e-09 0.0013249 1.6797e-10
-0.91 -0.0013436 -4.7925e-09 0.0013436 1.6797e-10
-0.92 -0.0013621 -4.9441e-09 0.0013621 1.6797e-10
-0.93 -0.0013802 -5.0983e-09 0.0013802 1.6797e-10
-0.94 -0.0013981 -5.2552e-09 0.0013981 1.6797e-10
-0.95 -0.0014156 -5.4147e-09 0.0014156 1.6797e-10
-0.96 -0.0014328 -5.5767e-09 0.0014328 1.6797e-10
-0.97 -0.0014498 -5.7413e-09 0.0014498 1.6797e-10
-0.98 -0.0014664 -5.9084e-09 0.0014664 1.6797e-10
-0.99 -0.0014828 -6.078e-09 0.0014828 1.6797e-10
-1.00000 -0.0014988 -6.2501e-09 0.0014988 1.6797e-10
-1.01000 -0.0015146 -6.4246e-09 0.0015146 1.6797e-10
-1.02000 -0.0015301 -6.6014e-09 0.0015301 1.6797e-10
-1.03000 -0.0015453 -6.7806e-09 0.0015453 1.6797e-10
-1.04000 -0.0015603 -6.962e-09 0.0015603 1.6797e-10
-1.05000 -0.001575 -7.1457e-09 0.001575 1.6797e-10
-1.06000 -0.0015894 -7.3316e-09 0.0015894 1.6797e-10
-1.07000 -0.0016035 -7.5195e-09 0.0016036 1.6797e-10
-1.08000 -0.0016175 -7.7095e-09 0.0016175 1.6797e-10
-1.09000 -0.0016311 -7.9015e-09 0.0016311 1.6797e-10
-1.10000 -0.0016445 -8.0954e-09 0.0016445 1.6797e-10
-1.11000 -0.0016577 -8.2912e-09 0.0016577 1.6797e-10
-1.12000 -0.0016706 -8.4887e-09 0.0016706 1.6797e-10
-1.13000 -0.0016833 -8.688e-09 0.0016833 1.6797e-10
-1.14000 -0.0016957 -8.8888e-09 0.0016957 1.6797e-10
-1.15000 -0.0017079 -9.0913e-09 0.0017079 1.6797e-10
-1.16000 -0.0017199 -9.2952e-09 0.0017199 1.6797e-10
-1.17000 -0.0017316 -9.5005e-09 0.0017316 1.6797e-10
-1.18000 -0.0017432 -9.707e-09 0.0017432 1.6797e-10
-1.19000 -0.0017545 -9.9148e-09 0.0017545 1.6797e-10
-1.20000 -0.0017656 -1.01237e-08 0.0017656 1.6797e-10
1.00000 -2.88639e-08 3.243469e-10 -3.1638e-10 2.8856e-08
0.99 -2.88631e-08 3.164671e-10 -3.093512e-10 2.8856e-08
0.98 -2.88623e-08 3.088219e-10 -3.024635e-10 2.8856e-08
0.97 -2.88617e-08 3.013938e-10 -2.957088e-10 2.8856e-08
0.96 -2.88611e-08 2.941663e-10 -2.890796e-10 2.8856e-08
0.95 -2.88605e-08 2.871246e-10 -2.825693e-10 2.8856e-08
0.94 -2.88601e-08 2.80255e-10 -2.761719e-10 2.8856e-08
0.93 -2.88596e-08 2.735456e-10 -2.69882e-10 2.8856e-08
0.92 -2.88593e-08 2.669856e-10 -2.636949e-10 2.8856e-08
0.91 -2.88589e-08 2.605656e-10 -2.576068e-10 2.8856e-08
0.9 -2.88586e-08 2.542773e-10 -2.516139e-10 2.8856e-08
0.89 -2.88584e-08 2.481136e-10 -2.457135e-10 2.8856e-08
0.88 -2.88581e-08 2.420681e-10 -2.399029e-10 2.8856e-08
0.87 -2.88579e-08 2.361355e-10 -2.3418e-10 2.8856e-08
0.86 -2.88577e-08 2.303111e-10 -2.28543e-10 2.8856e-08
0.85 -2.88576e-08 2.245908e-10 -2.229905e-10 2.8856e-08
0.84 -2.88574e-08 2.189712e-10 -2.175211e-10 2.8856e-08
0.83 -2.88573e-08 2.134492e-10 -2.121339e-10 2.8856e-08
0.82 -2.88572e-08 2.080223e-10 -2.068281e-10 2.8856e-08
0.81 -2.88571e-08 2.026884e-10 -2.016029e-10 2.8856e-08
0.8 -2.8857e-08 1.974454e-10 -1.964578e-10 2.8856e-08
0.79 -2.88569e-08 1.922918e-10 -1.913924e-10 2.8856e-08
0.78 -2.88568e-08 1.872261e-10 -1.864062e-10 2.8856e-08
0.77 -2.88567e-08 1.822473e-10 -1.814992e-10 2.8856e-08
0.76 -2.88567e-08 1.773541e-10 -1.766709e-10 2.8856e-08
0.75 -2.88566e-08 1.725458e-10 -1.719213e-10 2.8856e-08
0.74 -2.88565e-08 1.678214e-10 -1.672501e-10 2.8856e-08
0.73 -2.88565e-08 1.631804e-10 -1.626573e-10 2.8856e-08
0.72 -2.88565e-08 1.586221e-10 -1.581427e-10 2.8856e-08
0.71 -2.88564e-08 1.541459e-10 -1.537062e-10 2.8856e-08
0.7 -2.88564e-08 1.497514e-10 -1.493478e-10 2.8856e-08
0.69 -2.88563e-08 1.45438e-10 -1.450672e-10 2.8856e-08
0.68 -2.88563e-08 1.412053e-10 -1.408644e-10 2.8856e-08
0.67 -2.88563e-08 1.370528e-10 -1.367393e-10 2.8856e-08
0.66 -2.88563e-08 1.329802e-10 -1.326916e-10 2.8856e-08
0.65 -2.88562e-08 1.289871e-10 -1.287212e-10 2.8856e-08
0.64 -2.88562e-08 1.25073e-10 -1.248278e-10 2.8856e-08
0.63 -2.88562e-08 1.212375e-10 -1.210113e-10 2.8856e-08
0.62 -2.88562e-08 1.174802e-10 -1.172713e-10 2.8856e-08
0.61 -2.88562e-08 1.138006e-10 -1.136077e-10 2.8856e-08
0.6 -2.88561e-08 1.101983e-10 -1.1002e-10 2.8856e-08
0.59 -2.88561e-08 1.066728e-10 -1.065079e-10 2.8856e-08
0.58 -2.88561e-08 1.032237e-10 -1.03071e-10 2.8856e-08
0.57 -2.88561e-08 9.98503e-11 -9.97089e-11 2.8856e-08
0.56 -2.88561e-08 9.65521e-11 -9.64211e-11 2.8856e-08
0.55 -2.88561e-08 9.33287e-11 -9.32072e-11 2.8856e-08
0.54 -2.88561e-08 9.01793e-11 -9.00666e-11 2.8856e-08
0.53 -2.88561e-08 8.71033e-11 -8.69987e-11 2.8856e-08
0.52 -2.88561e-08 8.41002e-11 -8.4003e-11 2.8856e-08
0.51 -2.88561e-08 8.11691e-11 -8.10787e-11 2.8856e-08
0.5 -2.88561e-08 7.83094e-11 -7.82254e-11 2.8856e-08
0.49 -2.8856e-08 7.55204e-11 -7.54421e-11 2.8856e-08
0.48 -2.8856e-08 7.28012e-11 -7.27283e-11 2.8856e-08
0.47 -2.8856e-08 7.0151e-11 -7.00831e-11 2.8856e-08
0.46 -2.8856e-08 6.75691e-11 -6.75056e-11 2.8856e-08
0.45 -2.8856e-08 6.50545e-11 -6.49952e-11 2.8856e-08
0.44 -2.8856e-08 6.26063e-11 -6.25507e-11 2.8856e-08
0.43 -2.8856e-08 6.02236e-11 -6.01715e-11 2.8856e-08
0.42 -2.8856e-08 5.79054e-11 -5.78564e-11 2.8856e-08
0.41 -2.8856e-08 5.56508e-11 -5.56044e-11 2.8856e-08
0.4 -2.8856e-08 5.34586e-11 -5.34145e-11 2.8856e-08
0.39 -2.8856e-08 5.13279e-11 -5.12856e-11 2.8856e-08
0.38 -2.8856e-08 4.92576e-11 -4.92165e-11 2.8856e-08
0.37 -2.8856e-08 4.72464e-11 -4.7206e-11 2.8856e-08
0.36 -2.8856e-08 4.52933e-11 -4.52527e-11 2.8856e-08
0.35 -2.8856e-08 4.3397e-11 -4.33551e-11 2.8856e-08
0.34 -2.8856e-08 4.15563e-11 -4.15118e-11 2.8856e-08
0.33 -2.8856e-08 3.977e-11 -3.97208e-11 2.8856e-08
0.32 -2.8856e-08 3.80365e-11 -3.79802e-11 2.8856e-08
0.31 -2.8856e-08 3.63547e-11 -3.62877e-11 2.8856e-08
0.3 -2.88561e-08 3.47229e-11 -3.46405e-11 2.8856e-08
0.29 -2.88561e-08 3.31397e-11 -3.30351e-11 2.8856e-08
0.28 -2.88561e-08 3.16035e-11 -3.14673e-11 2.8856e-08
0.27 -2.88562e-08 3.01123e-11 -2.99318e-11 2.8856e-08
0.26 -2.88562e-08 2.86644e-11 -2.84217e-11 2.8856e-08
0.25 -2.88563e-08 2.72576e-11 -2.69277e-11 2.8856e-08
0.24 -2.88564e-08 2.58894e-11 -2.54377e-11 2.8856e-08
0.23 -2.88566e-08 2.4557e-11 -2.39352e-11 2.8856e-08
0.22 -2.88568e-08 2.32573e-11 -2.23979e-11 2.8856e-08
0.21 -2.88572e-08 2.19864e-11 -2.07952e-11 2.8856e-08
0.2 -2.88576e-08 2.07398e-11 -1.90855e-11 2.8856e-08
0.19 -2.88583e-08 1.95123e-11 -1.72112e-11 2.8856e-08
0.18 -2.88592e-08 1.8298e-11 -1.50937e-11 2.8856e-08
0.17 -2.88604e-08 1.70908e-11 -1.26246e-11 2.8856e-08
0.16 -2.88622e-08 1.58848e-11 -9.655e-12 2.8856e-08
0.15 -2.88647e-08 1.46755e-11 -5.9802e-12 2.8856e-08
0.14 -2.88681e-08 1.34608e-11 -1.3177e-12 2.8856e-08
0.13 -2.88729e-08 1.22425e-11 4.7236e-12 2.8856e-08
0.12 -2.88797e-08 1.10267e-11 1.26889e-11 2.8856e-08
0.11 -2.88891e-08 9.8229e-12 2.33409e-11 2.8856e-08
0.1 -2.89024e-08 8.6432e-12 3.77514e-11 2.8856e-08
0.09 -2.89209e-08 7.5e-12 5.74288e-11 2.8856e-08
0.08 -2.89469e-08 6.4043e-12 8.44963e-11 2.8856e-08
0.07 -2.89833e-08 5.3653e-12 1.219416e-10 2.8856e-08
0.06 -2.90343e-08 4.3893e-12 1.739672e-10 2.8856e-08
0.05 -2.91059e-08 3.4808e-12 2.464819e-10 2.8856e-08
0.04 -2.92064e-08 2.642e-12 3.477931e-10 2.8856e-08
0.03 -2.93474e-08 1.8744e-12 4.895808e-10 2.8856e-08
0.02 -2.95454e-08 1.1784e-12 6.8827e-10 2.8856e-08
0.01 -2.98235e-08 5.5458e-13 9.669636e-10 2.8856e-08
0. -3.02142e-08 3.2896e-15 1.3582e-09 2.8856e-08
-0.01 -3.07631e-08 -5.279375e-13 1.9077e-09 2.8856e-08
-0.02 -3.15348e-08 -1.0858e-12 2.6799e-09 2.8856e-08
-0.03 -3.26199e-08 -1.6585e-12 3.7656e-09 2.8856e-08
-0.04 -3.41462e-08 -2.2325e-12 5.2924e-09 2.8856e-08
-0.05 -3.62934e-08 -2.795e-12 7.4402e-09 2.8856e-08
-0.06 -3.93153e-08 -3.3374e-12 1.04626e-08 2.88561e-08
-0.07 -4.35691e-08 -3.857e-12 1.47169e-08 2.88561e-08
-0.08 -4.95589e-08 -4.3577e-12 2.0707e-08 2.88562e-08
-0.09 -5.7995e-08 -4.8479e-12 2.91436e-08 2.88562e-08
-0.1 -6.98797e-08 -5.3389e-12 4.10287e-08 2.88563e-08
-0.11 -8.66268e-08 -5.8431e-12 5.77761e-08 2.88565e-08
-0.12 -1.102311e-07 -6.374e-12 8.13807e-08 2.88567e-08
-0.13 -1.435074e-07 -6.9468e-12 1.146573e-07 2.8857e-08
-0.14 -1.904277e-07 -7.579e-12 1.615778e-07 2.88575e-08
-0.15 -2.565971e-07 -8.2933e-12 2.277473e-07 2.88581e-08
-0.16 -3.499234e-07 -9.1191e-12 3.210736e-07 2.88589e-08
-0.17 -4.8156e-07 -1.00966e-11 4.527099e-07 2.88601e-08
-0.18 -6.672284e-07 -1.1281e-11 6.383779e-07 2.88618e-08
-0.19 -9.290692e-07 -1.27485e-11 9.002178e-07 2.88642e-08
-0.2 -1.2982e-06 -1.46037e-11 1.2694e-06 2.88676e-08
-0.21 -1.8184e-06 -1.69888e-11 1.7895e-06 2.88723e-08
-0.22 -2.5506e-06 -2.00938e-11 2.5217e-06 2.88789e-08
-0.23 -3.5798e-06 -2.4166e-11 3.5509e-06 2.88882e-08
-0.24 -5.0234e-06 -2.95157e-11 4.9945e-06 2.8901e-08
-0.25 -7.0412e-06 -3.65132e-11 7.0123e-06 2.89187e-08
-0.26 -9.8479e-06 -4.55688e-11 9.819e-06 2.8943e-08
-0.27 -1.3724e-05 -5.70935e-11 1.36951e-05 2.89758e-08
-0.28 -1.90243e-05 -7.14403e-11 1.89953e-05 2.90195e-08
-0.29 -2.61772e-05 -8.88392e-11 2.61483e-05 2.90764e-08
-0.3 -3.56723e-05 -1.09349e-10 3.56432e-05 2.91487e-08
-0.31 -4.80322e-05 -1.328474e-10 4.8003e-05 2.92381e-08
-0.32 -6.37756e-05 -1.59063e-10 6.37464e-05 2.93453e-08
-0.33 -8.33785e-05 -1.87637e-10 8.33492e-05 2.94695e-08
-0.34 -0.0001072438 -2.181894e-10 0.0001072144 2.96087e-08
-0.35 -0.0001356848 -2.503697e-10 0.0001356553 2.976e-08
-0.36 -0.0001689233 -2.838867e-10 0.0001688936 2.99194e-08
-0.37 -0.0002070966 -3.18518e-10 0.0002070669 3.00824e-08
-0.38 -0.0002502714 -3.541067e-10 0.0002502415 3.02447e-08
-0.39 -0.000298457 -3.905519e-10 0.000298427 3.0402e-08
-0.4 -0.0003516189 -4.277974e-10 0.0003515887 3.05507e-08
-0.41 -0.0004096893 -4.658207e-10 0.000409659 3.06875e-08
-0.42 -0.0004725758 -5.046244e-10 0.0004725455 3.08101e-08
-0.43 -0.0005401683 -5.442287e-10 0.0005401379 3.09165e-08
-0.44 -0.0006123434 -5.84666e-10 0.000612313 3.10055e-08
-0.45 -0.0006889689 -6.259772e-10 0.0006889385 3.10766e-08
-0.46 -0.0007699066 -6.682079e-10 0.0007698761 3.11297e-08
-0.47 -0.0008550143 -7.114074e-10 0.0008549839 3.11651e-08
-0.48 -0.0009441483 -7.556261e-10 0.0009441179 3.11834e-08
-0.49 -0.0010372 -8.009149e-10 0.0010371 3.11858e-08
-0.5 -0.0011339 -8.473246e-10 0.0011339 3.11733e-08
-0.51 -0.0012343 -8.949049e-10 0.0012342 3.11472e-08
-0.52 -0.0013381 -9.437043e-10 0.001338 3.11091e-08
-0.53 -0.0014452 -9.937701e-10 0.0014452 3.10603e-08
-0.54 -0.0015555 -1.0451e-09 0.0015555 3.10023e-08
-0.55 -0.0016689 -1.0979e-09 0.0016689 3.09366e-08
-0.56 -0.0017852 -1.152e-09 0.0017852 3.08644e-08
-0.57 -0.0019043 -1.2076e-09 0.0019043 3.07871e-08
-0.58 -0.0020261 -1.2646e-09 0.0020261 3.07058e-08
-0.59 -0.0021505 -1.3232e-09 0.0021505 3.06217e-08
-0.6 -0.0022774 -1.3833e-09 0.0022773 3.05357e-08
-0.61 -0.0024066 -1.445e-09 0.0024065 3.04488e-08
-0.62 -0.0025381 -1.5083e-09 0.002538 3.03616e-08
-0.63 -0.0026717 -1.5733e-09 0.0026717 3.0275e-08
-0.64 -0.0028074 -1.64e-09 0.0028074 3.01896e-08
-0.65 -0.0029451 -1.7084e-09 0.0029451 3.01058e-08
-0.66 -0.0030847 -1.7785e-09 0.0030846 3.0024e-08
-0.67 -0.003226 -1.8504e-09 0.003226 2.99448e-08
-0.68 -0.0033691 -1.9241e-09 0.0033691 2.98682e-08
-0.69 -0.0035138 -1.9997e-09 0.0035138 2.97947e-08
-0.7 -0.0036601 -2.0771e-09 0.0036601 2.97243e-08
-0.71 -0.0038079 -2.1564e-09 0.0038079 2.96573e-08
-0.72 -0.0039571 -2.2376e-09 0.0039571 2.95936e-08
-0.73 -0.0041076 -2.3207e-09 0.0041076 2.95333e-08
-0.74 -0.0042594 -2.4058e-09 0.0042594 2.94765e-08
-0.75 -0.0044124 -2.4928e-09 0.0044124 2.94231e-08
-0.76 -0.0045666 -2.5819e-09 0.0045666 2.93731e-08
-0.77 -0.0047218 -2.673e-09 0.0047218 2.93264e-08
-0.78 -0.0048781 -2.7661e-09 0.0048781 2.92829e-08
-0.79 -0.0050353 -2.8613e-09 0.0050353 2.92425e-08
-0.8 -0.0051935 -2.9585e-09 0.0051934 2.92051e-08
-0.81 -0.0053525 -3.0578e-09 0.0053524 2.91706e-08
-0.82 -0.0055123 -3.1593e-09 0.0055122 2.91388e-08
-0.83 -0.0056728 -3.2628e-09 0.0056728 2.91096e-08
-0.84 -0.0058341 -3.3684e-09 0.0058341 2.90829e-08
-0.85 -0.005996 -3.4762e-09 0.005996 2.90585e-08
-0.86 -0.0061585 -3.5862e-09 0.0061585 2.90363e-08
-0.87 -0.0063216 -3.6982e-09 0.0063216 2.90162e-08
-0.88 -0.0064852 -3.8124e-09 0.0064852 2.89979e-08
-0.89 -0.0066493 -3.9288e-09 0.0066493 2.89815e-08
-0.9 -0.0068139 -4.0473e-09 0.0068138 2.89666e-08
-0.91 -0.0069788 -4.168e-09 0.0069788 2.89533e-08
-0.92 -0.0071441 -4.2909e-09 0.0071441 2.89413e-08
-0.93 -0.0073097 -4.4159e-09 0.0073097 2.89306e-08
-0.94 -0.0074756 -4.543e-09 0.0074756 2.89211e-08
-0.95 -0.0076418 -4.6723e-09 0.0076418 2.89127e-08
-0.96 -0.0078082 -4.8037e-09 0.0078081 2.89052e-08
-0.97 -0.0079747 -4.9372e-09 0.0079747 2.88986e-08
-0.98 -0.0081414 -5.0729e-09 0.0081414 2.88927e-08
-0.99 -0.0083083 -5.2106e-09 0.0083083 2.88876e-08
-1.00000 -0.0084752 -5.3505e-09 0.0084752 2.88831e-08
-1.01000 -0.0086422 -5.4924e-09 0.0086422 2.88792e-08
-1.02000 -0.0088092 -5.6363e-09 0.0088092 2.88758e-08
-1.03000 -0.0089762 -5.7823e-09 0.0089762 2.88728e-08
-1.04000 -0.0091433 -5.9302e-09 0.0091432 2.88703e-08
-1.05000 -0.0093102 -6.0802e-09 0.0093102 2.88681e-08
-1.06000 -0.0094771 -6.2321e-09 0.0094771 2.88662e-08
-1.07000 -0.0096439 -6.3859e-09 0.0096439 2.88645e-08
-1.08000 -0.0098106 -6.5416e-09 0.0098105 2.88631e-08
-1.09000 -0.0099771 -6.6992e-09 0.009977 2.8862e-08
-1.10000 -0.0101434 -6.8586e-09 0.0101434 2.8861e-08
-1.11000 -0.0103096 -7.0197e-09 0.0103095 2.88601e-08
-1.12000 -0.0104755 -7.1827e-09 0.0104755 2.88594e-08
-1.13000 -0.0106412 -7.3473e-09 0.0106412 2.88588e-08
-1.14000 -0.0108067 -7.5136e-09 0.0108066 2.88583e-08
-1.15000 -0.0109718 -7.6815e-09 0.0109718 2.88579e-08
-1.16000 -0.0111367 -7.851e-09 0.0111367 2.88575e-08
-1.17000 -0.0113013 -8.022e-09 0.0113012 2.88572e-08
-1.18000 -0.0114655 -8.1945e-09 0.0114655 2.8857e-08
-1.19000 -0.0116294 -8.3684e-09 0.0116293 2.88568e-08
-1.20000 -0.0117929 -8.5437e-09 0.0117928 2.88566e-08
1.00000 -5.408561e-10 9.321145e-10 -8.586447e-10 4.673863e-10
0.99 -5.381427e-10 9.107045e-10 -8.399481e-10 4.673863e-10
0.98 -5.354243e-10 8.894129e-10 -8.213749e-10 4.673863e-10
0.97 -5.327159e-10 8.682736e-10 -8.02944e-10 4.673863e-10
0.96 -5.300316e-10 8.473185e-10 -7.846732e-10 4.673863e-10
0.95 -5.273845e-10 8.26577e-10 -7.665788e-10 4.673864e-10
0.94 -5.247863e-10 8.060758e-10 -7.486759e-10 4.673864e-10
0.93 -5.222471e-10 7.858385e-10 -7.309778e-10 4.673864e-10
0.92 -5.19776e-10 7.658858e-10 -7.134962e-10 4.673864e-10
0.91 -5.173802e-10 7.462351e-10 -6.962413e-10 4.673864e-10
0.9 -5.15066e-10 7.269011e-10 -6.792215e-10 4.673864e-10
0.89 -5.128381e-10 7.078955e-10 -6.624438e-10 4.673864e-10
0.88 -5.107002e-10 6.892274e-10 -6.459135e-10 4.673864e-10
0.87 -5.08655e-10 6.709034e-10 -6.296347e-10 4.673864e-10
0.86 -5.067043e-10 6.529281e-10 -6.136102e-10 4.673864e-10
0.85 -5.04849e-10 6.353042e-10 -5.978415e-10 4.673864e-10
0.84 -5.030896e-10 6.180324e-10 -5.823291e-10 4.673864e-10
0.83 -5.014262e-10 6.011124e-10 -5.670726e-10 4.673864e-10
0.82 -4.998585e-10 5.845426e-10 -5.520705e-10 4.673864e-10
0.81 -4.983861e-10 5.683202e-10 -5.373205e-10 4.673864e-10
0.8 -4.970086e-10 5.524419e-10 -5.228197e-10 4.673864e-10
0.79 -4.957259e-10 5.369037e-10 -5.085641e-10 4.673864e-10
0.78 -4.945381e-10 5.21701e-10 -4.945492e-10 4.673864e-10
0.77 -4.934458e-10 5.068289e-10 -4.807695e-10 4.673864e-10
0.76 -4.924502e-10 4.922825e-10 -4.672187e-10 4.673864e-10
0.75 -4.915533e-10 4.780565e-10 -4.538895e-10 4.673864e-10
0.74 -4.907582e-10 4.641456e-10 -4.407738e-10 4.673864e-10
0.73 -4.900689e-10 4.505444e-10 -4.278618e-10 4.673864e-10
0.72 -4.894912e-10 4.372476e-10 -4.151427e-10 4.673864e-10
0.71 -4.890323e-10 4.242499e-10 -4.02604e-10 4.673864e-10
0.7 -4.887014e-10 4.115462e-10 -3.902311e-10 4.673864e-10
0.69 -4.885104e-10 3.991313e-10 -3.780073e-10 4.673864e-10
0.68 -4.884737e-10 3.870002e-10 -3.659129e-10 4.673864e-10
0.67 -4.886092e-10 3.751481e-10 -3.539253e-10 4.673864e-10
0.66 -4.889387e-10 3.635701e-10 -3.420178e-10 4.673864e-10
0.65 -4.894889e-10 3.522616e-10 -3.301591e-10 4.673864e-10
0.64 -4.902919e-10 3.41218e-10 -3.183125e-10 4.673864e-10
0.63 -4.913866e-10 3.304349e-10 -3.064347e-10 4.673864e-10
0.62 -4.928199e-10 3.199077e-10 -2.944742e-10 4.673864e-10
0.61 -4.946482e-10 3.096323e-10 -2.823705e-10 4.673864e-10
0.6 -4.969394e-10 2.996044e-10 -2.700514e-10 4.673864e-10
0.59 -4.997748e-10 2.898198e-10 -2.574313e-10 4.673864e-10
0.58 -5.032523e-10 2.802743e-10 -2.444084e-10 4.673864e-10
0.57 -5.07489e-10 2.709639e-10 -2.308613e-10 4.673864e-10
0.56 -5.126256e-10 2.618845e-10 -2.166452e-10 4.673864e-10
0.55 -5.18831e-10 2.530319e-10 -2.015873e-10 4.673864e-10
0.54 -5.263077e-10 2.444022e-10 -1.854809e-10 4.673864e-10
0.53 -5.352985e-10 2.359911e-10 -1.68079e-10 4.673864e-10
0.52 -5.460952e-10 2.277946e-10 -1.490858e-10 4.673864e-10
0.51 -5.590478e-10 2.198083e-10 -1.281468e-10 4.673864e-10
0.5 -5.745769e-10 2.120278e-10 -1.048373e-10 4.673864e-10
0.49 -5.931875e-10 2.044488e-10 -7.86476e-11 4.673864e-10
0.48 -6.154866e-10 1.970665e-10 -4.89662e-11 4.673864e-10
0.47 -6.422039e-10 1.89876e-10 -1.50585e-11 4.673864e-10
0.46 -6.742169e-10 1.828723e-10 2.39582e-11 4.673864e-10
0.45 -7.125813e-10 1.760499e-10 6.91451e-11 4.673864e-10
0.44 -7.585677e-10 1.694029e-10 1.217785e-10 4.673864e-10
0.43 -8.137058e-10 1.629251e-10 1.833944e-10 4.673864e-10
0.42 -8.798379e-10 1.566097e-10 2.558418e-10 4.673864e-10
0.41 -9.591836e-10 1.504493e-10 3.41348e-10 4.673864e-10
0.4 -1.0544e-09 1.444359e-10 4.425962e-10 4.673864e-10
0.39 -1.1688e-09 1.385609e-10 5.628211e-10 4.673864e-10
0.38 -1.3061e-09 1.328149e-10 7.059228e-10 4.673864e-10
0.37 -1.4712e-09 1.271878e-10 8.76606e-10 4.673864e-10
0.36 -1.6696e-09 1.216693e-10 1.0805e-09 4.673864e-10
0.35 -1.9082e-09 1.162487e-10 1.3246e-09 4.673864e-10
0.34 -2.1953e-09 1.109155e-10 1.617e-09 4.673864e-10
0.33 -2.5409e-09 1.056602e-10 1.9679e-09 4.673864e-10
0.32 -2.957e-09 1.004746e-10 2.3891e-09 4.673864e-10
0.31 -3.4582e-09 9.5353e-11 2.8954e-09 4.673864e-10
0.3 -4.0621e-09 9.0293e-11 3.5045e-09 4.673864e-10
0.29 -4.7902e-09 8.52959e-11 4.2375e-09 4.673864e-10
0.28 -5.6682e-09 8.03671e-11 5.1204e-09 4.673864e-10
0.27 -6.7274e-09 7.55162e-11 6.1845e-09 4.673864e-10
0.26 -8.0056e-09 7.07562e-11 7.4674e-09 4.673864e-10
0.25 -9.5487e-09 6.61025e-11 9.0152e-09 4.673864e-10
0.24 -1.14123e-08 6.15715e-11 1.08833e-08 4.673864e-10
0.23 -1.36636e-08 5.71794e-11 1.3139e-08 4.673864e-10
0.22 -1.63841e-08 5.29411e-11 1.58638e-08 4.673864e-10
0.21 -1.96729e-08 4.88691e-11 1.91567e-08 4.673864e-10
0.2 -2.36499e-08 4.49732e-11 2.31375e-08 4.673864e-10
0.19 -2.84603e-08 4.12601e-11 2.79517e-08 4.673864e-10
0.18 -3.42808e-08 3.77338e-11 3.37757e-08 4.673864e-10
0.17 -4.13253e-08 3.43954e-11 4.08236e-08 4.673864e-10
0.16 -4.98537e-08 3.12438e-11 4.93551e-08 4.673864e-10
0.15 -6.01812e-08 2.82761e-11 5.96855e-08 4.673864e-10
0.14 -7.26904e-08 2.54877e-11 7.21975e-08 4.673864e-10
0.13 -8.78458e-08 2.28728e-11 8.73555e-08 4.673864e-10
0.12 -1.062112e-07 2.04246e-11 1.057234e-07 4.673864e-10
0.11 -1.284709e-07 1.81356e-11 1.279853e-07 4.673864e-10
0.1 -1.554553e-07 1.5998e-11 1.549719e-07 4.673864e-10
0.09 -1.881723e-07 1.40031e-11 1.876909e-07 4.673864e-10
0.08 -2.278444e-07 1.2142e-11 2.273649e-07 4.673864e-10
0.07 -2.759542e-07 1.04055e-11 2.754764e-07 4.673864e-10
0.06 -3.342985e-07 8.7838e-12 3.338224e-07 4.673864e-10
0.05 -4.05054e-07 7.2667e-12 4.045794e-07 4.673864e-10
0.04 -4.908547e-07 5.8435e-12 4.903815e-07 4.673864e-10
0.03 -5.948851e-07 4.5024e-12 5.944132e-07 4.673864e-10
0.02 -7.209896e-07 3.2312e-12 7.20519e-07 4.673864e-10
0.01 -8.738018e-07 2.016e-12 8.733324e-07 4.673864e-10
0. -1.0589e-06 8.41562e-13 1.0584e-06 4.673864e-10
-0.01 -1.283e-06 -3.870442e-13 1.2825e-06 4.673864e-10
-0.02 -1.554e-06 -1.765e-12 1.5535e-06 4.673864e-10
-0.03 -1.8815e-06 -3.3111e-12 1.881e-06 4.673864e-10
-0.04 -2.2768e-06 -5.0466e-12 2.2763e-06 4.673864e-10
-0.05 -2.7531e-06 -6.9956e-12 2.7527e-06 4.673864e-10
-0.06 -3.3262e-06 -9.1856e-12 3.3258e-06 4.673864e-10
-0.07 -4.0141e-06 -1.16483e-11 4.0137e-06 4.673864e-10
-0.08 -4.8377e-06 -1.44198e-11 4.8373e-06 4.673864e-10
-0.09 -5.8208e-06 -1.75421e-11 5.8203e-06 4.673864e-10
-0.1 -6.99e-06 -2.10634e-11 6.9895e-06 4.673864e-10
-0.11 -8.3748e-06 -2.5039e-11 8.3743e-06 4.673864e-10
-0.12 -1.00073e-05 -2.95323e-11 1.00068e-05 4.673864e-10
-0.13 -1.19216e-05 -3.46146e-11 1.19212e-05 4.673864e-10
-0.14 -1.41531e-05 -4.03653e-11 1.41527e-05 4.673864e-10
-0.15 -1.67376e-05 -4.68714e-11 1.67372e-05 4.673864e-10
-0.16 -1.97099e-05 -5.42258e-11 1.97095e-05 4.673864e-10
-0.17 -2.31029e-05 -6.25264e-11 2.31025e-05 4.673864e-10
-0.18 -2.69457e-05 -7.18738e-11 2.69453e-05 4.673864e-10
-0.19 -3.12629e-05 -8.23693e-11 3.12625e-05 4.673864e-10
-0.2 -3.60729e-05 -9.41134e-11 3.60726e-05 4.673864e-10
-0.21 -4.13878e-05 -1.072034e-10 4.13874e-05 4.673864e-10
-0.22 -4.72123e-05 -1.217323e-10 4.72119e-05 4.673864e-10
-0.23 -5.35441e-05 -1.377874e-10 5.35437e-05 4.673864e-10
-0.24 -6.03739e-05 -1.554497e-10 6.03736e-05 4.673864e-10
-0.25 -6.76866e-05 -1.74793e-10 6.76863e-05 4.673864e-10
-0.26 -7.54614e-05 -1.958845e-10 7.54611e-05 4.673864e-10
-0.27 -8.36734e-05 -2.18785e-10 8.36732e-05 4.673864e-10
-0.28 -9.22945e-05 -2.435494e-10 9.22943e-05 4.673864e-10
-0.29 -0.0001012942 -2.702282e-10 0.000101294 4.673864e-10
-0.3 -0.0001106409 -2.988679e-10 0.0001106407 4.673864e-10
-0.31 -0.0001203024 -3.295122e-10 0.0001203023 4.673864e-10
-0.32 -0.0001302468 -3.622032e-10 0.0001302467 4.673864e-10
-0.33 -0.0001404429 -3.969823e-10 0.0001404428 4.673864e-10
-0.34 -0.0001508604 -4.338905e-10 0.0001508603 4.673864e-10
-0.35 -0.0001614707 -4.729694e-10 0.0001614707 4.673864e-10
-0.36 -0.0001722465 -5.142613e-10 0.0001722466 4.673864e-10
-0.37 -0.0001831625 -5.578099e-10 0.0001831626 4.673864e-10
-0.38 -0.0001941949 -6.036603e-10 0.000194195 4.673864e-10
-0.39 -0.0002053216 -6.51859e-10 0.0002053218 4.673864e-10
-0.4 -0.0002165223 -7.024541e-10 0.0002165225 4.673864e-10
-0.41 -0.0002277783 -7.554953e-10 0.0002277786 4.673864e-10
-0.42 -0.0002390724 -8.110339e-10 0.0002390727 4.673864e-10
-0.43 -0.0002503889 -8.691226e-10 0.0002503893 4.673864e-10
-0.44 -0.0002617136 -9.298152e-10 0.000261714 4.673864e-10
-0.45 -0.0002730333 -9.931671e-10 0.0002730338 4.673864e-10
-0.46 -0.0002843363 -1.0592e-09 0.0002843369 4.673864e-10
-0.47 -0.0002956118 -1.1281e-09 0.0002956124 4.673864e-10
-0.48 -0.00030685 -1.1997e-09 0.0003068508 4.673864e-10
-0.49 -0.0003180423 -1.2743e-09 0.0003180431 4.673864e-10
-0.5 -0.0003291806 -1.3518e-09 0.0003291815 4.673864e-10
-0.51 -0.000340258 -1.4323e-09 0.0003402589 4.673864e-10
-0.52 -0.0003512678 -1.5159e-09 0.0003512689 4.673864e-10
-0.53 -0.0003622045 -1.6026e-09 0.0003622056 4.673864e-10
-0.54 -0.0003730629 -1.6925e-09 0.0003730641 4.673864e-10
-0.55 -0.0003838384 -1.7857e-09 0.0003838397 4.673864e-10
-0.56 -0.000394527 -1.8822e-09 0.0003945284 4.673864e-10
-0.57 -0.000405125 -1.982e-09 0.0004051265 4.673864e-10
-0.58 -0.0004156294 -2.0852e-09 0.000415631 4.673864e-10
-0.59 -0.0004260373 -2.192e-09 0.000426039 4.673864e-10
-0.6 -0.0004363462 -2.3023e-09 0.0004363481 4.673864e-10
-0.61 -0.0004465542 -2.4161e-09 0.0004465562 4.673864e-10
-0.62 -0.0004566594 -2.5337e-09 0.0004566615 4.673864e-10
-0.63 -0.0004666603 -2.6549e-09 0.0004666625 4.673864e-10
-0.64 -0.0004765555 -2.7799e-09 0.0004765578 4.673864e-10
-0.65 -0.0004863441 -2.9087e-09 0.0004863465 4.673864e-10
-0.66 -0.0004960251 -3.0414e-09 0.0004960277 4.673864e-10
-0.67 -0.0005055979 -3.178e-09 0.0005056007 4.673864e-10
-0.68 -0.0005150621 -3.3185e-09 0.0005150649 4.673864e-10
-0.69 -0.0005244171 -3.4631e-09 0.0005244201 4.673864e-10
-0.7 -0.000533663 -3.6116e-09 0.0005336661 4.673864e-10
-0.71 -0.0005427995 -3.7643e-09 0.0005428028 4.673864e-10
-0.72 -0.0005518268 -3.9211e-09 0.0005518302 4.673864e-10
-0.73 -0.0005607449 -4.0821e-09 0.0005607485 4.673864e-10
-0.74 -0.0005695541 -4.2472e-09 0.0005695579 4.673864e-10
-0.75 -0.0005782549 -4.4166e-09 0.0005782588 4.673864e-10
-0.76 -0.0005868475 -4.5902e-09 0.0005868516 4.673864e-10
-0.77 -0.0005953324 -4.7681e-09 0.0005953367 4.673864e-10
-0.78 -0.0006037103 -4.9503e-09 0.0006037148 4.673864e-10
-0.79 -0.0006119817 -5.1368e-09 0.0006119864 4.673864e-10
-0.8 -0.0006201473 -5.3277e-09 0.0006201522 4.673864e-10
-0.81 -0.0006282078 -5.5229e-09 0.0006282129 4.673864e-10
-0.82 -0.000636164 -5.7225e-09 0.0006361693 4.673864e-10
-0.83 -0.0006440166 -5.9264e-09 0.0006440221 4.673864e-10
-0.84 -0.0006517665 -6.1347e-09 0.0006517721 4.673864e-10
-0.85 -0.0006594145 -6.3474e-09 0.0006594203 4.673864e-10
-0.86 -0.0006669615 -6.5644e-09 0.0006669675 4.673864e-10
-0.87 -0.0006744083 -6.7858e-09 0.0006744147 4.673864e-10
-0.88 -0.0006817561 -7.0116e-09 0.0006817626 4.673864e-10
-0.89 -0.0006890056 -7.2416e-09 0.0006890123 4.673864e-10
-0.9 -0.0006961578 -7.476e-09 0.0006961648 4.673864e-10
-0.91 -0.0007032137 -7.7147e-09 0.0007032209 4.673864e-10
-0.92 -0.0007101743 -7.9576e-09 0.0007101818 4.673864e-10
-0.93 -0.0007170405 -8.2048e-09 0.0007170482 4.673864e-10
-0.94 -0.0007238134 -8.4561e-09 0.0007238214 4.673864e-10
-0.95 -0.0007304939 -8.7116e-09 0.0007305022 4.673864e-10
-0.96 -0.0007370831 -8.9712e-09 0.0007370916 4.673864e-10
-0.97 -0.000743582 -9.2349e-09 0.0007435908 4.673864e-10
-0.98 -0.0007499915 -9.5026e-09 0.0007500006 4.673864e-10
-0.99 -0.0007563127 -9.7742e-09 0.000756322 4.673864e-10
-1.00000 -0.0007625466 -1.00497e-08 0.0007625562 4.673864e-10
-1.01000 -0.0007686942 -1.0329e-08 0.000768704 4.673864e-10
-1.02000 -0.0007747564 -1.06121e-08 0.0007747666 4.673864e-10
-1.03000 -0.0007807344 -1.08988e-08 0.0007807448 4.673864e-10
-1.04000 -0.000786629 -1.11892e-08 0.0007866397 4.673864e-10
-1.05000 -0.0007924413 -1.1483e-08 0.0007924523 4.673864e-10
-1.06000 -0.0007981722 -1.17803e-08 0.0007981835 4.673864e-10
-1.07000 -0.0008038227 -1.20809e-08 0.0008038344 4.673864e-10
-1.08000 -0.0008093939 -1.23848e-08 0.0008094058 4.673864e-10
-1.09000 -0.0008148866 -1.26918e-08 0.0008148988 4.673864e-10
-1.10000 -0.0008203018 -1.30018e-08 0.0008203144 4.673864e-10
-1.11000 -0.0008256405 -1.33147e-08 0.0008256534 4.673864e-10
-1.12000 -0.0008309036 -1.36304e-08 0.0008309168 4.673864e-10
-1.13000 -0.000836092 -1.39488e-08 0.0008361055 4.673864e-10
-1.14000 -0.0008412067 -1.42698e-08 0.0008412205 4.673864e-10
-1.15000 -0.0008462486 -1.45932e-08 0.0008462627 4.673864e-10
-1.16000 -0.0008512185 -1.49189e-08 0.000851233 4.673864e-10
-1.17000 -0.0008561174 -1.52468e-08 0.0008561322 4.673864e-10
-1.18000 -0.0008609462 -1.55767e-08 0.0008609613 4.673864e-10
-1.19000 -0.0008657057 -1.59085e-08 0.0008657212 4.673864e-10
-1.20000 -0.0008703969 -1.62421e-08 0.0008704126 4.673864e-10
1.00000 -6.061e-08 1.0327e-09 -9.088865e-10 6.04861e-08
0.99 -6.06071e-08 1.0111e-09 -8.900488e-10 6.04861e-08
0.98 -6.06043e-08 9.894242e-10 -8.712687e-10 6.04861e-08
0.97 -6.06013e-08 9.677835e-10 -8.525628e-10 6.04861e-08
0.96 -6.05983e-08 9.461943e-10 -8.339474e-10 6.04861e-08
0.95 -6.05953e-08 9.24685e-10 -8.15438e-10 6.04861e-08
0.94 -6.05923e-08 9.032831e-10 -7.970494e-10 6.04861e-08
0.93 -6.05893e-08 8.820149e-10 -7.787955e-10 6.04861e-08
0.92 -6.05863e-08 8.609051e-10 -7.606892e-10 6.04861e-08
0.91 -6.05833e-08 8.399767e-10 -7.427424e-10 6.04861e-08
0.9 -6.05804e-08 8.192513e-10 -7.249658e-10 6.04861e-08
0.89 -6.05775e-08 7.987485e-10 -7.07369e-10 6.04861e-08
0.88 -6.05746e-08 7.784865e-10 -6.899601e-10 6.04861e-08
0.87 -6.05718e-08 7.584816e-10 -6.727461e-10 6.04861e-08
0.86 -6.05691e-08 7.387481e-10 -6.557324e-10 6.04861e-08
0.85 -6.05665e-08 7.192991e-10 -6.389231e-10 6.04861e-08
0.84 -6.05639e-08 7.001458e-10 -6.223206e-10 6.04861e-08
0.83 -6.05615e-08 6.81298e-10 -6.059259e-10 6.04861e-08
0.82 -6.05591e-08 6.627637e-10 -5.89738e-10 6.04861e-08
0.81 -6.05569e-08 6.445501e-10 -5.737543e-10 6.04861e-08
0.8 -6.05548e-08 6.266625e-10 -5.5797e-10 6.04861e-08
0.79 -6.05528e-08 6.091055e-10 -5.423781e-10 6.04861e-08
0.78 -6.0551e-08 5.918823e-10 -5.269693e-10 6.04861e-08
0.77 -6.05494e-08 5.749953e-10 -5.117312e-10 6.04861e-08
0.76 -6.05479e-08 5.584458e-10 -4.966488e-10 6.04861e-08
0.75 -6.05466e-08 5.422345e-10 -4.817029e-10 6.04861e-08
0.74 -6.05456e-08 5.263611e-10 -4.668705e-10 6.04861e-08
0.73 -6.05448e-08 5.10825e-10 -4.521237e-10 6.04861e-08
0.72 -6.05443e-08 4.956246e-10 -4.374289e-10 6.04861e-08
0.71 -6.05441e-08 4.807581e-10 -4.22746e-10 6.04861e-08
0.7 -6.05443e-08 4.662232e-10 -4.080267e-10 6.04861e-08
0.69 -6.05449e-08 4.52017e-10 -3.932139e-10 6.04861e-08
0.68 -6.0546e-08 4.381364e-10 -3.782389e-10 6.04861e-08
0.67 -6.05477e-08 4.245781e-10 -3.630203e-10 6.04861e-08
0.66 -6.055e-08 4.113384e-10 -3.474607e-10 6.04861e-08
0.65 -6.05531e-08 3.984133e-10 -3.314441e-10 6.04861e-08
0.64 -6.05571e-08 3.857988e-10 -3.14832e-10 6.04861e-08
0.63 -6.05621e-08 3.734906e-10 -2.974591e-10 6.04861e-08
0.62 -6.05685e-08 3.614844e-10 -2.791279e-10 6.04861e-08
0.61 -6.05763e-08 3.497755e-10 -2.596025e-10 6.04861e-08
0.6 -6.05859e-08 3.383595e-10 -2.386003e-10 6.04861e-08
0.59 -6.05976e-08 3.272315e-10 -2.157836e-10 6.04861e-08
0.58 -6.06118e-08 3.163867e-10 -1.907475e-10 6.04861e-08
0.57 -6.06289e-08 3.058204e-10 -1.63007e-10 6.04861e-08
0.56 -6.06497e-08 2.955276e-10 -1.319805e-10 6.04861e-08
0.55 -6.06747e-08 2.855032e-10 -9.69701e-11 6.04861e-08
0.54 -6.07047e-08 2.757422e-10 -5.71382e-11 6.04861e-08
0.53 -6.07409e-08 2.662394e-10 -1.14785e-11 6.04861e-08
0.52 -6.07844e-08 2.569897e-10 4.12181e-11 6.04862e-08
0.51 -6.08366e-08 2.479876e-10 1.024054e-10 6.04862e-08
0.5 -6.08992e-08 2.392278e-10 1.738323e-10 6.04862e-08
0.49 -6.09745e-08 2.307046e-10 2.576034e-10 6.04862e-08
0.48 -6.10649e-08 2.224122e-10 3.562527e-10 6.04862e-08
0.47 -6.11734e-08 2.143448e-10 4.728322e-10 6.04862e-08
0.46 -6.13038e-08 2.06496e-10 6.110201e-10 6.04863e-08
0.45 -6.14604e-08 1.988593e-10 7.752499e-10 6.04863e-08
0.44 -6.16486e-08 1.91428e-10 9.708688e-10 6.04863e-08
0.43 -6.18749e-08 1.841945e-10 1.2043e-09 6.04864e-08
0.42 -6.2147e-08 1.771512e-10 1.4834e-09 6.04865e-08
0.41 -6.24743e-08 1.702896e-10 1.8175e-09 6.04865e-08
0.4 -6.28682e-08 1.636009e-10 2.218e-09 6.04866e-08
0.39 -6.33424e-08 1.570753e-10 2.6986e-09 6.04867e-08
0.38 -6.39134e-08 1.507026e-10 3.2758e-09 6.04868e-08
0.37 -6.46013e-08 1.444718e-10 3.9698e-09 6.0487e-08
0.36 -6.54302e-08 1.383717e-10 4.8047e-09 6.04872e-08
0.35 -6.64296e-08 1.323908e-10 5.8098e-09 6.04874e-08
0.34 -6.76349e-08 1.265178e-10 7.0207e-09 6.04877e-08
0.33 -6.9089e-08 1.207423e-10 8.4803e-09 6.0488e-08
0.32 -7.08439e-08 1.150554e-10 1.02405e-08 6.04884e-08
0.31 -7.29626e-08 1.094507e-10 1.23643e-08 6.04888e-08
0.3 -7.55214e-08 1.039248e-10 1.49281e-08 6.04894e-08
0.29 -7.86127e-08 9.84785e-11 1.80242e-08 6.04901e-08
0.28 -8.23487e-08 9.31166e-11 2.17647e-08 6.04909e-08
0.27 -8.68652e-08 8.78478e-11 2.62855e-08 6.04919e-08
0.26 -9.23271e-08 8.26845e-11 3.17513e-08 6.04931e-08
0.25 -9.89343e-08 7.76414e-11 3.83621e-08 6.04945e-08
0.24 -1.069294e-07 7.27344e-11 4.63604e-08 6.04963e-08
0.23 -1.166069e-07 6.79788e-11 5.60405e-08 6.04984e-08
0.22 -1.283241e-07 6.33889e-11 6.77597e-08 6.0501e-08
0.21 -1.42515e-07 5.89766e-11 8.19519e-08 6.05041e-08
0.2 -1.597066e-07 5.47507e-11 9.91439e-08 6.05079e-08
0.19 -1.805387e-07 5.07174e-11 1.199755e-07 6.05125e-08
0.18 -2.057886e-07 4.68797e-11 1.452237e-07 6.0518e-08
0.17 -2.364005e-07 4.32379e-11 1.758325e-07 6.05248e-08
0.16 -2.735214e-07 3.979e-11 2.129487e-07 6.05329e-08
0.15 -3.185447e-07 3.65318e-11 2.579654e-07 6.05428e-08
0.14 -3.731631e-07 3.34576e-11 3.125748e-07 6.05548e-08
0.13 -4.394325e-07 3.056e-11 3.788327e-07 6.05693e-08
0.12 -5.198502e-07 2.78307e-11 4.592355e-07 6.05869e-08
0.11 -6.17448e-07 2.52604e-11 5.568144e-07 6.06083e-08
0.1 -7.359058e-07 2.28387e-11 6.752488e-07 6.06342e-08
0.09 -8.796883e-07 2.05544e-11 8.190021e-07 6.06657e-08
0.08 -1.0542e-06 1.83954e-11 9.934862e-07 6.07038e-08
0.07 -1.266e-06 1.63487e-11 1.2053e-06 6.07499e-08
0.06 -1.5231e-06 1.44e-11 1.4622e-06 6.08059e-08
0.05 -1.8349e-06 1.25339e-11 1.7741e-06 6.08736e-08
0.04 -2.2132e-06 1.07331e-11 2.1522e-06 6.09555e-08
0.03 -2.6718e-06 8.9787e-12 2.6108e-06 6.10544e-08
0.02 -3.2275e-06 7.2494e-12 3.1663e-06 6.11739e-08
0.01 -3.9004e-06 5.5216e-12 3.839e-06 6.13179e-08
0. -4.7143e-06 3.7684e-12 4.6528e-06 6.1491e-08
-0.01 -5.6978e-06 1.8817e-12 5.6361e-06 6.16988e-08
-0.02 -6.8844e-06 -2.479982e-13 6.8224e-06 6.19475e-08
-0.03 -8.3137e-06 -2.6552e-12 8.2514e-06 6.22442e-08
-0.04 -1.00316e-05 -5.3773e-12 9.969e-06 6.25968e-08
-0.05 -1.20913e-05 -8.4551e-12 1.20283e-05 6.30139e-08
-0.06 -1.45536e-05 -1.19316e-11 1.44902e-05 6.35047e-08
-0.07 -1.74872e-05 -1.58521e-11 1.74232e-05 6.4079e-08
-0.08 -2.09686e-05 -2.02631e-11 2.09039e-05 6.47462e-08
-0.09 -2.50817e-05 -2.52116e-11 2.50162e-05 6.55157e-08
-0.1 -2.99173e-05 -3.07446e-11 2.98509e-05 6.63958e-08
-0.11 -3.55715e-05 -3.69081e-11 3.55041e-05 6.73932e-08
-0.12 -4.21443e-05 -4.37469e-11 4.20758e-05 6.85127e-08
-0.13 -4.97376e-05 -5.13043e-11 4.96679e-05 6.97562e-08
-0.14 -5.84534e-05 -5.96216e-11 5.83823e-05 7.11228e-08
-0.15 -6.83912e-05 -6.87384e-11 6.83187e-05 7.26079e-08
-0.16 -7.96467e-05 -7.86924e-11 7.95726e-05 7.42035e-08
-0.17 -9.23095e-05 -8.95195e-11 9.22337e-05 7.58982e-08
-0.18 -0.0001064623 -1.012539e-10 0.0001063847 7.76774e-08
-0.19 -0.0001221797 -1.139279e-10 0.0001221002 7.95235e-08
-0.2 -0.0001395276 -1.275727e-10 0.0001394463 8.1417e-08
-0.21 -0.0001585632 -1.422182e-10 0.00015848 8.33366e-08
-0.22 -0.0001793349 -1.578934e-10 0.0001792498 8.526e-08
-0.23 -0.0002018827 -1.746265e-10 0.0002017957 8.71648e-08
-0.24 -0.0002262383 -1.924456e-10 0.0002261495 8.90287e-08
-0.25 -0.0002524261 -2.113785e-10 0.0002523355 9.08303e-08
-0.26 -0.0002804633 -2.314531e-10 0.000280371 9.25495e-08
-0.27 -0.0003103608 -2.526979e-10 0.0003102668 9.41678e-08
-0.28 -0.0003421235 -2.751415e-10 0.0003420281 9.56687e-08
-0.29 -0.0003757512 -2.988135e-10 0.0003756545 9.70378e-08
-0.3 -0.0004112389 -3.237441e-10 0.000411141 9.82633e-08
-0.31 -0.0004485772 -3.499642e-10 0.0004484782 9.93354e-08
-0.32 -0.0004877529 -3.77506e-10 0.000487653 1.002469e-07
-0.33 -0.0005287493 -4.064021e-10 0.0005286488 1.00993e-07
-0.34 -0.000571547 -4.366865e-10 0.0005714459 1.01571e-07
-0.35 -0.0006161235 -4.68394e-10 0.000616022 1.019804e-07
-0.36 -0.0006624542 -5.015604e-10 0.0006623525 1.022228e-07
-0.37 -0.0007105123 -5.362225e-10 0.0007104106 1.023014e-07
-0.38 -0.0007602693 -5.724179e-10 0.0007601677 1.022212e-07
-0.39 -0.000811695 -6.101853e-10 0.0008115936 1.019886e-07
-0.4 -0.000864758 -6.495643e-10 0.0008646571 1.016111e-07
-0.41 -0.0009194258 -6.905951e-10 0.0009193254 1.010974e-07
-0.42 -0.0009756647 -7.333189e-10 0.000975565 1.004569e-07
-0.43 -0.0010334 -7.777777e-10 0.0010333 9.96998e-08
-0.44 -0.0010927 -8.240139e-10 0.0010926 9.88367e-08
-0.45 -0.0011535 -8.720709e-10 0.0011534 9.78784e-08
-0.46 -0.0012156 -9.219926e-10 0.0012155 9.6836e-08
-0.47 -0.0012792 -9.738232e-10 0.0012791 9.57206e-08
-0.48 -0.0013441 -1.0276e-09 0.001344 9.4543e-08
-0.49 -0.0014104 -1.0834e-09 0.0014103 9.33139e-08
-0.5 -0.0014779 -1.1412e-09 0.0014778 9.20437e-08
-0.51 -0.0015467 -1.2011e-09 0.0015466 9.07424e-08
-0.52 -0.0016167 -1.2632e-09 0.0016166 8.94193e-08
-0.53 -0.0016879 -1.3274e-09 0.0016878 8.80835e-08
-0.54 -0.0017602 -1.3939e-09 0.0017602 8.67431e-08
-0.55 -0.0018337 -1.4626e-09 0.0018336 8.54059e-08
-0.56 -0.0019082 -1.5337e-09 0.0019081 8.40791e-08
-0.57 -0.0019838 -1.6071e-09 0.0019837 8.27689e-08
-0.58 -0.0020603 -1.683e-09 0.0020602 8.14811e-08
-0.59 -0.0021379 -1.7613e-09 0.0021378 8.0221e-08
-0.6 -0.0022163 -1.8421e-09 0.0022163 7.89929e-08
-0.61 -0.0022957 -1.9255e-09 0.0022957 7.78008e-08
-0.62 -0.002376 -2.0114e-09 0.0023759 7.66479e-08
-0.63 -0.0024571 -2.1001e-09 0.0024571 7.55369e-08
-0.64 -0.0025391 -2.1913e-09 0.002539 7.447e-08
-0.65 -0.0026218 -2.2854e-09 0.0026217 7.34489e-08
-0.66 -0.0027053 -2.3821e-09 0.0027052 7.24748e-08
-0.67 -0.0027895 -2.4817e-09 0.0027895 7.15485e-08
-0.68 -0.0028745 -2.5842e-09 0.0028744 7.06702e-08
-0.69 -0.0029601 -2.6896e-09 0.00296 6.98402e-08
-0.7 -0.0030463 -2.7978e-09 0.0030463 6.90579e-08
-0.71 -0.0031332 -2.9091e-09 0.0031331 6.83228e-08
-0.72 -0.0032207 -3.0234e-09 0.0032206 6.76341e-08
-0.73 -0.0033087 -3.1407e-09 0.0033086 6.69906e-08
-0.74 -0.0033973 -3.2611e-09 0.0033972 6.63911e-08
-0.75 -0.0034864 -3.3846e-09 0.0034863 6.58341e-08
-0.76 -0.003576 -3.5113e-09 0.003576 6.5318e-08
-0.77 -0.0036661 -3.6411e-09 0.003666 6.48412e-08
-0.78 -0.0037566 -3.7742e-09 0.0037566 6.44018e-08
-0.79 -0.0038476 -3.9105e-09 0.0038476 6.39981e-08
-0.8 -0.003939 -4.0501e-09 0.0039389 6.36282e-08
-0.81 -0.0040308 -4.1929e-09 0.0040307 6.32901e-08
-0.82 -0.0041229 -4.3391e-09 0.0041228 6.29821e-08
-0.83 -0.0042154 -4.4886e-09 0.0042153 6.27021e-08
-0.84 -0.0043082 -4.6415e-09 0.0043081 6.24484e-08
-0.85 -0.0044013 -4.7977e-09 0.0044012 6.22192e-08
-0.86 -0.0044946 -4.9573e-09 0.0044946 6.20126e-08
-0.87 -0.0045883 -5.1204e-09 0.0045882 6.1827e-08
-0.88 -0.0046822 -5.2868e-09 0.0046821 6.16607e-08
-0.89 -0.0047763 -5.4567e-09 0.0047763 6.15121e-08
-0.9 -0.0048707 -5.63e-09 0.0048706 6.13798e-08
-0.91 -0.0049652 -5.8068e-09 0.0049651 6.12623e-08
-0.92 -0.0050599 -5.987e-09 0.0050599 6.11583e-08
-0.93 -0.0051548 -6.1706e-09 0.0051547 6.10665e-08
-0.94 -0.0052498 -6.3577e-09 0.0052497 6.09857e-08
-0.95 -0.0053449 -6.5482e-09 0.0053449 6.09148e-08
-0.96 -0.0054402 -6.7422e-09 0.0054401 6.08528e-08
-0.97 -0.0055355 -6.9395e-09 0.0055354 6.07988e-08
-0.98 -0.0056309 -7.1403e-09 0.0056308 6.07519e-08
-0.99 -0.0057264 -7.3444e-09 0.0057263 6.07113e-08
-1.00000 -0.0058219 -7.552e-09 0.0058218 6.06762e-08
-1.01000 -0.0059174 -7.7629e-09 0.0059174 6.06461e-08
-1.02000 -0.006013 -7.9771e-09 0.0060129 6.06203e-08
-1.03000 -0.0061086 -8.1946e-09 0.0061085 6.05982e-08
-1.04000 -0.0062041 -8.4153e-09 0.0062041 6.05795e-08
-1.05000 -0.0062996 -8.6393e-09 0.0062996 6.05636e-08
-1.06000 -0.0063951 -8.8666e-09 0.0063951 6.05501e-08
-1.07000 -0.0064905 -9.0969e-09 0.0064905 6.05388e-08
-1.08000 -0.0065859 -9.3304e-09 0.0065859 6.05293e-08
-1.09000 -0.0066812 -9.567e-09 0.0066811 6.05214e-08
-1.10000 -0.0067764 -9.8066e-09 0.0067763 6.05148e-08
-1.11000 -0.0068714 -1.00491e-08 0.0068714 6.05094e-08
-1.12000 -0.0069664 -1.02946e-08 0.0069663 6.05049e-08
-1.13000 -0.0070612 -1.0543e-08 0.0070611 6.05012e-08
-1.14000 -0.0071559 -1.07941e-08 0.0071558 6.04982e-08
-1.15000 -0.0072504 -1.1048e-08 0.0072503 6.04957e-08
-1.16000 -0.0073447 -1.13046e-08 0.0073446 6.04937e-08
-1.17000 -0.0074388 -1.15638e-08 0.0074388 6.04921e-08
-1.18000 -0.0075328 -1.18255e-08 0.0075327 6.04908e-08
-1.19000 -0.0076265 -1.20897e-08 0.0076265 6.04898e-08
-1.20000 -0.0077201 -1.23562e-08 0.00772 6.0489e-08
