Index    TIME    V(DRAIN)quad_pce_mean    V(DRAIN)quad_pce_meanPlus    V(DRAIN)quad_pce_meanMinus    V(DRAIN)quad_pce_stddev    V(DRAIN)quad_pce_variance    
0   0.00000000e+00   1.00000000e+00   1.00000000e+00   1.00000000e+00   3.54306700e-09   1.25533200e-17   
1   1.00000000e-09   1.00000000e+00   1.00000000e+00   1.00000000e+00   3.54306700e-09   1.25533200e-17   
2   3.00000000e-09   1.00000000e+00   1.00000000e+00   1.00000000e+00   3.54306700e-09   1.25533200e-17   
3   7.00000000e-09   1.00000000e+00   1.00000000e+00   1.00000000e+00   3.54306700e-09   1.25533300e-17   
4   1.50000000e-08   1.00000000e+00   1.00000000e+00   1.00000000e+00   3.54306700e-09   1.25533200e-17   
5   3.10000000e-08   1.00000000e+00   1.00000000e+00   1.00000000e+00   3.54306700e-09   1.25533300e-17   
6   6.30000000e-08   1.00000000e+00   1.00000000e+00   1.00000000e+00   3.54306700e-09   1.25533200e-17   
7   1.03000000e-07   1.00000000e+00   1.00000000e+00   1.00000000e+00   3.54306700e-09   1.25533200e-17   
8   1.43000000e-07   1.00000000e+00   1.00000000e+00   1.00000000e+00   3.54306700e-09   1.25533200e-17   
9   1.83000000e-07   1.00000000e+00   1.00000000e+00   1.00000000e+00   3.54306700e-09   1.25533200e-17   
10   2.23000000e-07   1.00000000e+00   1.00000000e+00   1.00000000e+00   3.54306700e-09   1.25533300e-17   
11   2.63000000e-07   1.00000000e+00   1.00000000e+00   1.00000000e+00   3.54306700e-09   1.25533200e-17   
12   3.03000000e-07   1.00000000e+00   1.00000000e+00   1.00000000e+00   3.54306700e-09   1.25533300e-17   
13   3.43000000e-07   1.00000000e+00   1.00000000e+00   1.00000000e+00   3.54306700e-09   1.25533200e-17   
14   3.83000000e-07   1.00000000e+00   1.00000000e+00   1.00000000e+00   3.54306700e-09   1.25533300e-17   
15   4.00000000e-07   1.00000000e+00   1.00000000e+00   1.00000000e+00   3.54306700e-09   1.25533200e-17   
16   4.02156800e-07   1.00008900e+00   1.00011600e+00   1.00006300e+00   2.66603500e-05   7.10774300e-10   
17   4.04048800e-07   1.00009600e+00   1.00012800e+00   1.00006500e+00   3.13700400e-05   9.84079600e-10   
18   4.07832900e-07   1.00011400e+00   1.00015800e+00   1.00006900e+00   4.45542000e-05   1.98507700e-09   
19   4.15400900e-07   1.00018200e+00   1.00029100e+00   1.00007300e+00   1.08807300e-04   1.18390200e-08   
20   4.30537000e-07   1.00103100e+00   1.00216600e+00   9.99894700e-01   1.13587400e-03   1.29020900e-06   
21   4.34321000e-07   1.00177300e+00   1.00403300e+00   9.99513300e-01   2.25993600e-03   5.10731200e-06   
22   4.38105000e-07   1.00230200e+00   1.00673300e+00   9.97872000e-01   4.43039000e-03   1.96283600e-05   
23   4.41889000e-07   9.99889200e-01   1.01731300e+00   9.82465600e-01   1.74235900e-02   3.03581400e-04   
24   4.42340600e-07   9.98945400e-01   1.01976700e+00   9.78123800e-01   2.08216600e-02   4.33541500e-04   
25   4.42792200e-07   9.97850600e-01   1.02244600e+00   9.73255400e-01   2.45951600e-02   6.04921800e-04   
26   4.43695400e-07   9.94675200e-01   1.02918500e+00   9.60165900e-01   3.45093300e-02   1.19089400e-03   
27   4.44598500e-07   9.89839800e-01   1.03793500e+00   9.41744500e-01   4.80952900e-02   2.31315700e-03   
28   4.45501700e-07   9.82848600e-01   1.04884000e+00   9.16857200e-01   6.59914800e-02   4.35487500e-03   
29   4.46404900e-07   9.73093900e-01   1.06183700e+00   8.84350400e-01   8.87435600e-02   7.87541900e-03   
30   4.47308000e-07   9.59834300e-01   1.07675500e+00   8.42913100e-01   1.16921100e-01   1.36705500e-02   
31   4.48211200e-07   9.42423800e-01   1.09340500e+00   7.91442100e-01   1.50981600e-01   2.27954500e-02   
32   4.49114400e-07   9.20266300e-01   1.11114000e+00   7.29392500e-01   1.90873800e-01   3.64327900e-02   
33   4.50017600e-07   8.92928400e-01   1.12729200e+00   6.58564400e-01   2.34364000e-01   5.49265000e-02   
34   4.50142700e-07   8.88758000e-01   1.12900700e+00   6.48509500e-01   2.40248500e-01   5.77193600e-02   
35   4.50267800e-07   8.84597100e-01   1.13054500e+00   6.38649200e-01   2.45947800e-01   6.04903300e-02   
36   4.50518100e-07   8.76400700e-01   1.13232600e+00   6.20475300e-01   2.55925300e-01   6.54977800e-02   
37   4.50768400e-07   8.68355000e-01   1.13250000e+00   6.04210400e-01   2.64144600e-01   6.97723400e-02   
38   4.51018700e-07   8.60210800e-01   1.13172700e+00   5.88694400e-01   2.71516400e-01   7.37211400e-02   
39   4.51269000e-07   8.51723800e-01   1.13068300e+00   5.72764200e-01   2.78959600e-01   7.78184600e-02   
40   4.51769600e-07   8.33769500e-01   1.12812400e+00   5.39415100e-01   2.94354400e-01   8.66445200e-02   
41   4.52270200e-07   8.15724300e-01   1.12279400e+00   5.08655100e-01   3.07069200e-01   9.42915000e-02   
42   4.52720700e-07   7.99115200e-01   1.11599900e+00   4.82231900e-01   3.16883300e-01   1.00415100e-01   
43   4.53171200e-07   7.80905500e-01   1.10949400e+00   4.52317000e-01   3.28588500e-01   1.07970400e-01   
44   4.53621800e-07   7.61162400e-01   1.10339600e+00   4.18929100e-01   3.42233300e-01   1.17123600e-01   
45   4.54072300e-07   7.40854100e-01   1.09711300e+00   3.84594700e-01   3.56259400e-01   1.26920700e-01   
46   4.54522800e-07   7.20285400e-01   1.09097400e+00   3.49596700e-01   3.70688700e-01   1.37410100e-01   
47   4.54973300e-07   6.98845400e-01   1.08573000e+00   3.11960800e-01   3.86884600e-01   1.49679700e-01   
48   4.55423900e-07   6.76626300e-01   1.08106500e+00   2.72187700e-01   4.04438600e-01   1.63570600e-01   
49   4.55874400e-07   6.54541200e-01   1.07630600e+00   2.32776000e-01   4.21765200e-01   1.77885900e-01   
50   4.56324900e-07   6.35200200e-01   1.06973100e+00   2.00669600e-01   4.34530600e-01   1.88816800e-01   
51   4.56718100e-07   6.20928000e-01   1.06201400e+00   1.79842000e-01   4.41086100e-01   1.94556900e-01   
52   4.57111300e-07   6.08328500e-01   1.05279700e+00   1.63860200e-01   4.44468200e-01   1.97552000e-01   
53   4.57465100e-07   5.98300900e-01   1.04339400e+00   1.53207400e-01   4.45093500e-01   1.98108300e-01   
54   4.57819000e-07   5.88922300e-01   1.03340700e+00   1.44437800e-01   4.44484500e-01   1.97566500e-01   
55   4.58172800e-07   5.80033100e-01   1.02293400e+00   1.37132400e-01   4.42900800e-01   1.96161100e-01   
56   4.58526700e-07   5.71386300e-01   1.01190700e+00   1.30865900e-01   4.40520400e-01   1.94058200e-01   
57   4.58880500e-07   5.62540500e-01   1.00025200e+00   1.24829100e-01   4.37711300e-01   1.91591200e-01   
58   4.59234400e-07   5.53132300e-01   9.87936500e-01   1.18328100e-01   4.34804200e-01   1.89054700e-01   
59   4.59588200e-07   5.42986100e-01   9.74978300e-01   1.10993800e-01   4.31992200e-01   1.86617300e-01   
60   4.60295900e-07   5.20252400e-01   9.47353200e-01   9.31515200e-02   4.27100900e-01   1.82415100e-01   
61   4.61003600e-07   4.94154900e-01   9.18094900e-01   7.02148500e-02   4.23940000e-01   1.79725100e-01   
62   4.61711300e-07   4.64623600e-01   8.88026500e-01   4.12206700e-02   4.23402900e-01   1.79270000e-01   
63   4.62419000e-07   4.31697700e-01   8.57955900e-01   5.43948100e-03   4.26258200e-01   1.81696100e-01   
64   4.63126700e-07   3.95496900e-01   8.28556300e-01   -3.75625000e-02   4.33059400e-01   1.87540400e-01   
65   4.63834400e-07   3.57483400e-01   8.00800500e-01   -8.58337900e-02   4.43317100e-01   1.96530100e-01   
66   4.63927800e-07   3.52732000e-01   7.97291700e-01   -9.18278200e-02   4.44559800e-01   1.97633400e-01   
67   4.64114500e-07   3.44275200e-01   7.90596500e-01   -1.02046200e-01   4.46321400e-01   1.99202800e-01   
68   4.64488000e-07   3.33367500e-01   7.78460500e-01   -1.11725400e-01   4.45092900e-01   1.98107700e-01   
69   4.64824200e-07   3.27643700e-01   7.67955000e-01   -1.12667500e-01   4.40311200e-01   1.93874000e-01   
70   4.65160300e-07   3.22424700e-01   7.56735700e-01   -1.11886400e-01   4.34311100e-01   1.88626100e-01   
71   4.65496500e-07   3.16888700e-01   7.44683900e-01   -1.10906600e-01   4.27795300e-01   1.83008800e-01   
72   4.66168800e-07   3.04527800e-01   7.17852000e-01   -1.08796300e-01   4.13324200e-01   1.70836900e-01   
73   4.66841100e-07   2.90250200e-01   6.87133600e-01   -1.06633100e-01   3.96883300e-01   1.57516400e-01   
74   4.67513400e-07   2.73782500e-01   6.52276400e-01   -1.04711400e-01   3.78493900e-01   1.43257600e-01   
75   4.68185700e-07   2.54984500e-01   6.13353700e-01   -1.03384600e-01   3.58369200e-01   1.28428500e-01   
76   4.68858000e-07   2.33785800e-01   5.70681900e-01   -1.03110300e-01   3.36896100e-01   1.13499000e-01   
77   4.69530300e-07   2.10186000e-01   5.24853800e-01   -1.04481900e-01   3.14667800e-01   9.90158300e-02   
78   4.70202700e-07   1.84127000e-01   4.76695800e-01   -1.08441800e-01   2.92568800e-01   8.55965300e-02   
79   4.70875000e-07   1.55693800e-01   4.27616500e-01   -1.16229000e-01   2.71922700e-01   7.39419800e-02   
80   4.71547300e-07   1.25214200e-01   3.79570000e-01   -1.29141600e-01   2.54355800e-01   6.46968900e-02   
81   4.72219600e-07   9.64359400e-02   3.37250600e-01   -1.44378700e-01   2.40814600e-01   5.79916900e-02   
82   4.72311900e-07   9.33764700e-02   3.32301000e-01   -1.45548100e-01   2.38924500e-01   5.70849400e-02   
83   4.72404300e-07   9.06437700e-02   3.27571800e-01   -1.46284300e-01   2.36928000e-01   5.61349000e-02   
84   4.72589000e-07   8.67366200e-02   3.19090300e-01   -1.45617100e-01   2.32353700e-01   5.39882400e-02   
85   4.72773700e-07   8.40762200e-02   3.11235700e-01   -1.43083300e-01   2.27159500e-01   5.16014300e-02   
86   4.72958400e-07   8.18325000e-02   3.03423200e-01   -1.39758200e-01   2.21590700e-01   4.91024200e-02   
87   4.73327900e-07   7.74129800e-02   2.87196900e-01   -1.32370900e-01   2.09783900e-01   4.40092800e-02   
88   4.73697300e-07   7.27662600e-02   2.69985300e-01   -1.24452800e-01   1.97219100e-01   3.88953600e-02   
89   4.74436200e-07   6.26448300e-02   2.32434400e-01   -1.07144700e-01   1.69789600e-01   2.88284900e-02   
90   4.75913900e-07   3.91931600e-02   1.45291700e-01   -6.69053900e-02   1.06098500e-01   1.12569000e-02   
91   4.77391600e-07   1.22262500e-02   4.49121100e-02   -2.04596100e-02   3.26858600e-02   1.06836500e-03   
92   4.78044400e-07   3.27734300e-03   1.16145600e-02   -5.05987400e-03   8.33721700e-03   6.95091900e-05   
93   4.78305800e-07   1.47362500e-03   4.91919100e-03   -1.97194100e-03   3.44556600e-03   1.18719200e-05   
94   4.78567100e-07   7.39498200e-04   2.21125600e-03   -7.32259200e-04   1.47175700e-03   2.16607000e-06   
95   4.78828500e-07   4.63755500e-04   1.21138900e-03   -2.83877600e-04   7.47633100e-04   5.58955200e-07   
96   4.79089800e-07   3.19095000e-04   7.04505900e-04   -6.63158800e-05   3.85410900e-04   1.48541600e-07   
97   4.79612500e-07   2.90046600e-04   6.30443600e-04   -5.03504100e-05   3.40397000e-04   1.15870100e-07   
98   4.80657900e-07   2.44389300e-04   5.17894400e-04   -2.91159200e-05   2.73505200e-04   7.48050800e-08   
99   4.81703200e-07   2.07560600e-04   4.28006900e-04   -1.28857400e-05   2.20446300e-04   4.85965900e-08   
100   4.83794000e-07   1.55012000e-04   3.03183600e-04   6.84025700e-06   1.48171700e-04   2.19548500e-08   
101   4.87975400e-07   9.61545400e-05   1.69227300e-04   2.30817800e-05   7.30727700e-05   5.33962900e-09   
102   4.96338300e-07   5.14533000e-05   7.59167600e-05   2.69898300e-05   2.44634600e-05   5.98461100e-10   
103   5.00000000e-07   4.27478100e-05   5.95359000e-05   2.59597300e-05   1.67880800e-05   2.81839800e-10   
104   5.01672600e-07   1.33566500e-07   2.37044200e-07   3.00889300e-08   1.03477600e-07   1.07076200e-14   
105   5.05017800e-07   9.20581400e-09   1.41976400e-08   4.21399000e-09   4.99182400e-09   2.49183100e-17   
106   5.11708100e-07   8.79714700e-09   1.34672500e-08   4.12704000e-09   4.67010700e-09   2.18099000e-17   
107   5.25088800e-07   9.20268800e-09   1.41892400e-08   4.21613100e-09   4.98655700e-09   2.48657500e-17   
108   5.51850100e-07   8.79750200e-09   1.34667400e-08   4.12826400e-09   4.66923800e-09   2.18017900e-17   
109   6.05372800e-07   9.20273900e-09   1.41909900e-08   4.21449100e-09   4.98824900e-09   2.48826300e-17   
110   7.05372800e-07   8.79734300e-09   1.34645900e-08   4.13009300e-09   4.66725000e-09   2.17832200e-17   
111   8.05372800e-07   9.20282600e-09   1.41921100e-08   4.21353800e-09   4.98928800e-09   2.48930000e-17   
112   9.00000000e-07   8.79735700e-09   1.34641000e-08   4.13061100e-09   4.66674600e-09   2.17785100e-17   
113   9.03410300e-07   -5.04999000e-05   -2.69963400e-05   -7.40034600e-05   2.35035600e-05   5.52417300e-10   
114   9.06202700e-07   -5.97462100e-05   -2.73861100e-05   -9.21063100e-05   3.23601000e-05   1.04717600e-09   
115   9.11787500e-07   -9.32526000e-05   -2.38036300e-05   -1.62701600e-04   6.94489700e-05   4.82316000e-09   
116   9.22957000e-07   -4.21858800e-04   1.01079100e-04   -9.44796700e-04   5.22937900e-04   2.73464100e-07   
117   9.25749400e-07   -6.95894700e-04   2.43658900e-04   -1.63544800e-03   9.39553500e-04   8.82760800e-07   
118   9.31334100e-07   -1.74739700e-03   8.86750000e-04   -4.38154400e-03   2.63414700e-03   6.93873000e-06   
119   9.32730300e-07   -2.16628200e-03   1.26380000e-03   -5.59636400e-03   3.43008200e-03   1.17654600e-05   
120   9.35522700e-07   -2.70029100e-03   3.30747800e-03   -8.70805900e-03   6.00776900e-03   3.60932800e-05   
121   9.38315100e-07   -1.34306600e-03   1.33621800e-02   -1.60483100e-02   1.47052500e-02   2.16244300e-04   
122   9.41107500e-07   7.00937700e-03   4.87387800e-02   -3.47200200e-02   4.17294000e-02   1.74134300e-03   
123   9.41491300e-07   9.23882400e-03   5.71793700e-02   -3.87017200e-02   4.79405500e-02   2.29829600e-03   
124   9.41875100e-07   1.16762600e-02   6.62177100e-02   -4.28651900e-02   5.45414500e-02   2.97477000e-03   
125   9.42642700e-07   1.78637100e-02   8.79840700e-02   -5.22566600e-02   7.01203700e-02   4.91686600e-03   
126   9.43410300e-07   2.60670000e-02   1.15224400e-01   -6.30904200e-02   8.91574200e-02   7.94904600e-03   
127   9.44177900e-07   3.67245100e-02   1.48787200e-01   -7.53381700e-02   1.12062700e-01   1.25580400e-02   
128   9.44945500e-07   5.02490700e-02   1.89468600e-01   -8.89704200e-02   1.39219500e-01   1.93820700e-02   
129   9.45713200e-07   6.70467900e-02   2.37893300e-01   -1.03799700e-01   1.70846500e-01   2.91885200e-02   
130   9.46480800e-07   8.76456100e-02   2.94519100e-01   -1.19227900e-01   2.06873500e-01   4.27966500e-02   
131   9.47248400e-07   1.11625100e-01   3.54906300e-01   -1.31656100e-01   2.43281200e-01   5.91857300e-02   
132   9.47364000e-07   1.15414800e-01   3.63582700e-01   -1.32753100e-01   2.48167900e-01   6.15872900e-02   
133   9.47479600e-07   1.19171100e-01   3.71993400e-01   -1.33651300e-01   2.52822300e-01   6.39191300e-02   
134   9.47710900e-07   1.26533600e-01   3.87297300e-01   -1.34230000e-01   2.60763600e-01   6.79976800e-02   
135   9.47942100e-07   1.33904800e-01   4.01544500e-01   -1.33734800e-01   2.67639700e-01   7.16309900e-02   
136   9.48173400e-07   1.41522100e-01   4.15836300e-01   -1.32792100e-01   2.74314200e-01   7.52482700e-02   
137   9.48635900e-07   1.57836200e-01   4.46353200e-01   -1.30680800e-01   2.88517000e-01   8.32420600e-02   
138   9.49098400e-07   1.74706400e-01   4.76419500e-01   -1.27006600e-01   3.01713100e-01   9.10307700e-02   
139   9.49560900e-07   1.91524100e-01   5.03631200e-01   -1.20583000e-01   3.12107100e-01   9.74108700e-02   
140   9.49977100e-07   2.07593600e-01   5.29292000e-01   -1.14104800e-01   3.21698400e-01   1.03489900e-01   
141   9.50393300e-07   2.25201000e-01   5.58498100e-01   -1.08096200e-01   3.33297200e-01   1.11087000e-01   
142   9.50809600e-07   2.44201600e-01   5.90858900e-01   -1.02455700e-01   3.46657300e-01   1.20171300e-01   
143   9.51225800e-07   2.63705100e-01   6.24033300e-01   -9.66231600e-02   3.60328200e-01   1.29836400e-01   
144   9.51642100e-07   2.83462600e-01   6.57786100e-01   -9.08608100e-02   3.74323400e-01   1.40118000e-01   
145   9.52058300e-07   3.04139600e-01   6.94216400e-01   -8.59372400e-02   3.90076800e-01   1.52159900e-01   
146   9.52474600e-07   3.25622200e-01   7.32893300e-01   -8.16488700e-02   4.07271100e-01   1.65869800e-01   
147   9.52890800e-07   3.46386900e-01   7.69735900e-01   -7.69620000e-02   4.23348900e-01   1.79224300e-01   
148   9.53307100e-07   3.64279900e-01   7.98953000e-01   -7.03933300e-02   4.34673200e-01   1.88940800e-01   
149   9.53681500e-07   3.78166100e-01   8.19065500e-01   -6.27333000e-02   4.40899400e-01   1.94392300e-01   
150   9.54055900e-07   3.90525800e-01   8.34726700e-01   -5.36750500e-02   4.44200900e-01   1.97314400e-01   
151   9.54430400e-07   4.01558200e-01   8.46551900e-01   -4.34354300e-02   4.44993700e-01   1.98019400e-01   
152   9.54804800e-07   4.11873100e-01   8.56307300e-01   -3.25610700e-02   4.44434200e-01   1.97521800e-01   
153   9.55179200e-07   4.21608700e-01   8.64422000e-01   -2.12046700e-02   4.42813400e-01   1.96083700e-01   
154   9.55553700e-07   4.31067400e-01   8.71424500e-01   -9.28977000e-03   4.40357100e-01   1.93914400e-01   
155   9.55928100e-07   4.40740300e-01   8.78195700e-01   3.28479800e-03   4.37455500e-01   1.91367300e-01   
156   9.56302500e-07   4.51037300e-01   8.85491100e-01   1.65834600e-02   4.34453800e-01   1.88750100e-01   
157   9.56677000e-07   4.62180500e-01   8.93758400e-01   3.06025900e-02   4.31577900e-01   1.86259500e-01   
158   9.57425800e-07   4.87333800e-01   9.14073300e-01   6.05942900e-02   4.26739500e-01   1.82106600e-01   
159   9.58174700e-07   5.16538400e-01   9.40595400e-01   9.24813600e-02   4.24057000e-01   1.79824400e-01   
160   9.58923600e-07   5.49974100e-01   9.74634800e-01   1.25313300e-01   4.24660700e-01   1.80336700e-01   
161   9.59672400e-07   5.87765700e-01   1.01744400e+00   1.58087100e-01   4.29678600e-01   1.84623700e-01   
162   9.60421300e-07   6.29539300e-01   1.06932100e+00   1.89757600e-01   4.39781600e-01   1.93407900e-01   
163   9.60530500e-07   6.35850000e-01   1.07745000e+00   1.94250500e-01   4.41599600e-01   1.95010200e-01   
164   9.60749000e-07   6.47814800e-01   1.09281500e+00   2.02814500e-01   4.45000300e-01   1.98025300e-01   
165   9.60967500e-07   6.57452300e-01   1.10422100e+00   2.10683900e-01   4.46768300e-01   1.99602000e-01   
166   9.61186000e-07   6.63985800e-01   1.11010600e+00   2.17865500e-01   4.46120300e-01   1.99023300e-01   
167   9.61404500e-07   6.68436400e-01   1.11213900e+00   2.24733500e-01   4.43702900e-01   1.96872200e-01   
168   9.61623000e-07   6.72036800e-01   1.11239700e+00   2.31676500e-01   4.40360300e-01   1.93917200e-01   
169   9.61841500e-07   6.75453200e-01   1.11202200e+00   2.38884700e-01   4.36568500e-01   1.90592100e-01   
170   9.62278500e-07   6.82571700e-01   1.11076500e+00   2.54378900e-01   4.28192800e-01   1.83349100e-01   
171   9.62715400e-07   6.90370100e-01   1.10933100e+00   2.71409000e-01   4.18961100e-01   1.75528400e-01   
172   9.63589400e-07   7.08458900e-01   1.10640900e+00   3.10508700e-01   3.97950200e-01   1.58364300e-01   
173   9.64463300e-07   7.30210000e-01   1.10379300e+00   3.56627200e-01   3.73582800e-01   1.39564100e-01   
174   9.65337300e-07   7.56028800e-01   1.10227900e+00   4.09778100e-01   3.46250600e-01   1.19889500e-01   
175   9.66211300e-07   7.86172600e-01   1.10310100e+00   4.69244200e-01   3.16928400e-01   1.00443600e-01   
176   9.67085200e-07   8.20827500e-01   1.10832000e+00   5.33334600e-01   2.87492900e-01   8.26521800e-02   
177   9.67959200e-07   8.59988700e-01   1.12121900e+00   5.98758100e-01   2.61230500e-01   6.82414000e-02   
178   9.68833100e-07   9.00087600e-01   1.14246400e+00   6.57711400e-01   2.42376200e-01   5.87462300e-02   
179   9.68942400e-07   9.04222500e-01   1.14449700e+00   6.63947500e-01   2.40275000e-01   5.77320700e-02   
180   9.69051600e-07   9.07857800e-01   1.14592900e+00   6.69786900e-01   2.38070900e-01   5.66777500e-02   
181   9.69270100e-07   9.12782300e-01   1.14561300e+00   6.79951400e-01   2.32830900e-01   5.42102500e-02   
182   9.69488600e-07   9.15915500e-01   1.14263600e+00   6.89194700e-01   2.26720800e-01   5.14023200e-02   
183   9.69707100e-07   9.18550300e-01   1.13868500e+00   6.98415200e-01   2.20135100e-01   4.84594700e-02   
184   9.70144100e-07   9.23822500e-01   1.12982600e+00   7.17819100e-01   2.06003300e-01   4.24373700e-02   
185   9.70581100e-07   9.29451300e-01   1.12022400e+00   7.38678600e-01   1.90772700e-01   3.63942200e-02   
186   9.71455000e-07   9.41967900e-01   1.09881300e+00   7.85122900e-01   1.56845000e-01   2.46003600e-02   
187   9.72329000e-07   9.56184700e-01   1.07440400e+00   8.37964800e-01   1.18219800e-01   1.39759300e-02   
188   9.73202900e-07   9.72082700e-01   1.04708000e+00   8.97085700e-01   7.49970900e-02   5.62456300e-03   
189   9.74076900e-07   9.89282700e-01   1.01747400e+00   9.61091700e-01   2.81909500e-02   7.94729600e-04   
190   9.74215400e-07   9.92007000e-01   1.01278600e+00   9.71228000e-01   2.07790100e-02   4.31767300e-04   
191   9.74492500e-07   9.96577500e-01   1.00492300e+00   9.88232400e-01   8.34515600e-03   6.96416300e-05   
192   9.74769600e-07   9.98888100e-01   1.00097100e+00   9.96804800e-01   2.08325600e-03   4.33995500e-06   
193   9.75046700e-07   9.99436200e-01   1.00008100e+00   9.98791000e-01   6.45203400e-04   4.16287400e-07   
194   9.75323800e-07   9.99514000e-01   9.99986700e-01   9.99041300e-01   4.72667100e-04   2.23414200e-07   
195   9.75600900e-07   9.99536000e-01   9.99975400e-01   9.99096600e-01   4.39368800e-04   1.93044900e-07   
196   9.76155100e-07   9.99569000e-01   9.99966000e-01   9.99172000e-01   3.96960500e-04   1.57577600e-07   
197   9.77263500e-07   9.99624700e-01   9.99952500e-01   9.99297000e-01   3.27759000e-04   1.07426000e-07   
198   9.79480300e-07   9.99707800e-01   9.99936900e-01   9.99478700e-01   2.29098700e-04   5.24862200e-08   
199   9.83913900e-07   9.99806300e-01   9.99927300e-01   9.99685300e-01   1.20968300e-04   1.46333400e-08   
200   9.92781100e-07   9.99889100e-01   9.99931800e-01   9.99846400e-01   4.27056200e-05   1.82377000e-09   
201   1.00000000e-06   9.99916900e-01   9.99939400e-01   9.99894300e-01   2.25751100e-05   5.09635400e-10   
202   1.00177300e-06   9.99999600e-01   9.99999800e-01   9.99999300e-01   2.35364900e-07   5.53966500e-14   
203   1.00532000e-06   1.00000000e+00   1.00000000e+00   1.00000000e+00   4.43203900e-09   1.96429700e-17   
204   1.01241400e-06   1.00000000e+00   1.00000000e+00   1.00000000e+00   2.71468800e-09   7.36952900e-18   
205   1.02660200e-06   1.00000000e+00   1.00000000e+00   1.00000000e+00   4.41708900e-09   1.95106700e-17   
206   1.05497700e-06   1.00000000e+00   1.00000000e+00   1.00000000e+00   2.71904700e-09   7.39321700e-18   
207   1.11172700e-06   1.00000000e+00   1.00000000e+00   1.00000000e+00   4.41537900e-09   1.94955700e-17   
208   1.21172700e-06   1.00000000e+00   1.00000000e+00   1.00000000e+00   2.71948700e-09   7.39560800e-18   
209   1.31172700e-06   1.00000000e+00   1.00000000e+00   1.00000000e+00   4.41468900e-09   1.94894700e-17   
210   1.40000000e-06   1.00000000e+00   1.00000000e+00   1.00000000e+00   2.72017200e-09   7.39933300e-18   
211   1.40341000e-06   1.00009400e+00   1.00012300e+00   1.00006400e+00   2.96164100e-05   8.77131800e-10   
212   1.40620300e-06   1.00010500e+00   1.00014300e+00   1.00006700e+00   3.81098800e-05   1.45236300e-09   
213   1.41178700e-06   1.00014100e+00   1.00021000e+00   1.00007300e+00   6.86398600e-05   4.71143100e-09   
214   1.42295700e-06   1.00038100e+00   1.00071400e+00   1.00004700e+00   3.33333600e-04   1.11111300e-07   
215   1.42574900e-06   1.00053400e+00   1.00105400e+00   1.00001400e+00   5.20117900e-04   2.70522700e-07   
216   1.43133400e-06   1.00108400e+00   1.00232200e+00   9.99845700e-01   1.23822900e-03   1.53321100e-06   
217   1.43273000e-06   1.00138200e+00   1.00304800e+00   9.99716500e-01   1.66563700e-03   2.77434600e-06   
218   1.43552300e-06   1.00196300e+00   1.00463500e+00   9.99291300e-01   2.67160100e-03   7.13745400e-06   
219   1.43648800e-06   1.00219200e+00   1.00538500e+00   9.99000000e-01   3.19230000e-03   1.01907800e-05   
220   1.43841900e-06   1.00243900e+00   1.00723700e+00   9.97640800e-01   4.79822900e-03   2.30230000e-05   
221   1.43907200e-06   1.00240600e+00   1.00819400e+00   9.96617100e-01   5.78870900e-03   3.35091500e-05   
222   1.43972400e-06   1.00228500e+00   1.00932900e+00   9.95242100e-01   7.04338200e-03   4.96092300e-05   
223   1.44103000e-06   1.00149200e+00   1.01280100e+00   9.90182600e-01   1.13093400e-02   1.27901100e-04   
224   1.44233500e-06   9.99473800e-01   1.01865400e+00   9.80293200e-01   1.91805900e-02   3.67895200e-04   
225   1.44364100e-06   9.95331900e-01   1.02784900e+00   9.62814900e-01   3.25169700e-02   1.05735400e-03   
226   1.44494600e-06   9.87791600e-01   1.04116000e+00   9.34422800e-01   5.33687900e-02   2.84822700e-03   
227   1.44625100e-06   9.75257100e-01   1.05890100e+00   8.91613200e-01   8.36438600e-02   6.99629500e-03   
228   1.44755700e-06   9.55695800e-01   1.08071300e+00   8.30678900e-01   1.25016900e-01   1.56292200e-02   
229   1.44886200e-06   9.27144300e-01   1.10571000e+00   7.48578800e-01   1.78565500e-01   3.18856400e-02   
230   1.45003700e-06   8.92440200e-01   1.12710300e+00   6.57777000e-01   2.34663200e-01   5.50668200e-02   
231   1.45016700e-06   8.88071600e-01   1.12894200e+00   6.47201100e-01   2.40870600e-01   5.80186200e-02   
232   1.45029700e-06   8.83718700e-01   1.13057600e+00   6.36861600e-01   2.46857100e-01   6.09384400e-02   
233   1.45055700e-06   8.75185300e-01   1.13235000e+00   6.18020600e-01   2.57164700e-01   6.61337000e-02   
234   1.45081700e-06   8.66819500e-01   1.13237900e+00   6.01259800e-01   2.65559600e-01   7.05219300e-02   
235   1.45107700e-06   8.58301900e-01   1.13149900e+00   5.85104700e-01   2.73197200e-01   7.46367100e-02   
236   1.45133700e-06   8.49384400e-01   1.13040800e+00   5.68360600e-01   2.81023800e-01   7.89743600e-02   
237   1.45185700e-06   8.30675000e-01   1.12743700e+00   5.33913000e-01   2.96762000e-01   8.80676800e-02   
238   1.45237700e-06   8.11925000e-01   1.12130000e+00   5.02550200e-01   3.09374700e-01   9.57127300e-02   
239   1.45283300e-06   7.94806000e-01   1.11432500e+00   4.75287200e-01   3.19518800e-01   1.02092200e-01   
240   1.45328900e-06   7.75913100e-01   1.10789100e+00   4.43934900e-01   3.31978100e-01   1.10209500e-01   
241   1.45374500e-06   7.55667200e-01   1.10171600e+00   4.09618900e-01   3.46048300e-01   1.19749500e-01   
242   1.45420200e-06   7.35055500e-01   1.09530800e+00   3.74803300e-01   3.60252200e-01   1.29781700e-01   
243   1.45465800e-06   7.14019500e-01   1.08931800e+00   3.38720700e-01   3.75298800e-01   1.40849200e-01   
244   1.45511400e-06   6.92037100e-01   1.08423900e+00   2.99834800e-01   3.92202200e-01   1.53822600e-01   
245   1.45557000e-06   6.69365400e-01   1.07961300e+00   2.59117400e-01   4.10248000e-01   1.68303400e-01   
246   1.45602600e-06   6.47654700e-01   1.07438900e+00   2.20919900e-01   4.26734800e-01   1.82102600e-01   
247   1.45643700e-06   6.30952100e-01   1.06772600e+00   1.94178200e-01   4.36774000e-01   1.90771500e-01   
248   1.45680600e-06   6.17959100e-01   1.06009300e+00   1.75825300e-01   4.42133800e-01   1.95482300e-01   
249   1.45717600e-06   6.06430700e-01   1.05116200e+00   1.61699800e-01   4.44730900e-01   1.97785600e-01   
250   1.45754500e-06   5.96140600e-01   1.04118800e+00   1.51093200e-01   4.45047400e-01   1.98067200e-01   
251   1.45791500e-06   5.86485000e-01   1.03063600e+00   1.42333500e-01   4.44151500e-01   1.97270500e-01   
252   1.45828400e-06   5.77316000e-01   1.01953900e+00   1.35093000e-01   4.42223000e-01   1.95561100e-01   
253   1.45865400e-06   5.68266700e-01   1.00781000e+00   1.28723000e-01   4.39543700e-01   1.93198700e-01   
254   1.45902300e-06   5.58836600e-01   9.95370500e-01   1.22302700e-01   4.36533900e-01   1.90561800e-01   
255   1.45939300e-06   5.48691300e-01   9.82216900e-01   1.15165700e-01   4.33525600e-01   1.87944500e-01   
256   1.46013200e-06   5.25829200e-01   9.53937000e-01   9.77213700e-02   4.28107800e-01   1.83276300e-01   
257   1.46087100e-06   4.99331200e-01   9.23672900e-01   7.49893800e-02   4.24341800e-01   1.80065900e-01   
258   1.46161000e-06   4.69086500e-01   8.92348600e-01   4.58244500e-02   4.23262100e-01   1.79150800e-01   
259   1.46234900e-06   4.35109600e-01   8.60896100e-01   9.32317200e-03   4.25786500e-01   1.81294100e-01   
260   1.46308800e-06   3.97557500e-01   8.30122300e-01   -3.50072500e-02   4.32564800e-01   1.87112300e-01   
261   1.46382700e-06   3.57883100e-01   8.01053000e-01   -8.52868900e-02   4.43170000e-01   1.96399600e-01   
262   1.46392100e-06   3.53044900e-01   7.97491300e-01   -9.14016200e-02   4.44446500e-01   1.97532700e-01   
263   1.46411100e-06   3.44425500e-01   7.90700800e-01   -1.01849800e-01   4.46275300e-01   1.99161600e-01   
264   1.46448900e-06   3.33334000e-01   7.78405900e-01   -1.11737900e-01   4.45071900e-01   1.98089000e-01   
265   1.46482900e-06   3.27550800e-01   7.67769900e-01   -1.12668200e-01   4.40219100e-01   1.93792800e-01   
266   1.46516900e-06   3.22265700e-01   7.56393700e-01   -1.11862200e-01   4.34128000e-01   1.88467100e-01   
267   1.46551000e-06   3.16647000e-01   7.44162600e-01   -1.10868700e-01   4.27515600e-01   1.82769600e-01   
268   1.46619000e-06   3.04086000e-01   7.16906300e-01   -1.08734300e-01   4.12820300e-01   1.70420600e-01   
269   1.46687100e-06   2.89556200e-01   6.85660700e-01   -1.06548400e-01   3.96104600e-01   1.56898800e-01   
270   1.46755100e-06   2.72772400e-01   6.50169700e-01   -1.04625000e-01   3.77397400e-01   1.42428800e-01   
271   1.46823200e-06   2.53593400e-01   6.10520800e-01   -1.03333900e-01   3.56927300e-01   1.27397100e-01   
272   1.46891300e-06   2.31949000e-01   5.67058900e-01   -1.03160900e-01   3.35109900e-01   1.12298600e-01   
273   1.46959300e-06   2.07842800e-01   5.20422900e-01   -1.04737300e-01   3.12580100e-01   9.77063200e-02   
274   1.47027400e-06   1.81220000e-01   4.71510100e-01   -1.09070100e-01   2.90290100e-01   8.42683500e-02   
275   1.47095500e-06   1.52194800e-01   4.21831700e-01   -1.17442200e-01   2.69636900e-01   7.27040700e-02   
276   1.47163500e-06   1.21143400e-01   3.73503200e-01   -1.31216300e-01   2.52359800e-01   6.36854400e-02   
277   1.47231600e-06   9.35692000e-02   3.32218800e-01   -1.45080400e-01   2.38649600e-01   5.69536400e-02   
278   1.47241000e-06   9.09296500e-02   3.27497000e-01   -1.45637700e-01   2.36567400e-01   5.59641200e-02   
279   1.47250400e-06   8.85939700e-02   3.22954900e-01   -1.45766900e-01   2.34360900e-01   5.49250400e-02   
280   1.47269200e-06   8.52226400e-02   3.14632900e-01   -1.44187600e-01   2.29410300e-01   5.26290800e-02   
281   1.47288000e-06   8.27513600e-02   3.06683800e-01   -1.41181100e-01   2.23932400e-01   5.01457300e-02   
282   1.47325600e-06   7.82532200e-02   2.90348400e-01   -1.33842000e-01   2.12095200e-01   4.49843700e-02   
283   1.47363300e-06   7.35918600e-02   2.73015600e-01   -1.25831900e-01   1.99423800e-01   3.97698500e-02   
284   1.47438500e-06   6.33597700e-02   2.35096000e-01   -1.08376500e-01   1.71736300e-01   2.94933400e-02   
285   1.47589000e-06   3.96043900e-02   1.46822800e-01   -6.76140500e-02   1.07218400e-01   1.14957900e-02   
286   1.47739400e-06   1.21796900e-02   4.47397200e-02   -2.03803400e-02   3.25600300e-02   1.06015600e-03   
287   1.47804800e-06   3.25342800e-03   1.15254500e-02   -5.01859100e-03   8.27201900e-03   6.84263000e-05   
288   1.47831000e-06   1.46130600e-03   4.87361100e-03   -1.95099900e-03   3.41230500e-03   1.16438300e-05   
289   1.47857200e-06   7.34043000e-04   2.19138400e-03   -7.23298600e-04   1.45734200e-03   2.12384400e-06   
290   1.47883400e-06   4.61415400e-04   1.20318400e-03   -2.80353400e-04   7.41768700e-04   5.50220900e-07   
291   1.47909600e-06   3.18531400e-04   7.02860500e-04   -6.57977800e-05   3.84329100e-04   1.47708900e-07   
292   1.47962000e-06   2.89768000e-04   6.29825600e-04   -5.02896000e-05   3.40057600e-04   1.15639200e-07   
293   1.48066700e-06   2.43990700e-04   5.16873200e-04   -2.88916700e-05   2.72882400e-04   7.44648100e-08   
294   1.48171500e-06   2.07231400e-04   4.27236900e-04   -1.27740400e-05   2.20005400e-04   4.84024000e-08   
295   1.48381000e-06   1.54684400e-04   3.02404900e-04   6.96402600e-06   1.47720400e-04   2.18213200e-08   
296   1.48799900e-06   9.59333200e-05   1.68748000e-04   2.31186100e-05   7.28147100e-05   5.30198200e-09   
297   1.49637900e-06   5.13338400e-05   7.56842200e-05   2.69834600e-05   2.43503800e-05   5.92940900e-10   
298   1.50000000e-06   4.27498600e-05   5.95419500e-05   2.59577700e-05   1.67920900e-05   2.81974300e-10   
End of Xyce(TM) Simulation
