Index mosfet:gainscale mosfet:nltermscale      TIME              V(1)              I(V1)      
0        0.00000000e+00    0.00000000e+00    0.00000000e+00    0.00000000e+00    0.00000000e+00
1        2.00000000e-01    0.00000000e+00    0.00000000e+00    0.00000000e+00    0.00000000e+00
2        4.00000000e-01    0.00000000e+00    0.00000000e+00    0.00000000e+00    0.00000000e+00
3        6.00000000e-01    0.00000000e+00    0.00000000e+00    0.00000000e+00    0.00000000e+00
4        8.00000000e-01    0.00000000e+00    0.00000000e+00    0.00000000e+00    0.00000000e+00
5        1.00000000e+00    0.00000000e+00    0.00000000e+00    0.00000000e+00    0.00000000e+00
6        1.00000000e+00    0.00000000e+00    0.00000000e+00    0.00000000e+00    0.00000000e+00
7        1.00000000e+00    2.00000000e-01    0.00000000e+00    0.00000000e+00    0.00000000e+00
8        1.00000000e+00    4.00000000e-01    0.00000000e+00    0.00000000e+00    0.00000000e+00
9        1.00000000e+00    6.00000000e-01    0.00000000e+00    0.00000000e+00    0.00000000e+00
10       1.00000000e+00    8.00000000e-01    0.00000000e+00    0.00000000e+00    0.00000000e+00
11       1.00000000e+00    1.00000000e+00    0.00000000e+00    0.00000000e+00    0.00000000e+00
End of Xyce(TM) Homotopy Simulation
