Index       TIME              VR(1)            {VR(1)}            VI(1)            {VI(1)}            VM(1)            {VM(1)}            VP(1)            {VP(1)}           VDB(1)           {VDB(1)}           IR(V1)           {IR(V1)}           II(V1)           {II(V1)}           IM(V1)           {IM(V1)}           IP(V1)           {IP(V1)}           IDB(V1)          {IDB(V1)}    
147      0.00000000e+00    4.65317345e-01    4.65317345e-01    0.00000000e+00    0.00000000e+00    4.65317345e-01    4.65317345e-01    0.00000000e+00    0.00000000e+00   -6.64501518e+00   -6.64501518e+00   -4.65317345e-04   -4.65317345e-04    0.00000000e+00    0.00000000e+00    4.65317345e-04    4.65317345e-04    3.14159265e+00    3.14159265e+00   -6.66450152e+01   -6.66450152e+01
148      1.00000000e-10    4.65327332e-01    4.65327332e-01    0.00000000e+00    0.00000000e+00    4.65327332e-01    4.65327332e-01    0.00000000e+00    0.00000000e+00   -6.64482875e+00   -6.64482875e+00   -4.65427205e-04   -4.65427205e-04    0.00000000e+00    0.00000000e+00    4.65427205e-04    4.65427205e-04    3.14159265e+00    3.14159265e+00   -6.66429647e+01   -6.66429647e+01
149      3.00000000e-10    4.65347327e-01    4.65347327e-01    0.00000000e+00    0.00000000e+00    4.65347327e-01    4.65347327e-01    0.00000000e+00    0.00000000e+00   -6.64445552e+00   -6.64445552e+00   -4.65447304e-04   -4.65447304e-04    0.00000000e+00    0.00000000e+00    4.65447304e-04    4.65447304e-04    3.14159265e+00    3.14159265e+00   -6.66425896e+01   -6.66425896e+01
150      7.00000000e-10    4.65387316e-01    4.65387316e-01    0.00000000e+00    0.00000000e+00    4.65387316e-01    4.65387316e-01    0.00000000e+00    0.00000000e+00   -6.64370915e+00   -6.64370915e+00   -4.65487288e-04   -4.65487288e-04    0.00000000e+00    0.00000000e+00    4.65487288e-04    4.65487288e-04    3.14159265e+00    3.14159265e+00   -6.66418435e+01   -6.66418435e+01
151      1.50000000e-09    4.65467287e-01    4.65467287e-01    0.00000000e+00    0.00000000e+00    4.65467287e-01    4.65467287e-01    0.00000000e+00    0.00000000e+00   -6.64221671e+00   -6.64221671e+00   -4.65567252e-04   -4.65567252e-04    0.00000000e+00    0.00000000e+00    4.65567252e-04    4.65567252e-04    3.14159265e+00    3.14159265e+00   -6.66403515e+01   -6.66403515e+01
152      3.10000000e-09    4.65627204e-01    4.65627204e-01    0.00000000e+00    0.00000000e+00    4.65627204e-01    4.65627204e-01    0.00000000e+00    0.00000000e+00   -6.63923308e+00   -6.63923308e+00   -4.65727152e-04   -4.65727152e-04    0.00000000e+00    0.00000000e+00    4.65727152e-04    4.65727152e-04    3.14159265e+00    3.14159265e+00   -6.66373688e+01   -6.66373688e+01
153      6.30000000e-09    4.65946935e-01    4.65946935e-01    0.00000000e+00    0.00000000e+00    4.65946935e-01    4.65946935e-01    0.00000000e+00    0.00000000e+00   -6.63327081e+00   -6.63327081e+00   -4.66046851e-04   -4.66046851e-04    0.00000000e+00    0.00000000e+00    4.66046851e-04    4.66046851e-04    3.14159265e+00    3.14159265e+00   -6.66314084e+01   -6.66314084e+01
154      1.27000000e-08    4.66585988e-01    4.66585988e-01    0.00000000e+00    0.00000000e+00    4.66585988e-01    4.66585988e-01    0.00000000e+00    0.00000000e+00   -6.62136615e+00   -6.62136615e+00   -4.66685840e-04   -4.66685840e-04    0.00000000e+00    0.00000000e+00    4.66685840e-04    4.66685840e-04    3.14159265e+00    3.14159265e+00   -6.66195075e+01   -6.66195075e+01
155      2.55000000e-08    4.67862490e-01    4.67862490e-01    0.00000000e+00    0.00000000e+00    4.67862490e-01    4.67862490e-01    0.00000000e+00    0.00000000e+00   -6.59763545e+00   -6.59763545e+00   -4.67962216e-04   -4.67962216e-04    0.00000000e+00    0.00000000e+00    4.67962216e-04    4.67962216e-04    3.14159265e+00    3.14159265e+00   -6.65957842e+01   -6.65957842e+01
156      5.11000000e-08    4.70409285e-01    4.70409285e-01    0.00000000e+00    0.00000000e+00    4.70409285e-01    4.70409285e-01    0.00000000e+00    0.00000000e+00   -6.55048229e+00   -6.55048229e+00   -4.70508769e-04   -4.70508769e-04    0.00000000e+00    0.00000000e+00    4.70508769e-04    4.70508769e-04    3.14159265e+00    3.14159265e+00   -6.65486456e+01   -6.65486456e+01
157      7.67000000e-08    4.72950086e-01    4.72950086e-01    0.00000000e+00    0.00000000e+00    4.72950086e-01    4.72950086e-01    0.00000000e+00    0.00000000e+00   -6.50369382e+00   -6.50369382e+00   -4.73049336e-04   -4.73049336e-04    0.00000000e+00    0.00000000e+00    4.73049336e-04    4.73049336e-04    3.14159265e+00    3.14159265e+00   -6.65018713e+01   -6.65018713e+01
158      1.02300000e-07    4.75485099e-01    4.75485099e-01    0.00000000e+00    0.00000000e+00    4.75485099e-01    4.75485099e-01    0.00000000e+00    0.00000000e+00   -6.45726176e+00   -6.45726176e+00   -4.75584123e-04   -4.75584123e-04    0.00000000e+00    0.00000000e+00    4.75584123e-04    4.75584123e-04    3.14159265e+00    3.14159265e+00   -6.64554530e+01   -6.64554530e+01
159      1.27900000e-07    4.78014528e-01    4.78014528e-01    0.00000000e+00    0.00000000e+00    4.78014528e-01    4.78014528e-01    0.00000000e+00    0.00000000e+00   -6.41117809e+00   -6.41117809e+00   -4.78113333e-04   -4.78113333e-04    0.00000000e+00    0.00000000e+00    4.78113333e-04    4.78113333e-04    3.14159265e+00    3.14159265e+00   -6.64093829e+01   -6.64093829e+01
160      1.53500000e-07    4.80538568e-01    4.80538568e-01    0.00000000e+00    0.00000000e+00    4.80538568e-01    4.80538568e-01    0.00000000e+00    0.00000000e+00   -6.36543500e+00   -6.36543500e+00   -4.80637164e-04   -4.80637164e-04    0.00000000e+00    0.00000000e+00    4.80637164e-04    4.80637164e-04    3.14159265e+00    3.14159265e+00   -6.63636530e+01   -6.63636530e+01
161      2.04700000e-07    4.85566529e-01    4.85566529e-01    0.00000000e+00    0.00000000e+00    4.85566529e-01    4.85566529e-01    0.00000000e+00    0.00000000e+00   -6.27502516e+00   -6.27502516e+00   -4.85664731e-04   -4.85664731e-04    0.00000000e+00    0.00000000e+00    4.85664731e-04    4.85664731e-04    3.14159265e+00    3.14159265e+00   -6.62732687e+01   -6.62732687e+01
162      2.50780000e-07    4.90076493e-01    4.90076493e-01    0.00000000e+00    0.00000000e+00    4.90076493e-01    4.90076493e-01    0.00000000e+00    0.00000000e+00   -6.19472257e+00   -6.19472257e+00   -4.90174366e-04   -4.90174366e-04    0.00000000e+00    0.00000000e+00    4.90174366e-04    4.90174366e-04    3.14159265e+00    3.14159265e+00   -6.61929881e+01   -6.61929881e+01
163      2.96860000e-07    4.94572249e-01    4.94572249e-01    0.00000000e+00    0.00000000e+00    4.94572249e-01    4.94572249e-01    0.00000000e+00    0.00000000e+00   -6.11540512e+00   -6.11540512e+00   -4.94669813e-04   -4.94669813e-04    0.00000000e+00    0.00000000e+00    4.94669813e-04    4.94669813e-04    3.14159265e+00    3.14159265e+00   -6.61136918e+01   -6.61136918e+01
164      3.42940000e-07    4.99054754e-01    4.99054754e-01    0.00000000e+00    0.00000000e+00    4.99054754e-01    4.99054754e-01    0.00000000e+00    0.00000000e+00   -6.03703606e+00   -6.03703606e+00   -4.99152030e-04   -4.99152030e-04    0.00000000e+00    0.00000000e+00    4.99152030e-04    4.99152030e-04    3.14159265e+00    3.14159265e+00   -6.60353432e+01   -6.60353432e+01
165      3.89020000e-07    5.03524918e-01    5.03524918e-01    0.00000000e+00    0.00000000e+00    5.03524918e-01    5.03524918e-01    0.00000000e+00    0.00000000e+00   -5.95958066e+00   -5.95958066e+00   -5.03621926e-04   -5.03621926e-04    0.00000000e+00    0.00000000e+00    5.03621926e-04    5.03621926e-04    3.14159265e+00    3.14159265e+00   -6.59579074e+01   -6.59579074e+01
166      4.35100000e-07    5.07983606e-01    5.07983606e-01    0.00000000e+00    0.00000000e+00    5.07983606e-01    5.07983606e-01    0.00000000e+00    0.00000000e+00   -5.88300607e+00   -5.88300607e+00   -5.08080366e-04   -5.08080366e-04    0.00000000e+00    0.00000000e+00    5.08080366e-04    5.08080366e-04    3.14159265e+00    3.14159265e+00   -6.58813518e+01   -6.58813518e+01
167      4.81180000e-07    5.12431640e-01    5.12431640e-01    0.00000000e+00    0.00000000e+00    5.12431640e-01    5.12431640e-01    0.00000000e+00    0.00000000e+00   -5.80728125e+00   -5.80728125e+00   -5.12528169e-04   -5.12528169e-04    0.00000000e+00    0.00000000e+00    5.12528169e-04    5.12528169e-04    3.14159265e+00    3.14159265e+00   -6.58056452e+01   -6.58056452e+01
168      5.27260000e-07    5.16869798e-01    5.16869798e-01    0.00000000e+00    0.00000000e+00    5.16869798e-01    5.16869798e-01    0.00000000e+00    0.00000000e+00   -5.73237689e+00   -5.73237689e+00   -5.16966112e-04   -5.16966112e-04    0.00000000e+00    0.00000000e+00    5.16966112e-04    5.16966112e-04    3.14159265e+00    3.14159265e+00   -6.57307585e+01   -6.57307585e+01
169      5.73340000e-07    5.21298814e-01    5.21298814e-01    0.00000000e+00    0.00000000e+00    5.21298814e-01    5.21298814e-01    0.00000000e+00    0.00000000e+00   -5.65826526e+00   -5.65826526e+00   -5.21394930e-04   -5.21394930e-04    0.00000000e+00    0.00000000e+00    5.21394930e-04    5.21394930e-04    3.14159265e+00    3.14159265e+00   -6.56566639e+01   -6.56566639e+01
170      6.19420000e-07    5.25719385e-01    5.25719385e-01    0.00000000e+00    0.00000000e+00    5.25719385e-01    5.25719385e-01    0.00000000e+00    0.00000000e+00   -5.58492017e+00   -5.58492017e+00   -5.25815318e-04   -5.25815318e-04    0.00000000e+00    0.00000000e+00    5.25815318e-04    5.25815318e-04    3.14159265e+00    3.14159265e+00   -6.55833353e+01   -6.55833353e+01
171      6.65500000e-07    5.30132166e-01    5.30132166e-01    0.00000000e+00    0.00000000e+00    5.30132166e-01    5.30132166e-01    0.00000000e+00    0.00000000e+00   -5.51231687e+00   -5.51231687e+00   -5.30227930e-04   -5.30227930e-04    0.00000000e+00    0.00000000e+00    5.30227930e-04    5.30227930e-04    3.14159265e+00    3.14159265e+00   -6.55107480e+01   -6.55107480e+01
172      7.11580000e-07    5.34537775e-01    5.34537775e-01    0.00000000e+00    0.00000000e+00    5.34537775e-01    5.34537775e-01    0.00000000e+00    0.00000000e+00   -5.44043197e+00   -5.44043197e+00   -5.34633383e-04   -5.34633383e-04    0.00000000e+00    0.00000000e+00    5.34633383e-04    5.34633383e-04    3.14159265e+00    3.14159265e+00   -6.54388785e+01   -6.54388785e+01
173      7.57660000e-07    5.38936792e-01    5.38936792e-01    0.00000000e+00    0.00000000e+00    5.38936792e-01    5.38936792e-01    0.00000000e+00    0.00000000e+00   -5.36924334e+00   -5.36924334e+00   -5.39032257e-04   -5.39032257e-04    0.00000000e+00    0.00000000e+00    5.39032257e-04    5.39032257e-04    3.14159265e+00    3.14159265e+00   -6.53677049e+01   -6.53677049e+01
174      8.03740000e-07    5.43329765e-01    5.43329765e-01    0.00000000e+00    0.00000000e+00    5.43329765e-01    5.43329765e-01    0.00000000e+00    0.00000000e+00   -5.29873006e+00   -5.29873006e+00   -5.43425098e-04   -5.43425098e-04    0.00000000e+00    0.00000000e+00    5.43425098e-04    5.43425098e-04    3.14159265e+00    3.14159265e+00   -6.52972061e+01   -6.52972061e+01
175      8.49820000e-07    5.47717206e-01    5.47717206e-01    0.00000000e+00    0.00000000e+00    5.47717206e-01    5.47717206e-01    0.00000000e+00    0.00000000e+00   -5.22887232e+00   -5.22887232e+00   -5.47812420e-04   -5.47812420e-04    0.00000000e+00    0.00000000e+00    5.47812420e-04    5.47812420e-04    3.14159265e+00    3.14159265e+00   -6.52273625e+01   -6.52273625e+01
176      9.41980000e-07    5.56472131e-01    5.56472131e-01    0.00000000e+00    0.00000000e+00    5.56472131e-01    5.56472131e-01    0.00000000e+00    0.00000000e+00   -5.09113162e+00   -5.09113162e+00   -5.56567128e-04   -5.56567128e-04    0.00000000e+00    0.00000000e+00    5.56567128e-04    5.56567128e-04    3.14159265e+00    3.14159265e+00   -6.50896490e+01   -6.50896490e+01
177      1.02492400e-06    5.64339085e-01    5.64339085e-01    0.00000000e+00    0.00000000e+00    5.64339085e-01    5.64339085e-01    0.00000000e+00    0.00000000e+00   -4.96919741e+00   -4.96919741e+00   -5.64433931e-04   -5.64433931e-04    0.00000000e+00    0.00000000e+00    5.64433931e-04    5.64433931e-04    3.14159265e+00    3.14159265e+00   -6.49677377e+01   -6.49677377e+01
178      1.10786800e-06    5.72195425e-01    5.72195425e-01    0.00000000e+00    0.00000000e+00    5.72195425e-01    5.72195425e-01    0.00000000e+00    0.00000000e+00   -4.84911237e+00   -4.84911237e+00   -5.72290144e-04   -5.72290144e-04    0.00000000e+00    0.00000000e+00    5.72290144e-04    5.72290144e-04    3.14159265e+00    3.14159265e+00   -6.48476747e+01   -6.48476747e+01
179      1.19081200e-06    5.80043029e-01    5.80043029e-01    0.00000000e+00    0.00000000e+00    5.80043029e-01    5.80043029e-01    0.00000000e+00    0.00000000e+00   -4.73079576e+00   -4.73079576e+00   -5.80137643e-04   -5.80137643e-04    0.00000000e+00    0.00000000e+00    5.80137643e-04    5.80137643e-04    3.14159265e+00    3.14159265e+00   -6.47293791e+01   -6.47293791e+01
180      1.27375600e-06    5.87883556e-01    5.87883556e-01    0.00000000e+00    0.00000000e+00    5.87883556e-01    5.87883556e-01    0.00000000e+00    0.00000000e+00   -4.61417375e+00   -4.61417375e+00   -5.87978084e-04   -5.87978084e-04    0.00000000e+00    0.00000000e+00    5.87978084e-04    5.87978084e-04    3.14159265e+00    3.14159265e+00   -6.46127772e+01   -6.46127772e+01
181      1.35670000e-06    5.95718472e-01    5.95718472e-01    0.00000000e+00    0.00000000e+00    5.95718472e-01    5.95718472e-01    0.00000000e+00    0.00000000e+00   -4.49917866e+00   -4.49917866e+00   -5.95812932e-04   -5.95812932e-04    0.00000000e+00    0.00000000e+00    5.95812932e-04    5.95812932e-04    3.14159265e+00    3.14159265e+00   -6.44978015e+01   -6.44978015e+01
182      1.52258800e-06    6.11369367e-01    6.11369367e-01    0.00000000e+00    0.00000000e+00    6.11369367e-01    6.11369367e-01    0.00000000e+00    0.00000000e+00   -4.27392651e+00   -4.27392651e+00   -6.11463713e-04   -6.11463713e-04    0.00000000e+00    0.00000000e+00    6.11463713e-04    6.11463713e-04    3.14159265e+00    3.14159265e+00   -6.42725862e+01   -6.42725862e+01
183      1.67188720e-06    6.25450843e-01    6.25450843e-01    0.00000000e+00    0.00000000e+00    6.25450843e-01    6.25450843e-01    0.00000000e+00    0.00000000e+00   -4.07613636e+00   -4.07613636e+00   -6.25545160e-04   -6.25545160e-04    0.00000000e+00    0.00000000e+00    6.25545160e-04    6.25545160e-04    3.14159265e+00    3.14159265e+00   -6.40748266e+01   -6.40748266e+01
184      1.97048560e-06    6.53602706e-01    6.53602706e-01    0.00000000e+00    0.00000000e+00    6.53602706e-01    6.53602706e-01    0.00000000e+00    0.00000000e+00   -3.69372317e+00   -3.69372317e+00   -6.53696986e-04   -6.53696986e-04    0.00000000e+00    0.00000000e+00    6.53696986e-04    6.53696986e-04    3.14159265e+00    3.14159265e+00   -6.36924704e+01   -6.36924704e+01
185      2.26908400e-06    6.81781053e-01    6.81781053e-01    0.00000000e+00    0.00000000e+00    6.81781053e-01    6.81781053e-01    0.00000000e+00    0.00000000e+00   -3.32710144e+00   -3.32710144e+00   -6.81875422e-04   -6.81875422e-04    0.00000000e+00    0.00000000e+00    6.81875422e-04    6.81875422e-04    3.14159265e+00    3.14159265e+00   -6.33258993e+01   -6.33258993e+01
186      2.53782256e-06    7.07174482e-01    7.07174482e-01    0.00000000e+00    0.00000000e+00    7.07174482e-01    7.07174482e-01    0.00000000e+00    0.00000000e+00   -3.00946838e+00   -3.00946838e+00   -7.07268973e-04   -7.07268973e-04    0.00000000e+00    0.00000000e+00    7.07268973e-04    7.07268973e-04    3.14159265e+00    3.14159265e+00   -6.30083079e+01   -6.30083079e+01
187      2.77968726e-06    7.30058662e-01    7.30058662e-01    0.00000000e+00    0.00000000e+00    7.30058662e-01    7.30058662e-01    0.00000000e+00    0.00000000e+00   -2.73284483e+00   -2.73284483e+00   -7.30153278e-04   -7.30153278e-04    0.00000000e+00    0.00000000e+00    7.30153278e-04    7.30153278e-04    3.14159265e+00    3.14159265e+00   -6.27317192e+01   -6.27317192e+01
188      2.99736550e-06    7.50680186e-01    7.50680186e-01    0.00000000e+00    0.00000000e+00    7.50680186e-01    7.50680186e-01    0.00000000e+00    0.00000000e+00   -2.49090094e+00   -2.49090094e+00   -7.50774920e-04   -7.50774920e-04    0.00000000e+00    0.00000000e+00    7.50774920e-04    7.50774920e-04    3.14159265e+00    3.14159265e+00   -6.24898049e+01   -6.24898049e+01
189      3.21504373e-06    7.71326367e-01    7.71326367e-01    0.00000000e+00    0.00000000e+00    7.71326367e-01    7.71326367e-01    0.00000000e+00    0.00000000e+00   -2.25523645e+00   -2.25523645e+00   -7.71421214e-04   -7.71421214e-04    0.00000000e+00    0.00000000e+00    7.71421214e-04    7.71421214e-04    3.14159265e+00    3.14159265e+00   -6.22541684e+01   -6.22541684e+01
190      3.43272196e-06    7.91997537e-01    7.91997537e-01    0.00000000e+00    0.00000000e+00    7.91997537e-01    7.91997537e-01    0.00000000e+00    0.00000000e+00   -2.02552338e+00   -2.02552338e+00   -7.92092499e-04   -7.92092499e-04    0.00000000e+00    0.00000000e+00    7.92092499e-04    7.92092499e-04    3.14159265e+00    3.14159265e+00   -6.20244820e+01   -6.20244820e+01
191      3.65040020e-06    8.12693638e-01    8.12693638e-01    0.00000000e+00    0.00000000e+00    8.12693638e-01    8.12693638e-01    0.00000000e+00    0.00000000e+00   -1.80146280e+00   -1.80146280e+00   -8.12788714e-04   -8.12788714e-04    0.00000000e+00    0.00000000e+00    8.12788714e-04    8.12788714e-04    3.14159265e+00    3.14159265e+00   -6.18004467e+01   -6.18004467e+01
192      3.86807843e-06    8.33414344e-01    8.33414344e-01    0.00000000e+00    0.00000000e+00    8.33414344e-01    8.33414344e-01    0.00000000e+00    0.00000000e+00   -1.58278058e+00   -1.58278058e+00   -8.33509533e-04   -8.33509533e-04    0.00000000e+00    0.00000000e+00    8.33509533e-04    8.33509533e-04    3.14159265e+00    3.14159265e+00   -6.15817886e+01   -6.15817886e+01
193      4.08575667e-06    8.54159146e-01    8.54159146e-01    0.00000000e+00    0.00000000e+00    8.54159146e-01    8.54159146e-01    0.00000000e+00    0.00000000e+00   -1.36922409e+00   -1.36922409e+00   -8.54254446e-04   -8.54254446e-04    0.00000000e+00    0.00000000e+00    8.54254446e-04    8.54254446e-04    3.14159265e+00    3.14159265e+00   -6.13682550e+01   -6.13682550e+01
194      4.30343490e-06    8.74927416e-01    8.74927416e-01    0.00000000e+00    0.00000000e+00    8.74927416e-01    8.74927416e-01    0.00000000e+00    0.00000000e+00   -1.16055950e+00   -1.16055950e+00   -8.75022824e-04   -8.75022824e-04    0.00000000e+00    0.00000000e+00    8.75022824e-04    8.75022824e-04    3.14159265e+00    3.14159265e+00   -6.11596124e+01   -6.11596124e+01
195      4.52111313e-06    8.95718450e-01    8.95718450e-01    0.00000000e+00    0.00000000e+00    8.95718450e-01    8.95718450e-01    0.00000000e+00    0.00000000e+00   -9.56569599e-01   -9.56569599e-01   -8.95813963e-04   -8.95813963e-04    0.00000000e+00    0.00000000e+00    8.95813963e-04    8.95813963e-04    3.14159265e+00    3.14159265e+00   -6.09556435e+01   -6.09556435e+01
196      4.73879137e-06    9.16531507e-01    9.16531507e-01    0.00000000e+00    0.00000000e+00    9.16531507e-01    9.16531507e-01    0.00000000e+00    0.00000000e+00   -7.57052020e-01   -7.57052020e-01   -9.16627121e-04   -9.16627121e-04    0.00000000e+00    0.00000000e+00    9.16627121e-04    9.16627121e-04    3.14159265e+00    3.14159265e+00   -6.07561459e+01   -6.07561459e+01
197      4.95646960e-06    9.37365824e-01    9.37365824e-01    0.00000000e+00    0.00000000e+00    9.37365824e-01    9.37365824e-01    0.00000000e+00    0.00000000e+00   -5.61817690e-01   -5.61817690e-01   -9.37461536e-04   -9.37461536e-04    0.00000000e+00    0.00000000e+00    9.37461536e-04    9.37461536e-04    3.14159265e+00    3.14159265e+00   -6.05609308e+01   -6.05609308e+01
198      5.17414783e-06    9.58220641e-01    9.58220641e-01    0.00000000e+00    0.00000000e+00    9.58220641e-01    9.58220641e-01    0.00000000e+00    0.00000000e+00   -3.70689567e-01   -3.70689567e-01   -9.58316446e-04   -9.58316446e-04    0.00000000e+00    0.00000000e+00    9.58316446e-04    9.58316446e-04    3.14159265e+00    3.14159265e+00   -6.03698212e+01   -6.03698212e+01
199      5.39182607e-06    9.79095204e-01    9.79095204e-01    0.00000000e+00    0.00000000e+00    9.79095204e-01    9.79095204e-01    0.00000000e+00    0.00000000e+00   -1.83501537e-01   -1.83501537e-01   -9.79191100e-04   -9.79191100e-04    0.00000000e+00    0.00000000e+00    9.79191100e-04    9.79191100e-04    3.14159265e+00    3.14159265e+00   -6.01826508e+01   -6.01826508e+01
200      5.60950430e-06    9.99988779e-01    9.99988779e-01    0.00000000e+00    0.00000000e+00    9.99988779e-01    9.99988779e-01    0.00000000e+00    0.00000000e+00   -9.74629677e-05   -9.74629677e-05   -1.00008476e-03   -1.00008476e-03    0.00000000e+00    0.00000000e+00    1.00008476e-03    1.00008476e-03    3.14159265e+00    3.14159265e+00   -5.99992638e+01   -5.99992638e+01
201      5.82718253e-06    1.02090066e+00    1.02090066e+00    0.00000000e+00    0.00000000e+00    1.02090066e+00    1.02090066e+00    0.00000000e+00    0.00000000e+00    1.79669654e-01    1.79669654e-01   -1.02099672e-03   -1.02099672e-03    0.00000000e+00    0.00000000e+00    1.02099672e-03    1.02099672e-03    3.14159265e+00    3.14159265e+00   -5.98195130e+01   -5.98195130e+01
202      6.04486077e-06    1.04183015e+00    1.04183015e+00    0.00000000e+00    0.00000000e+00    1.04183015e+00    1.04183015e+00    0.00000000e+00    0.00000000e+00    3.55938408e-01    3.55938408e-01   -1.04192630e-03   -1.04192630e-03    0.00000000e+00    0.00000000e+00    1.04192630e-03    1.04192630e-03    3.14159265e+00    3.14159265e+00   -5.96432600e+01   -5.96432600e+01
203      6.26253900e-06    1.06277660e+00    1.06277660e+00    0.00000000e+00    0.00000000e+00    1.06277660e+00    1.06277660e+00    0.00000000e+00    0.00000000e+00    5.28839641e-01    5.28839641e-01   -1.06287282e-03   -1.06287282e-03    0.00000000e+00    0.00000000e+00    1.06287282e-03    1.06287282e-03    3.14159265e+00    3.14159265e+00   -5.94703740e+01   -5.94703740e+01
204      6.48021724e-06    1.08373937e+00    1.08373937e+00    0.00000000e+00    0.00000000e+00    1.08373937e+00    1.08373937e+00    0.00000000e+00    0.00000000e+00    6.98497033e-01    6.98497033e-01   -1.08383567e-03   -1.08383567e-03    0.00000000e+00    0.00000000e+00    1.08383567e-03    1.08383567e-03    3.14159265e+00    3.14159265e+00   -5.93007312e+01   -5.93007312e+01
205      6.69789547e-06    1.10471787e+00    1.10471787e+00    0.00000000e+00    0.00000000e+00    1.10471787e+00    1.10471787e+00    0.00000000e+00    0.00000000e+00    8.65027621e-01    8.65027621e-01   -1.10481425e-03   -1.10481425e-03    0.00000000e+00    0.00000000e+00    1.10481425e-03    1.10481425e-03    3.14159265e+00    3.14159265e+00   -5.91342147e+01   -5.91342147e+01
206      6.91557370e-06    1.12571153e+00    1.12571153e+00    0.00000000e+00    0.00000000e+00    1.12571153e+00    1.12571153e+00    0.00000000e+00    0.00000000e+00    1.02854228e+00    1.02854228e+00   -1.12580797e-03   -1.12580797e-03    0.00000000e+00    0.00000000e+00    1.12580797e-03    1.12580797e-03    3.14159265e+00    3.14159265e+00   -5.89707136e+01   -5.89707136e+01
207      7.13325194e-06    1.14671979e+00    1.14671979e+00    0.00000000e+00    0.00000000e+00    1.14671979e+00    1.14671979e+00    0.00000000e+00    0.00000000e+00    1.18914614e+00    1.18914614e+00   -1.14681630e-03   -1.14681630e-03    0.00000000e+00    0.00000000e+00    1.14681630e-03    1.14681630e-03    3.14159265e+00    3.14159265e+00   -5.88101229e+01   -5.88101229e+01
208      7.35093017e-06    1.16774213e+00    1.16774213e+00    0.00000000e+00    0.00000000e+00    1.16774213e+00    1.16774213e+00    0.00000000e+00    0.00000000e+00    1.34693900e+00    1.34693900e+00   -1.16783871e-03   -1.16783871e-03    0.00000000e+00    0.00000000e+00    1.16783871e-03    1.16783871e-03    3.14159265e+00    3.14159265e+00   -5.86523427e+01   -5.86523427e+01
209      7.56860840e-06    1.18877807e+00    1.18877807e+00    0.00000000e+00    0.00000000e+00    1.18877807e+00    1.18877807e+00    0.00000000e+00    0.00000000e+00    1.50201568e+00    1.50201568e+00   -1.18887470e-03   -1.18887470e-03    0.00000000e+00    0.00000000e+00    1.18887470e-03    1.18887470e-03    3.14159265e+00    3.14159265e+00   -5.84972783e+01   -5.84972783e+01
210      7.78628664e-06    1.20982712e+00    1.20982712e+00    0.00000000e+00    0.00000000e+00    1.20982712e+00    1.20982712e+00    0.00000000e+00    0.00000000e+00    1.65446630e+00    1.65446630e+00   -1.20992382e-03   -1.20992382e-03    0.00000000e+00    0.00000000e+00    1.20992382e-03    1.20992382e-03    3.14159265e+00    3.14159265e+00   -5.83448395e+01   -5.83448395e+01
211      8.00396487e-06    1.23088884e+00    1.23088884e+00    0.00000000e+00    0.00000000e+00    1.23088884e+00    1.23088884e+00    0.00000000e+00    0.00000000e+00    1.80437667e+00    1.80437667e+00   -1.23098559e-03   -1.23098559e-03    0.00000000e+00    0.00000000e+00    1.23098559e-03    1.23098559e-03    3.14159265e+00    3.14159265e+00   -5.81949406e+01   -5.81949406e+01
212      8.22164310e-06    1.25196280e+00    1.25196280e+00    0.00000000e+00    0.00000000e+00    1.25196280e+00    1.25196280e+00    0.00000000e+00    0.00000000e+00    1.95182849e+00    1.95182849e+00   -1.25205961e-03   -1.25205961e-03    0.00000000e+00    0.00000000e+00    1.25205961e-03    1.25205961e-03    3.14159265e+00    3.14159265e+00   -5.80474999e+01   -5.80474999e+01
213      8.43932134e-06    1.27304859e+00    1.27304859e+00    0.00000000e+00    0.00000000e+00    1.27304859e+00    1.27304859e+00    0.00000000e+00    0.00000000e+00    2.09689962e+00    2.09689962e+00   -1.27314546e-03   -1.27314546e-03    0.00000000e+00    0.00000000e+00    1.27314546e-03    1.27314546e-03    3.14159265e+00    3.14159265e+00   -5.79024395e+01   -5.79024395e+01
214      8.65699957e-06    1.29414583e+00    1.29414583e+00    0.00000000e+00    0.00000000e+00    1.29414583e+00    1.29414583e+00    0.00000000e+00    0.00000000e+00    2.23966436e+00    2.23966436e+00   -1.29424275e-03   -1.29424275e-03    0.00000000e+00    0.00000000e+00    1.29424275e-03    1.29424275e-03    3.14159265e+00    3.14159265e+00   -5.77596852e+01   -5.77596852e+01
215      8.87467780e-06    1.31525415e+00    1.31525415e+00    0.00000000e+00    0.00000000e+00    1.31525415e+00    1.31525415e+00    0.00000000e+00    0.00000000e+00    2.38019359e+00    2.38019359e+00   -1.31535112e-03   -1.31535112e-03    0.00000000e+00    0.00000000e+00    1.31535112e-03    1.31535112e-03    3.14159265e+00    3.14159265e+00   -5.76191660e+01   -5.76191660e+01
216      9.09235604e-06    1.33637318e+00    1.33637318e+00    0.00000000e+00    0.00000000e+00    1.33637318e+00    1.33637318e+00    0.00000000e+00    0.00000000e+00    2.51855504e+00    2.51855504e+00   -1.33647020e-03   -1.33647020e-03    0.00000000e+00    0.00000000e+00    1.33647020e-03    1.33647020e-03    3.14159265e+00    3.14159265e+00   -5.74808144e+01   -5.74808144e+01
217      9.31003427e-06    1.35750260e+00    1.35750260e+00    0.00000000e+00    0.00000000e+00    1.35750260e+00    1.35750260e+00    0.00000000e+00    0.00000000e+00    2.65481343e+00    2.65481343e+00   -1.35759967e-03   -1.35759967e-03    0.00000000e+00    0.00000000e+00    1.35759967e-03    1.35759967e-03    3.14159265e+00    3.14159265e+00   -5.73445655e+01   -5.73445655e+01
218      9.52771251e-06    1.37864209e+00    1.37864209e+00    0.00000000e+00    0.00000000e+00    1.37864209e+00    1.37864209e+00    0.00000000e+00    0.00000000e+00    2.78903067e+00    2.78903067e+00   -1.37873920e-03   -1.37873920e-03    0.00000000e+00    0.00000000e+00    1.37873920e-03    1.37873920e-03    3.14159265e+00    3.14159265e+00   -5.72103575e+01   -5.72103575e+01
219      9.96306897e-06    1.42094986e+00    1.42094986e+00    0.00000000e+00    0.00000000e+00    1.42094986e+00    1.42094986e+00    0.00000000e+00    0.00000000e+00    3.05157507e+00    3.05157507e+00   -1.42104704e-03   -1.42104704e-03    0.00000000e+00    0.00000000e+00    1.42104704e-03    1.42104704e-03    3.14159265e+00    3.14159265e+00   -5.69478309e+01   -5.69478309e+01
220      1.00000000e-05    1.42454056e+00    1.42454056e+00    0.00000000e+00    0.00000000e+00    1.42454056e+00    1.42454056e+00    0.00000000e+00    0.00000000e+00    3.07349641e+00    3.07349641e+00   -1.42463779e-03   -1.42463779e-03    0.00000000e+00    0.00000000e+00    1.42463779e-03    1.42463779e-03    3.14159265e+00    3.14159265e+00   -5.69259108e+01   -5.69259108e+01
221      1.00264702e-05    1.42447004e+00    1.42447004e+00    0.00000000e+00    0.00000000e+00    1.42447004e+00    1.42447004e+00    0.00000000e+00    0.00000000e+00    3.07306638e+00    3.07306638e+00   -1.42446737e-03   -1.42446737e-03    0.00000000e+00    0.00000000e+00    1.42446737e-03    1.42446737e-03    3.14159265e+00    3.14159265e+00   -5.69269499e+01   -5.69269499e+01
222      1.00499581e-05    1.42440943e+00    1.42440943e+00    0.00000000e+00    0.00000000e+00    1.42440943e+00    1.42440943e+00    0.00000000e+00    0.00000000e+00    3.07269683e+00    3.07269683e+00   -1.42440685e-03   -1.42440685e-03    0.00000000e+00    0.00000000e+00    1.42440685e-03    1.42440685e-03    3.14159265e+00    3.14159265e+00   -5.69273189e+01   -5.69273189e+01
223      1.00969339e-05    1.42429536e+00    1.42429536e+00    0.00000000e+00    0.00000000e+00    1.42429536e+00    1.42429536e+00    0.00000000e+00    0.00000000e+00    3.07200116e+00    3.07200116e+00   -1.42429293e-03   -1.42429293e-03    0.00000000e+00    0.00000000e+00    1.42429293e-03    1.42429293e-03    3.14159265e+00    3.14159265e+00   -5.69280137e+01   -5.69280137e+01
224      1.01908854e-05    1.42409250e+00    1.42409250e+00    0.00000000e+00    0.00000000e+00    1.42409250e+00    1.42409250e+00    0.00000000e+00    0.00000000e+00    3.07076397e+00    3.07076397e+00   -1.42409034e-03   -1.42409034e-03    0.00000000e+00    0.00000000e+00    1.42409034e-03    1.42409034e-03    3.14159265e+00    3.14159265e+00   -5.69292492e+01   -5.69292492e+01
225      1.02848369e-05    1.42391230e+00    1.42391230e+00    0.00000000e+00    0.00000000e+00    1.42391230e+00    1.42391230e+00    0.00000000e+00    0.00000000e+00    3.06966482e+00    3.06966482e+00   -1.42391038e-03   -1.42391038e-03    0.00000000e+00    0.00000000e+00    1.42391038e-03    1.42391038e-03    3.14159265e+00    3.14159265e+00   -5.69303469e+01   -5.69303469e+01
226      1.03787885e-05    1.42375213e+00    1.42375213e+00    0.00000000e+00    0.00000000e+00    1.42375213e+00    1.42375213e+00    0.00000000e+00    0.00000000e+00    3.06868775e+00    3.06868775e+00   -1.42375043e-03   -1.42375043e-03    0.00000000e+00    0.00000000e+00    1.42375043e-03    1.42375043e-03    3.14159265e+00    3.14159265e+00   -5.69313226e+01   -5.69313226e+01
227      1.04727400e-05    1.42360970e+00    1.42360970e+00    0.00000000e+00    0.00000000e+00    1.42360970e+00    1.42360970e+00    0.00000000e+00    0.00000000e+00    3.06781880e+00    3.06781880e+00   -1.42360819e-03   -1.42360819e-03    0.00000000e+00    0.00000000e+00    1.42360819e-03    1.42360819e-03    3.14159265e+00    3.14159265e+00   -5.69321905e+01   -5.69321905e+01
228      1.05666916e-05    1.42348299e+00    1.42348299e+00    0.00000000e+00    0.00000000e+00    1.42348299e+00    1.42348299e+00    0.00000000e+00    0.00000000e+00    3.06704565e+00    3.06704565e+00   -1.42348164e-03   -1.42348164e-03    0.00000000e+00    0.00000000e+00    1.42348164e-03    1.42348164e-03    3.14159265e+00    3.14159265e+00   -5.69329626e+01   -5.69329626e+01
229      1.06606431e-05    1.42337022e+00    1.42337022e+00    0.00000000e+00    0.00000000e+00    1.42337022e+00    1.42337022e+00    0.00000000e+00    0.00000000e+00    3.06635749e+00    3.06635749e+00   -1.42336902e-03   -1.42336902e-03    0.00000000e+00    0.00000000e+00    1.42336902e-03    1.42336902e-03    3.14159265e+00    3.14159265e+00   -5.69336498e+01   -5.69336498e+01
230      1.07545947e-05    1.42326981e+00    1.42326981e+00    0.00000000e+00    0.00000000e+00    1.42326981e+00    1.42326981e+00    0.00000000e+00    0.00000000e+00    3.06574476e+00    3.06574476e+00   -1.42326874e-03   -1.42326874e-03    0.00000000e+00    0.00000000e+00    1.42326874e-03    1.42326874e-03    3.14159265e+00    3.14159265e+00   -5.69342618e+01   -5.69342618e+01
231      1.08485462e-05    1.42318039e+00    1.42318039e+00    0.00000000e+00    0.00000000e+00    1.42318039e+00    1.42318039e+00    0.00000000e+00    0.00000000e+00    3.06519902e+00    3.06519902e+00   -1.42317944e-03   -1.42317944e-03    0.00000000e+00    0.00000000e+00    1.42317944e-03    1.42317944e-03    3.14159265e+00    3.14159265e+00   -5.69348068e+01   -5.69348068e+01
232      1.09424978e-05    1.42310073e+00    1.42310073e+00    0.00000000e+00    0.00000000e+00    1.42310073e+00    1.42310073e+00    0.00000000e+00    0.00000000e+00    3.06471283e+00    3.06471283e+00   -1.42309988e-03   -1.42309988e-03    0.00000000e+00    0.00000000e+00    1.42309988e-03    1.42309988e-03    3.14159265e+00    3.14159265e+00   -5.69352923e+01   -5.69352923e+01
233      1.11304009e-05    1.42297260e+00    1.42297260e+00    0.00000000e+00    0.00000000e+00    1.42297260e+00    1.42297260e+00    0.00000000e+00    0.00000000e+00    3.06393073e+00    3.06393073e+00   -1.42297191e-03   -1.42297191e-03    0.00000000e+00    0.00000000e+00    1.42297191e-03    1.42297191e-03    3.14159265e+00    3.14159265e+00   -5.69360734e+01   -5.69360734e+01
234      1.13183040e-05    1.42286958e+00    1.42286958e+00    0.00000000e+00    0.00000000e+00    1.42286958e+00    1.42286958e+00    0.00000000e+00    0.00000000e+00    3.06330192e+00    3.06330192e+00   -1.42286904e-03   -1.42286904e-03    0.00000000e+00    0.00000000e+00    1.42286904e-03    1.42286904e-03    3.14159265e+00    3.14159265e+00   -5.69367014e+01   -5.69367014e+01
235      1.15062071e-05    1.42278672e+00    1.42278672e+00    0.00000000e+00    0.00000000e+00    1.42278672e+00    1.42278672e+00    0.00000000e+00    0.00000000e+00    3.06279605e+00    3.06279605e+00   -1.42278628e-03   -1.42278628e-03    0.00000000e+00    0.00000000e+00    1.42278628e-03    1.42278628e-03    3.14159265e+00    3.14159265e+00   -5.69372066e+01   -5.69372066e+01
236      1.16941102e-05    1.42272003e+00    1.42272003e+00    0.00000000e+00    0.00000000e+00    1.42272003e+00    1.42272003e+00    0.00000000e+00    0.00000000e+00    3.06238891e+00    3.06238891e+00   -1.42271967e-03   -1.42271967e-03    0.00000000e+00    0.00000000e+00    1.42271967e-03    1.42271967e-03    3.14159265e+00    3.14159265e+00   -5.69376133e+01   -5.69376133e+01
237      1.18820132e-05    1.42266633e+00    1.42266633e+00    0.00000000e+00    0.00000000e+00    1.42266633e+00    1.42266633e+00    0.00000000e+00    0.00000000e+00    3.06206109e+00    3.06206109e+00   -1.42266605e-03   -1.42266605e-03    0.00000000e+00    0.00000000e+00    1.42266605e-03    1.42266605e-03    3.14159265e+00    3.14159265e+00   -5.69379407e+01   -5.69379407e+01
238      1.20699163e-05    1.42262309e+00    1.42262309e+00    0.00000000e+00    0.00000000e+00    1.42262309e+00    1.42262309e+00    0.00000000e+00    0.00000000e+00    3.06179706e+00    3.06179706e+00   -1.42262286e-03   -1.42262286e-03    0.00000000e+00    0.00000000e+00    1.42262286e-03    1.42262286e-03    3.14159265e+00    3.14159265e+00   -5.69382043e+01   -5.69382043e+01
239      1.24457225e-05    1.42256472e+00    1.42256472e+00    0.00000000e+00    0.00000000e+00    1.42256472e+00    1.42256472e+00    0.00000000e+00    0.00000000e+00    3.06144071e+00    3.06144071e+00   -1.42256457e-03   -1.42256457e-03    0.00000000e+00    0.00000000e+00    1.42256457e-03    1.42256457e-03    3.14159265e+00    3.14159265e+00   -5.69385602e+01   -5.69385602e+01
240      1.28215287e-05    1.42252535e+00    1.42252535e+00    0.00000000e+00    0.00000000e+00    1.42252535e+00    1.42252535e+00    0.00000000e+00    0.00000000e+00    3.06120027e+00    3.06120027e+00   -1.42252524e-03   -1.42252524e-03    0.00000000e+00    0.00000000e+00    1.42252524e-03    1.42252524e-03    3.14159265e+00    3.14159265e+00   -5.69388004e+01   -5.69388004e+01
241      1.31973349e-05    1.42249877e+00    1.42249877e+00    0.00000000e+00    0.00000000e+00    1.42249877e+00    1.42249877e+00    0.00000000e+00    0.00000000e+00    3.06103798e+00    3.06103798e+00   -1.42249870e-03   -1.42249870e-03    0.00000000e+00    0.00000000e+00    1.42249870e-03    1.42249870e-03    3.14159265e+00    3.14159265e+00   -5.69389625e+01   -5.69389625e+01
242      1.35731411e-05    1.42248082e+00    1.42248082e+00    0.00000000e+00    0.00000000e+00    1.42248082e+00    1.42248082e+00    0.00000000e+00    0.00000000e+00    3.06092839e+00    3.06092839e+00   -1.42248077e-03   -1.42248077e-03    0.00000000e+00    0.00000000e+00    1.42248077e-03    1.42248077e-03    3.14159265e+00    3.14159265e+00   -5.69390719e+01   -5.69390719e+01
243      1.43247535e-05    1.42246252e+00    1.42246252e+00    0.00000000e+00    0.00000000e+00    1.42246252e+00    1.42246252e+00    0.00000000e+00    0.00000000e+00    3.06081661e+00    3.06081661e+00   -1.42246249e-03   -1.42246249e-03    0.00000000e+00    0.00000000e+00    1.42246249e-03    1.42246249e-03    3.14159265e+00    3.14159265e+00   -5.69391835e+01   -5.69391835e+01
244      1.50763658e-05    1.42245318e+00    1.42245318e+00    0.00000000e+00    0.00000000e+00    1.42245318e+00    1.42245318e+00    0.00000000e+00    0.00000000e+00    3.06075963e+00    3.06075963e+00   -1.42245317e-03   -1.42245317e-03    0.00000000e+00    0.00000000e+00    1.42245317e-03    1.42245317e-03    3.14159265e+00    3.14159265e+00   -5.69392404e+01   -5.69392404e+01
245      1.65795906e-05    1.42244679e+00    1.42244679e+00    0.00000000e+00    0.00000000e+00    1.42244679e+00    1.42244679e+00    0.00000000e+00    0.00000000e+00    3.06072060e+00    3.06072060e+00   -1.42244679e-03   -1.42244679e-03    0.00000000e+00    0.00000000e+00    1.42244679e-03    1.42244679e-03    3.14159265e+00    3.14159265e+00   -5.69392794e+01   -5.69392794e+01
246      1.80828153e-05    1.42244461e+00    1.42244461e+00    0.00000000e+00    0.00000000e+00    1.42244461e+00    1.42244461e+00    0.00000000e+00    0.00000000e+00    3.06070725e+00    3.06070725e+00   -1.42244460e-03   -1.42244460e-03    0.00000000e+00    0.00000000e+00    1.42244460e-03    1.42244460e-03    3.14159265e+00    3.14159265e+00   -5.69392928e+01   -5.69392928e+01
247      2.10892648e-05    1.42244370e+00    1.42244370e+00    0.00000000e+00    0.00000000e+00    1.42244370e+00    1.42244370e+00    0.00000000e+00    0.00000000e+00    3.06070174e+00    3.06070174e+00   -1.42244370e-03   -1.42244370e-03    0.00000000e+00    0.00000000e+00    1.42244370e-03    1.42244370e-03    3.14159265e+00    3.14159265e+00   -5.69392983e+01   -5.69392983e+01
248      2.71021639e-05    1.42244349e+00    1.42244349e+00    0.00000000e+00    0.00000000e+00    1.42244349e+00    1.42244349e+00    0.00000000e+00    0.00000000e+00    3.06070047e+00    3.06070047e+00   -1.42244349e-03   -1.42244349e-03    0.00000000e+00    0.00000000e+00    1.42244349e-03    1.42244349e-03    3.14159265e+00    3.14159265e+00   -5.69392995e+01   -5.69392995e+01
249      3.71021639e-05    1.42244347e+00    1.42244347e+00    0.00000000e+00    0.00000000e+00    1.42244347e+00    1.42244347e+00    0.00000000e+00    0.00000000e+00    3.06070031e+00    3.06070031e+00   -1.42244347e-03   -1.42244347e-03    0.00000000e+00    0.00000000e+00    1.42244347e-03    1.42244347e-03    3.14159265e+00    3.14159265e+00   -5.69392997e+01   -5.69392997e+01
250      4.71021639e-05    1.42244347e+00    1.42244347e+00    0.00000000e+00    0.00000000e+00    1.42244347e+00    1.42244347e+00    0.00000000e+00    0.00000000e+00    3.06070030e+00    3.06070030e+00   -1.42244347e-03   -1.42244347e-03    0.00000000e+00    0.00000000e+00    1.42244347e-03    1.42244347e-03    3.14159265e+00    3.14159265e+00   -5.69392997e+01   -5.69392997e+01
251      5.00000000e-05    1.42244347e+00    1.42244347e+00    0.00000000e+00    0.00000000e+00    1.42244347e+00    1.42244347e+00    0.00000000e+00    0.00000000e+00    3.06070030e+00    3.06070030e+00   -1.42244347e-03   -1.42244347e-03    0.00000000e+00    0.00000000e+00    1.42244347e-03    1.42244347e-03    3.14159265e+00    3.14159265e+00   -5.69392997e+01   -5.69392997e+01
252      5.00156250e-05    1.42088199e+00    1.42088199e+00    0.00000000e+00    0.00000000e+00    1.42088199e+00    1.42088199e+00    0.00000000e+00    0.00000000e+00    3.05116022e+00    3.05116022e+00   -1.42078206e-03   -1.42078206e-03    0.00000000e+00    0.00000000e+00    1.42078206e-03    1.42078206e-03    3.14159265e+00    3.14159265e+00   -5.69494507e+01   -5.69494507e+01
253      5.00267226e-05    1.41977335e+00    1.41977335e+00    0.00000000e+00    0.00000000e+00    1.41977335e+00    1.41977335e+00    0.00000000e+00    0.00000000e+00    3.04438041e+00    3.04438041e+00   -1.41967345e-03   -1.41967345e-03    0.00000000e+00    0.00000000e+00    1.41967345e-03    1.41967345e-03    3.14159265e+00    3.14159265e+00   -5.69562308e+01   -5.69562308e+01
254      5.00489179e-05    1.41755762e+00    1.41755762e+00    0.00000000e+00    0.00000000e+00    1.41755762e+00    1.41755762e+00    0.00000000e+00    0.00000000e+00    3.03081440e+00    3.03081440e+00   -1.41745779e-03   -1.41745779e-03    0.00000000e+00    0.00000000e+00    1.41745779e-03    1.41745779e-03    3.14159265e+00    3.14159265e+00   -5.69697973e+01   -5.69697973e+01
255      5.00933083e-05    1.41313201e+00    1.41313201e+00    0.00000000e+00    0.00000000e+00    1.41313201e+00    1.41313201e+00    0.00000000e+00    0.00000000e+00    3.00365468e+00    3.00365468e+00   -1.41303231e-03   -1.41303231e-03    0.00000000e+00    0.00000000e+00    1.41303231e-03    1.41303231e-03    3.14159265e+00    3.14159265e+00   -5.69969581e+01   -5.69969581e+01
256      5.01820893e-05    1.40430188e+00    1.40430188e+00    0.00000000e+00    0.00000000e+00    1.40430188e+00    1.40430188e+00    0.00000000e+00    0.00000000e+00    2.94920956e+00    2.94920956e+00   -1.40420242e-03   -1.40420242e-03    0.00000000e+00    0.00000000e+00    1.40420242e-03    1.40420242e-03    3.14159265e+00    3.14159265e+00   -5.70514056e+01   -5.70514056e+01
257      5.02708702e-05    1.39549078e+00    1.39549078e+00    0.00000000e+00    0.00000000e+00    1.39549078e+00    1.39549078e+00    0.00000000e+00    0.00000000e+00    2.89453944e+00    2.89453944e+00   -1.39539154e-03   -1.39539154e-03    0.00000000e+00    0.00000000e+00    1.39539154e-03    1.39539154e-03    3.14159265e+00    3.14159265e+00   -5.71060783e+01   -5.71060783e+01
258      5.03596511e-05    1.38669687e+00    1.38669687e+00    0.00000000e+00    0.00000000e+00    1.38669687e+00    1.38669687e+00    0.00000000e+00    0.00000000e+00    2.83963069e+00    2.83963069e+00   -1.38659782e-03   -1.38659782e-03    0.00000000e+00    0.00000000e+00    1.38659782e-03    1.38659782e-03    3.14159265e+00    3.14159265e+00   -5.71609898e+01   -5.71609898e+01
259      5.04484321e-05    1.37791851e+00    1.37791851e+00    0.00000000e+00    0.00000000e+00    1.37791851e+00    1.37791851e+00    0.00000000e+00    0.00000000e+00    2.78447066e+00    2.78447066e+00   -1.37781963e-03   -1.37781963e-03    0.00000000e+00    0.00000000e+00    1.37781963e-03    1.37781963e-03    3.14159265e+00    3.14159265e+00   -5.72161526e+01   -5.72161526e+01
260      5.05372130e-05    1.36915425e+00    1.36915425e+00    0.00000000e+00    0.00000000e+00    1.36915425e+00    1.36915425e+00    0.00000000e+00    0.00000000e+00    2.72904756e+00    2.72904756e+00   -1.36905553e-03   -1.36905553e-03    0.00000000e+00    0.00000000e+00    1.36905553e-03    1.36905553e-03    3.14159265e+00    3.14159265e+00   -5.72715787e+01   -5.72715787e+01
261      5.06259939e-05    1.36040280e+00    1.36040280e+00    0.00000000e+00    0.00000000e+00    1.36040280e+00    1.36040280e+00    0.00000000e+00    0.00000000e+00    2.67335032e+00    2.67335032e+00   -1.36030422e-03   -1.36030422e-03    0.00000000e+00    0.00000000e+00    1.36030422e-03    1.36030422e-03    3.14159265e+00    3.14159265e+00   -5.73272791e+01   -5.73272791e+01
262      5.07147749e-05    1.35166300e+00    1.35166300e+00    0.00000000e+00    0.00000000e+00    1.35166300e+00    1.35166300e+00    0.00000000e+00    0.00000000e+00    2.61736853e+00    2.61736853e+00   -1.35156456e-03   -1.35156456e-03    0.00000000e+00    0.00000000e+00    1.35156456e-03    1.35156456e-03    3.14159265e+00    3.14159265e+00   -5.73832641e+01   -5.73832641e+01
263      5.08035558e-05    1.34293384e+00    1.34293384e+00    0.00000000e+00    0.00000000e+00    1.34293384e+00    1.34293384e+00    0.00000000e+00    0.00000000e+00    2.56109233e+00    2.56109233e+00   -1.34283551e-03   -1.34283551e-03    0.00000000e+00    0.00000000e+00    1.34283551e-03    1.34283551e-03    3.14159265e+00    3.14159265e+00   -5.74395436e+01   -5.74395436e+01
264      5.08923367e-05    1.33421438e+00    1.33421438e+00    0.00000000e+00    0.00000000e+00    1.33421438e+00    1.33421438e+00    0.00000000e+00    0.00000000e+00    2.50451236e+00    2.50451236e+00   -1.33411617e-03   -1.33411617e-03    0.00000000e+00    0.00000000e+00    1.33411617e-03    1.33411617e-03    3.14159265e+00    3.14159265e+00   -5.74961270e+01   -5.74961270e+01
265      5.10698986e-05    1.31680746e+00    1.31680746e+00    0.00000000e+00    0.00000000e+00    1.31680746e+00    1.31680746e+00    0.00000000e+00    0.00000000e+00    2.39044560e+00    2.39044560e+00   -1.31670943e-03   -1.31670943e-03    0.00000000e+00    0.00000000e+00    1.31670943e-03    1.31670943e-03    3.14159265e+00    3.14159265e+00   -5.76102011e+01   -5.76102011e+01
266      5.12297043e-05    1.30116433e+00    1.30116433e+00    0.00000000e+00    0.00000000e+00    1.30116433e+00    1.30116433e+00    0.00000000e+00    0.00000000e+00    2.28664299e+00    2.28664299e+00   -1.30106644e-03   -1.30106644e-03    0.00000000e+00    0.00000000e+00    1.30106644e-03    1.30106644e-03    3.14159265e+00    3.14159265e+00   -5.77140105e+01   -5.77140105e+01
267      5.13895100e-05    1.28554122e+00    1.28554122e+00    0.00000000e+00    0.00000000e+00    1.28554122e+00    1.28554122e+00    0.00000000e+00    0.00000000e+00    2.18172015e+00    2.18172015e+00   -1.28544346e-03   -1.28544346e-03    0.00000000e+00    0.00000000e+00    1.28544346e-03    1.28544346e-03    3.14159265e+00    3.14159265e+00   -5.78189404e+01   -5.78189404e+01
268      5.15493156e-05    1.26993573e+00    1.26993573e+00    0.00000000e+00    0.00000000e+00    1.26993573e+00    1.26993573e+00    0.00000000e+00    0.00000000e+00    2.07563488e+00    2.07563488e+00   -1.26983808e-03   -1.26983808e-03    0.00000000e+00    0.00000000e+00    1.26983808e-03    1.26983808e-03    3.14159265e+00    3.14159265e+00   -5.79250331e+01   -5.79250331e+01
269      5.17091213e-05    1.25434588e+00    1.25434588e+00    0.00000000e+00    0.00000000e+00    1.25434588e+00    1.25434588e+00    0.00000000e+00    0.00000000e+00    1.96834618e+00    1.96834618e+00   -1.25424833e-03   -1.25424833e-03    0.00000000e+00    0.00000000e+00    1.25424833e-03    1.25424833e-03    3.14159265e+00    3.14159265e+00   -5.80323294e+01   -5.80323294e+01
270      5.18689270e-05    1.23877004e+00    1.23877004e+00    0.00000000e+00    0.00000000e+00    1.23877004e+00    1.23877004e+00    0.00000000e+00    0.00000000e+00    1.85981387e+00    1.85981387e+00   -1.23867257e-03   -1.23867257e-03    0.00000000e+00    0.00000000e+00    1.23867257e-03    1.23867257e-03    3.14159265e+00    3.14159265e+00   -5.81408696e+01   -5.81408696e+01
271      5.20287327e-05    1.22320687e+00    1.22320687e+00    0.00000000e+00    0.00000000e+00    1.22320687e+00    1.22320687e+00    0.00000000e+00    0.00000000e+00    1.74999821e+00    1.74999821e+00   -1.22310948e-03   -1.22310948e-03    0.00000000e+00    0.00000000e+00    1.22310948e-03    1.22310948e-03    3.14159265e+00    3.14159265e+00   -5.82506934e+01   -5.82506934e+01
272      5.21885384e-05    1.20765527e+00    1.20765527e+00    0.00000000e+00    0.00000000e+00    1.20765527e+00    1.20765527e+00    0.00000000e+00    0.00000000e+00    1.63885961e+00    1.63885961e+00   -1.20755795e-03   -1.20755795e-03    0.00000000e+00    0.00000000e+00    1.20755795e-03    1.20755795e-03    3.14159265e+00    3.14159265e+00   -5.83618403e+01   -5.83618403e+01
273      5.23483441e-05    1.19211436e+00    1.19211436e+00    0.00000000e+00    0.00000000e+00    1.19211436e+00    1.19211436e+00    0.00000000e+00    0.00000000e+00    1.52635836e+00    1.52635836e+00   -1.19201711e-03   -1.19201711e-03    0.00000000e+00    0.00000000e+00    1.19201711e-03    1.19201711e-03    3.14159265e+00    3.14159265e+00   -5.84743502e+01   -5.84743502e+01
274      5.25081497e-05    1.17658341e+00    1.17658341e+00    0.00000000e+00    0.00000000e+00    1.17658341e+00    1.17658341e+00    0.00000000e+00    0.00000000e+00    1.41245439e+00    1.41245439e+00   -1.17648622e-03   -1.17648622e-03    0.00000000e+00    0.00000000e+00    1.17648622e-03    1.17648622e-03    3.14159265e+00    3.14159265e+00   -5.85882631e+01   -5.85882631e+01
275      5.26679554e-05    1.16106185e+00    1.16106185e+00    0.00000000e+00    0.00000000e+00    1.16106185e+00    1.16106185e+00    0.00000000e+00    0.00000000e+00    1.29710709e+00    1.29710709e+00   -1.16096472e-03   -1.16096472e-03    0.00000000e+00    0.00000000e+00    1.16096472e-03    1.16096472e-03    3.14159265e+00    3.14159265e+00   -5.87036195e+01   -5.87036195e+01
276      5.28277611e-05    1.14554922e+00    1.14554922e+00    0.00000000e+00    0.00000000e+00    1.14554922e+00    1.14554922e+00    0.00000000e+00    0.00000000e+00    1.18027508e+00    1.18027508e+00   -1.14545215e-03   -1.14545215e-03    0.00000000e+00    0.00000000e+00    1.14545215e-03    1.14545215e-03    3.14159265e+00    3.14159265e+00   -5.88204610e+01   -5.88204610e+01
277      5.31473725e-05    1.11455110e+00    1.11455110e+00    0.00000000e+00    0.00000000e+00    1.11455110e+00    1.11455110e+00    0.00000000e+00    0.00000000e+00    9.41999708e-01    9.41999708e-01   -1.11445411e-03   -1.11445411e-03    0.00000000e+00    0.00000000e+00    1.11445411e-03    1.11445411e-03    3.14159265e+00    3.14159265e+00   -5.90587562e+01   -5.90587562e+01
278      5.34669838e-05    1.08358450e+00    1.08358450e+00    0.00000000e+00    0.00000000e+00    1.08358450e+00    1.08358450e+00    0.00000000e+00    0.00000000e+00    6.97255701e-01    6.97255701e-01   -1.08348761e-03   -1.08348761e-03    0.00000000e+00    0.00000000e+00    1.08348761e-03    1.08348761e-03    3.14159265e+00    3.14159265e+00   -5.93035210e+01   -5.93035210e+01
279      5.37865952e-05    1.05264898e+00    1.05264898e+00    0.00000000e+00    0.00000000e+00    1.05264898e+00    1.05264898e+00    0.00000000e+00    0.00000000e+00    4.45671481e-01    4.45671481e-01   -1.05255219e-03   -1.05255219e-03    0.00000000e+00    0.00000000e+00    1.05255219e-03    1.05255219e-03    3.14159265e+00    3.14159265e+00   -5.95551272e+01   -5.95551272e+01
280      5.41062066e-05    1.02174467e+00    1.02174467e+00    0.00000000e+00    0.00000000e+00    1.02174467e+00    1.02174467e+00    0.00000000e+00    0.00000000e+00    1.86847635e-01    1.86847635e-01   -1.02164798e-03   -1.02164798e-03    0.00000000e+00    0.00000000e+00    1.02164798e-03    1.02164798e-03    3.14159265e+00    3.14159265e+00   -5.98139744e+01   -5.98139744e+01
281      5.44258179e-05    9.90872178e-01    9.90872178e-01    0.00000000e+00    0.00000000e+00    9.90872178e-01    9.90872178e-01    0.00000000e+00    0.00000000e+00   -7.96473116e-02   -7.96473116e-02   -9.90775584e-04   -9.90775584e-04    0.00000000e+00    0.00000000e+00    9.90775584e-04    9.90775584e-04    3.14159265e+00    3.14159265e+00   -6.00804941e+01   -6.00804941e+01
282      5.47454293e-05    9.60032478e-01    9.60032478e-01    0.00000000e+00    0.00000000e+00    9.60032478e-01    9.60032478e-01    0.00000000e+00    0.00000000e+00   -3.54281491e-01   -3.54281491e-01   -9.59935987e-04   -9.59935987e-04    0.00000000e+00    0.00000000e+00    9.59935987e-04    9.59935987e-04    3.14159265e+00    3.14159265e+00   -6.03551545e+01   -6.03551545e+01
283      5.50650407e-05    9.29226874e-01    9.29226874e-01    0.00000000e+00    0.00000000e+00    9.29226874e-01    9.29226874e-01    0.00000000e+00    0.00000000e+00   -6.37564772e-01   -6.37564772e-01   -9.29130489e-04   -9.29130489e-04    0.00000000e+00    0.00000000e+00    9.29130489e-04    9.29130489e-04    3.14159265e+00    3.14159265e+00   -6.06384658e+01   -6.06384658e+01
284      5.53526909e-05    9.01532296e-01    9.01532296e-01    0.00000000e+00    0.00000000e+00    9.01532296e-01    9.01532296e-01    0.00000000e+00    0.00000000e+00   -9.00374218e-01   -9.00374218e-01   -9.01436017e-04   -9.01436017e-04    0.00000000e+00    0.00000000e+00    9.01436017e-04    9.01436017e-04    3.14159265e+00    3.14159265e+00   -6.09013019e+01   -6.09013019e+01
285      5.56403411e-05    8.73867983e-01    8.73867983e-01    0.00000000e+00    0.00000000e+00    8.73867983e-01    8.73867983e-01    0.00000000e+00    0.00000000e+00   -1.17108344e+00   -1.17108344e+00   -8.73771810e-04   -8.73771810e-04    0.00000000e+00    0.00000000e+00    8.73771810e-04    8.73771810e-04    3.14159265e+00    3.14159265e+00   -6.11720394e+01   -6.11720394e+01
286      5.59279913e-05    8.46235456e-01    8.46235456e-01    0.00000000e+00    0.00000000e+00    8.46235456e-01    8.46235456e-01    0.00000000e+00    0.00000000e+00   -1.45017565e+00   -1.45017565e+00   -8.46139393e-04   -8.46139393e-04    0.00000000e+00    0.00000000e+00    8.46139393e-04    8.46139393e-04    3.14159265e+00    3.14159265e+00   -6.14511617e+01   -6.14511617e+01
287      5.61868766e-05    8.21394784e-01    8.21394784e-01    0.00000000e+00    0.00000000e+00    8.21394784e-01    8.21394784e-01    0.00000000e+00    0.00000000e+00   -1.70896118e+00   -1.70896118e+00   -8.21298832e-04   -8.21298832e-04    0.00000000e+00    0.00000000e+00    8.21298832e-04    8.21298832e-04    3.14159265e+00    3.14159265e+00   -6.17099759e+01   -6.17099759e+01
288      5.64457618e-05    7.96582602e-01    7.96582602e-01    0.00000000e+00    0.00000000e+00    7.96582602e-01    7.96582602e-01    0.00000000e+00    0.00000000e+00   -1.97538366e+00   -1.97538366e+00   -7.96486760e-04   -7.96486760e-04    0.00000000e+00    0.00000000e+00    7.96486760e-04    7.96486760e-04    3.14159265e+00    3.14159265e+00   -6.19764288e+01   -6.19764288e+01
289      5.67046470e-05    7.71800406e-01    7.71800406e-01    0.00000000e+00    0.00000000e+00    7.71800406e-01    7.71800406e-01    0.00000000e+00    0.00000000e+00   -2.24989995e+00   -2.24989995e+00   -7.71704679e-04   -7.71704679e-04    0.00000000e+00    0.00000000e+00    7.71704679e-04    7.71704679e-04    3.14159265e+00    3.14159265e+00   -6.22509773e+01   -6.22509773e+01
290      5.69376437e-05    7.49523451e-01    7.49523451e-01    0.00000000e+00    0.00000000e+00    7.49523451e-01    7.49523451e-01    0.00000000e+00    0.00000000e+00   -2.50429549e+00   -2.50429549e+00   -7.49427841e-04   -7.49427841e-04    0.00000000e+00    0.00000000e+00    7.49427841e-04    7.49427841e-04    3.14159265e+00    3.14159265e+00   -6.25054035e+01   -6.25054035e+01
291      5.71706403e-05    7.27273404e-01    7.27273404e-01    0.00000000e+00    0.00000000e+00    7.27273404e-01    7.27273404e-01    0.00000000e+00    0.00000000e+00   -2.76604588e+00   -2.76604588e+00   -7.27177909e-04   -7.27177909e-04    0.00000000e+00    0.00000000e+00    7.27177909e-04    7.27177909e-04    3.14159265e+00    3.14159265e+00   -6.27671865e+01   -6.27671865e+01
292      5.74036370e-05    7.05051668e-01    7.05051668e-01    0.00000000e+00    0.00000000e+00    7.05051668e-01    7.05051668e-01    0.00000000e+00    0.00000000e+00   -3.03558111e+00   -3.03558111e+00   -7.04956294e-04   -7.04956294e-04    0.00000000e+00    0.00000000e+00    7.04956294e-04    7.04956294e-04    3.14159265e+00    3.14159265e+00   -6.30367561e+01   -6.30367561e+01
293      5.76133340e-05    6.85077608e-01    6.85077608e-01    0.00000000e+00    0.00000000e+00    6.85077608e-01    6.85077608e-01    0.00000000e+00    0.00000000e+00   -3.28520454e+00   -3.28520454e+00   -6.84982356e-04   -6.84982356e-04    0.00000000e+00    0.00000000e+00    6.84982356e-04    6.84982356e-04    3.14159265e+00    3.14159265e+00   -6.32864123e+01   -6.32864123e+01
294      5.78230311e-05    6.65128911e-01    6.65128911e-01    0.00000000e+00    0.00000000e+00    6.65128911e-01    6.65128911e-01    0.00000000e+00    0.00000000e+00   -3.54188349e+00   -3.54188349e+00   -6.65033780e-04   -6.65033780e-04    0.00000000e+00    0.00000000e+00    6.65033780e-04    6.65033780e-04    3.14159265e+00    3.14159265e+00   -6.35431259e+01   -6.35431259e+01
295      5.80327281e-05    6.45206867e-01    6.45206867e-01    0.00000000e+00    0.00000000e+00    6.45206867e-01    6.45206867e-01    0.00000000e+00    0.00000000e+00   -3.80602037e+00   -3.80602037e+00   -6.45111864e-04   -6.45111864e-04    0.00000000e+00    0.00000000e+00    6.45111864e-04    6.45111864e-04    3.14159265e+00    3.14159265e+00   -6.38072994e+01   -6.38072994e+01
296      5.82214554e-05    6.27301011e-01    6.27301011e-01    0.00000000e+00    0.00000000e+00    6.27301011e-01    6.27301011e-01    0.00000000e+00    0.00000000e+00   -4.05048025e+00   -4.05048025e+00   -6.27206134e-04   -6.27206134e-04    0.00000000e+00    0.00000000e+00    6.27206134e-04    6.27206134e-04    3.14159265e+00    3.14159265e+00   -6.40517941e+01   -6.40517941e+01
297      5.84101827e-05    6.09418966e-01    6.09418966e-01    0.00000000e+00    0.00000000e+00    6.09418966e-01    6.09418966e-01    0.00000000e+00    0.00000000e+00   -4.30168068e+00   -4.30168068e+00   -6.09324215e-04   -6.09324215e-04    0.00000000e+00    0.00000000e+00    6.09324215e-04    6.09324215e-04    3.14159265e+00    3.14159265e+00   -6.43030312e+01   -6.43030312e+01
298      5.85989100e-05    5.91561908e-01    5.91561908e-01    0.00000000e+00    0.00000000e+00    5.91561908e-01    5.91561908e-01    0.00000000e+00    0.00000000e+00   -4.55999597e+00   -4.55999597e+00   -5.91467290e-04   -5.91467290e-04    0.00000000e+00    0.00000000e+00    5.91467290e-04    5.91467290e-04    3.14159265e+00    3.14159265e+00   -6.45613854e+01   -6.45613854e+01
299      5.87876373e-05    5.73731103e-01    5.73731103e-01    0.00000000e+00    0.00000000e+00    5.73731103e-01    5.73731103e-01    0.00000000e+00    0.00000000e+00   -4.82583211e+00   -4.82583211e+00   -5.73636624e-04   -5.73636624e-04    0.00000000e+00    0.00000000e+00    5.73636624e-04    5.73636624e-04    3.14159265e+00    3.14159265e+00   -6.48272626e+01   -6.48272626e+01
300      5.89574919e-05    5.57706994e-01    5.57706994e-01    0.00000000e+00    0.00000000e+00    5.57706994e-01    5.57706994e-01    0.00000000e+00    0.00000000e+00   -5.07187818e+00   -5.07187818e+00   -5.57612654e-04   -5.57612654e-04    0.00000000e+00    0.00000000e+00    5.57612654e-04    5.57612654e-04    3.14159265e+00    3.14159265e+00   -6.50733476e+01   -6.50733476e+01
301      5.91273465e-05    5.41706316e-01    5.41706316e-01    0.00000000e+00    0.00000000e+00    5.41706316e-01    5.41706316e-01    0.00000000e+00    0.00000000e+00   -5.32472201e+00   -5.32472201e+00   -5.41612114e-04   -5.41612114e-04    0.00000000e+00    0.00000000e+00    5.41612114e-04    5.41612114e-04    3.14159265e+00    3.14159265e+00   -6.53262326e+01   -6.53262326e+01
302      5.92972011e-05    5.25730214e-01    5.25730214e-01    0.00000000e+00    0.00000000e+00    5.25730214e-01    5.25730214e-01    0.00000000e+00    0.00000000e+00   -5.58474126e+00   -5.58474126e+00   -5.25636157e-04   -5.25636157e-04    0.00000000e+00    0.00000000e+00    5.25636157e-04    5.25636157e-04    3.14159265e+00    3.14159265e+00   -6.55862954e+01   -6.55862954e+01
303      5.94500702e-05    5.11373796e-01    5.11373796e-01    0.00000000e+00    0.00000000e+00    5.11373796e-01    5.11373796e-01    0.00000000e+00    0.00000000e+00   -5.82523060e+00   -5.82523060e+00   -5.11279883e-04   -5.11279883e-04    0.00000000e+00    0.00000000e+00    5.11279883e-04    5.11279883e-04    3.14159265e+00    3.14159265e+00   -6.58268259e+01   -6.58268259e+01
304      5.96029393e-05    4.97039237e-01    4.97039237e-01    0.00000000e+00    0.00000000e+00    4.97039237e-01    4.97039237e-01    0.00000000e+00    0.00000000e+00   -6.07218652e+00   -6.07218652e+00   -4.96945467e-04   -4.96945467e-04    0.00000000e+00    0.00000000e+00    4.96945467e-04    4.96945467e-04    3.14159265e+00    3.14159265e+00   -6.60738253e+01   -6.60738253e+01
305      5.97558085e-05    4.82727565e-01    4.82727565e-01    0.00000000e+00    0.00000000e+00    4.82727565e-01    4.82727565e-01    0.00000000e+00    0.00000000e+00   -6.32595801e+00   -6.32595801e+00   -4.82633945e-04   -4.82633945e-04    0.00000000e+00    0.00000000e+00    4.82633945e-04    4.82633945e-04    3.14159265e+00    3.14159265e+00   -6.63276427e+01   -6.63276427e+01
306      5.98933907e-05    4.69867585e-01    4.69867585e-01    0.00000000e+00    0.00000000e+00    4.69867585e-01    4.69867585e-01    0.00000000e+00    0.00000000e+00   -6.56049030e+00   -6.56049030e+00   -4.69774114e-04   -4.69774114e-04    0.00000000e+00    0.00000000e+00    4.69774114e-04    4.69774114e-04    3.14159265e+00    3.14159265e+00   -6.65622184e+01   -6.65622184e+01
307      6.00000000e-05    4.59916660e-01    4.59916660e-01    0.00000000e+00    0.00000000e+00    4.59916660e-01    4.59916660e-01    0.00000000e+00    0.00000000e+00   -6.74641716e+00   -6.74641716e+00   -4.59823320e-04   -4.59823320e-04    0.00000000e+00    0.00000000e+00    4.59823320e-04    4.59823320e-04    3.14159265e+00    3.14159265e+00   -6.67481801e+01   -6.67481801e+01
308      6.00067815e-05    4.59961695e-01    4.59961695e-01    0.00000000e+00    0.00000000e+00    4.59961695e-01    4.59961695e-01    0.00000000e+00    0.00000000e+00   -6.74556669e+00   -6.74556669e+00   -4.59968335e-04   -4.59968335e-04    0.00000000e+00    0.00000000e+00    4.59968335e-04    4.59968335e-04    3.14159265e+00    3.14159265e+00   -6.67454413e+01   -6.67454413e+01
309      6.00126140e-05    4.60000203e-01    4.60000203e-01    0.00000000e+00    0.00000000e+00    4.60000203e-01    4.60000203e-01    0.00000000e+00    0.00000000e+00   -6.74483953e+00   -6.74483953e+00   -4.60006805e-04   -4.60006805e-04    0.00000000e+00    0.00000000e+00    4.60006805e-04    4.60006805e-04    3.14159265e+00    3.14159265e+00   -6.67447149e+01   -6.67447149e+01
310      6.00242789e-05    4.60076160e-01    4.60076160e-01    0.00000000e+00    0.00000000e+00    4.60076160e-01    4.60076160e-01    0.00000000e+00    0.00000000e+00   -6.74340540e+00   -6.74340540e+00   -4.60082672e-04   -4.60082672e-04    0.00000000e+00    0.00000000e+00    4.60082672e-04    4.60082672e-04    3.14159265e+00    3.14159265e+00   -6.67432825e+01   -6.67432825e+01
311      6.00476087e-05    4.60223947e-01    4.60223947e-01    0.00000000e+00    0.00000000e+00    4.60223947e-01    4.60223947e-01    0.00000000e+00    0.00000000e+00   -6.74061574e+00   -6.74061574e+00   -4.60230282e-04   -4.60230282e-04    0.00000000e+00    0.00000000e+00    4.60230282e-04    4.60230282e-04    3.14159265e+00    3.14159265e+00   -6.67404962e+01   -6.67404962e+01
312      6.00709385e-05    4.60367845e-01    4.60367845e-01    0.00000000e+00    0.00000000e+00    4.60367845e-01    4.60367845e-01    0.00000000e+00    0.00000000e+00   -6.73790036e+00   -6.73790036e+00   -4.60374013e-04   -4.60374013e-04    0.00000000e+00    0.00000000e+00    4.60374013e-04    4.60374013e-04    3.14159265e+00    3.14159265e+00   -6.67377840e+01   -6.67377840e+01
313      6.01175981e-05    4.60640341e-01    4.60640341e-01    0.00000000e+00    0.00000000e+00    4.60640341e-01    4.60640341e-01    0.00000000e+00    0.00000000e+00   -6.73276063e+00   -6.73276063e+00   -4.60646181e-04   -4.60646181e-04    0.00000000e+00    0.00000000e+00    4.60646181e-04    4.60646181e-04    3.14159265e+00    3.14159265e+00   -6.67326505e+01   -6.67326505e+01
314      6.01642577e-05    4.60898729e-01    4.60898729e-01    0.00000000e+00    0.00000000e+00    4.60898729e-01    4.60898729e-01    0.00000000e+00    0.00000000e+00   -6.72788979e+00   -6.72788979e+00   -4.60904267e-04   -4.60904267e-04    0.00000000e+00    0.00000000e+00    4.60904267e-04    4.60904267e-04    3.14159265e+00    3.14159265e+00   -6.67277854e+01   -6.67277854e+01
315      6.02109173e-05    4.61143647e-01    4.61143647e-01    0.00000000e+00    0.00000000e+00    4.61143647e-01    4.61143647e-01    0.00000000e+00    0.00000000e+00   -6.72327539e+00   -6.72327539e+00   -4.61148897e-04   -4.61148897e-04    0.00000000e+00    0.00000000e+00    4.61148897e-04    4.61148897e-04    3.14159265e+00    3.14159265e+00   -6.67231765e+01   -6.67231765e+01
316      6.02575769e-05    4.61375714e-01    4.61375714e-01    0.00000000e+00    0.00000000e+00    4.61375714e-01    4.61375714e-01    0.00000000e+00    0.00000000e+00   -6.71890539e+00   -6.71890539e+00   -4.61380688e-04   -4.61380688e-04    0.00000000e+00    0.00000000e+00    4.61380688e-04    4.61380688e-04    3.14159265e+00    3.14159265e+00   -6.67188118e+01   -6.67188118e+01
317      6.03042366e-05    4.61595527e-01    4.61595527e-01    0.00000000e+00    0.00000000e+00    4.61595527e-01    4.61595527e-01    0.00000000e+00    0.00000000e+00   -6.71476816e+00   -6.71476816e+00   -4.61600238e-04   -4.61600238e-04    0.00000000e+00    0.00000000e+00    4.61600238e-04    4.61600238e-04    3.14159265e+00    3.14159265e+00   -6.67146795e+01   -6.67146795e+01
318      6.03508962e-05    4.61803666e-01    4.61803666e-01    0.00000000e+00    0.00000000e+00    4.61803666e-01    4.61803666e-01    0.00000000e+00    0.00000000e+00   -6.71085248e+00   -6.71085248e+00   -4.61808127e-04   -4.61808127e-04    0.00000000e+00    0.00000000e+00    4.61808127e-04    4.61808127e-04    3.14159265e+00    3.14159265e+00   -6.67107686e+01   -6.67107686e+01
319      6.03975558e-05    4.62000688e-01    4.62000688e-01    0.00000000e+00    0.00000000e+00    4.62000688e-01    4.62000688e-01    0.00000000e+00    0.00000000e+00   -6.70714756e+00   -6.70714756e+00   -4.62004910e-04   -4.62004910e-04    0.00000000e+00    0.00000000e+00    4.62004910e-04    4.62004910e-04    3.14159265e+00    3.14159265e+00   -6.67070682e+01   -6.67070682e+01
320      6.04442154e-05    4.62187131e-01    4.62187131e-01    0.00000000e+00    0.00000000e+00    4.62187131e-01    4.62187131e-01    0.00000000e+00    0.00000000e+00   -6.70364302e+00   -6.70364302e+00   -4.62191127e-04   -4.62191127e-04    0.00000000e+00    0.00000000e+00    4.62191127e-04    4.62191127e-04    3.14159265e+00    3.14159265e+00   -6.67035679e+01   -6.67035679e+01
321      6.04908750e-05    4.62363514e-01    4.62363514e-01    0.00000000e+00    0.00000000e+00    4.62363514e-01    4.62363514e-01    0.00000000e+00    0.00000000e+00   -6.70032888e+00   -6.70032888e+00   -4.62367294e-04   -4.62367294e-04    0.00000000e+00    0.00000000e+00    4.62367294e-04    4.62367294e-04    3.14159265e+00    3.14159265e+00   -6.67002579e+01   -6.67002579e+01
322      6.05375346e-05    4.62530334e-01    4.62530334e-01    0.00000000e+00    0.00000000e+00    4.62530334e-01    4.62530334e-01    0.00000000e+00    0.00000000e+00   -6.69719559e+00   -6.69719559e+00   -4.62533910e-04   -4.62533910e-04    0.00000000e+00    0.00000000e+00    4.62533910e-04    4.62533910e-04    3.14159265e+00    3.14159265e+00   -6.66971284e+01   -6.66971284e+01
323      6.05841943e-05    4.62688070e-01    4.62688070e-01    0.00000000e+00    0.00000000e+00    4.62688070e-01    4.62688070e-01    0.00000000e+00    0.00000000e+00   -6.69423397e+00   -6.69423397e+00   -4.62691451e-04   -4.62691451e-04    0.00000000e+00    0.00000000e+00    4.62691451e-04    4.62691451e-04    3.14159265e+00    3.14159265e+00   -6.66941705e+01   -6.66941705e+01
324      6.06308539e-05    4.62837179e-01    4.62837179e-01    0.00000000e+00    0.00000000e+00    4.62837179e-01    4.62837179e-01    0.00000000e+00    0.00000000e+00   -6.69143524e+00   -6.69143524e+00   -4.62840375e-04   -4.62840375e-04    0.00000000e+00    0.00000000e+00    4.62840375e-04    4.62840375e-04    3.14159265e+00    3.14159265e+00   -6.66913753e+01   -6.66913753e+01
325      6.06775135e-05    4.62978102e-01    4.62978102e-01    0.00000000e+00    0.00000000e+00    4.62978102e-01    4.62978102e-01    0.00000000e+00    0.00000000e+00   -6.68879100e+00   -6.68879100e+00   -4.62981122e-04   -4.62981122e-04    0.00000000e+00    0.00000000e+00    4.62981122e-04    4.62981122e-04    3.14159265e+00    3.14159265e+00   -6.66887343e+01   -6.66887343e+01
326      6.07241731e-05    4.63111257e-01    4.63111257e-01    0.00000000e+00    0.00000000e+00    4.63111257e-01    4.63111257e-01    0.00000000e+00    0.00000000e+00   -6.68629324e+00   -6.68629324e+00   -4.63114111e-04   -4.63114111e-04    0.00000000e+00    0.00000000e+00    4.63114111e-04    4.63114111e-04    3.14159265e+00    3.14159265e+00   -6.66862397e+01   -6.66862397e+01
327      6.07708327e-05    4.63237048e-01    4.63237048e-01    0.00000000e+00    0.00000000e+00    4.63237048e-01    4.63237048e-01    0.00000000e+00    0.00000000e+00   -6.68393429e+00   -6.68393429e+00   -4.63239744e-04   -4.63239744e-04    0.00000000e+00    0.00000000e+00    4.63239744e-04    4.63239744e-04    3.14159265e+00    3.14159265e+00   -6.66838837e+01   -6.66838837e+01
328      6.08174924e-05    4.63355858e-01    4.63355858e-01    0.00000000e+00    0.00000000e+00    4.63355858e-01    4.63355858e-01    0.00000000e+00    0.00000000e+00   -6.68170684e+00   -6.68170684e+00   -4.63358405e-04   -4.63358405e-04    0.00000000e+00    0.00000000e+00    4.63358405e-04    4.63358405e-04    3.14159265e+00    3.14159265e+00   -6.66816591e+01   -6.66816591e+01
329      6.08641520e-05    4.63468054e-01    4.63468054e-01    0.00000000e+00    0.00000000e+00    4.63468054e-01    4.63468054e-01    0.00000000e+00    0.00000000e+00   -6.67960392e+00   -6.67960392e+00   -4.63470458e-04   -4.63470458e-04    0.00000000e+00    0.00000000e+00    4.63470458e-04    4.63470458e-04    3.14159265e+00    3.14159265e+00   -6.66795589e+01   -6.66795589e+01
330      6.09108116e-05    4.63573984e-01    4.63573984e-01    0.00000000e+00    0.00000000e+00    4.63573984e-01    4.63573984e-01    0.00000000e+00    0.00000000e+00   -6.67761889e+00   -6.67761889e+00   -4.63576255e-04   -4.63576255e-04    0.00000000e+00    0.00000000e+00    4.63576255e-04    4.63576255e-04    3.14159265e+00    3.14159265e+00   -6.66775764e+01   -6.66775764e+01
331      6.09574712e-05    4.63673983e-01    4.63673983e-01    0.00000000e+00    0.00000000e+00    4.63673983e-01    4.63673983e-01    0.00000000e+00    0.00000000e+00   -6.67574544e+00   -6.67574544e+00   -4.63676126e-04   -4.63676126e-04    0.00000000e+00    0.00000000e+00    4.63676126e-04    4.63676126e-04    3.14159265e+00    3.14159265e+00   -6.66757053e+01   -6.66757053e+01
332      6.10041308e-05    4.63768367e-01    4.63768367e-01    0.00000000e+00    0.00000000e+00    4.63768367e-01    4.63768367e-01    0.00000000e+00    0.00000000e+00   -6.67397754e+00   -6.67397754e+00   -4.63770390e-04   -4.63770390e-04    0.00000000e+00    0.00000000e+00    4.63770390e-04    4.63770390e-04    3.14159265e+00    3.14159265e+00   -6.66739397e+01   -6.66739397e+01
333      6.10507904e-05    4.63857438e-01    4.63857438e-01    0.00000000e+00    0.00000000e+00    4.63857438e-01    4.63857438e-01    0.00000000e+00    0.00000000e+00   -6.67230949e+00   -6.67230949e+00   -4.63859347e-04   -4.63859347e-04    0.00000000e+00    0.00000000e+00    4.63859347e-04    4.63859347e-04    3.14159265e+00    3.14159265e+00   -6.66722737e+01   -6.66722737e+01
334      6.11441097e-05    4.64016383e-01    4.64016383e-01    0.00000000e+00    0.00000000e+00    4.64016383e-01    4.64016383e-01    0.00000000e+00    0.00000000e+00   -6.66933370e+00   -6.66933370e+00   -4.64018087e-04   -4.64018087e-04    0.00000000e+00    0.00000000e+00    4.64018087e-04    4.64018087e-04    3.14159265e+00    3.14159265e+00   -6.66693018e+01   -6.66693018e+01
335      6.12280970e-05    4.64145514e-01    4.64145514e-01    0.00000000e+00    0.00000000e+00    4.64145514e-01    4.64145514e-01    0.00000000e+00    0.00000000e+00   -6.66691684e+00   -6.66691684e+00   -4.64147052e-04   -4.64147052e-04    0.00000000e+00    0.00000000e+00    4.64147052e-04    4.64147052e-04    3.14159265e+00    3.14159265e+00   -6.66668881e+01   -6.66668881e+01
336      6.13120843e-05    4.64262013e-01    4.64262013e-01    0.00000000e+00    0.00000000e+00    4.64262013e-01    4.64262013e-01    0.00000000e+00    0.00000000e+00   -6.66473700e+00   -6.66473700e+00   -4.64263400e-04   -4.64263400e-04    0.00000000e+00    0.00000000e+00    4.64263400e-04    4.64263400e-04    3.14159265e+00    3.14159265e+00   -6.66647110e+01   -6.66647110e+01
337      6.13960716e-05    4.64367080e-01    4.64367080e-01    0.00000000e+00    0.00000000e+00    4.64367080e-01    4.64367080e-01    0.00000000e+00    0.00000000e+00   -6.66277152e+00   -6.66277152e+00   -4.64368331e-04   -4.64368331e-04    0.00000000e+00    0.00000000e+00    4.64368331e-04    4.64368331e-04    3.14159265e+00    3.14159265e+00   -6.66627481e+01   -6.66627481e+01
338      6.14800589e-05    4.64461809e-01    4.64461809e-01    0.00000000e+00    0.00000000e+00    4.64461809e-01    4.64461809e-01    0.00000000e+00    0.00000000e+00   -6.66099982e+00   -6.66099982e+00   -4.64462937e-04   -4.64462937e-04    0.00000000e+00    0.00000000e+00    4.64462937e-04    4.64462937e-04    3.14159265e+00    3.14159265e+00   -6.66609787e+01   -6.66609787e+01
339      6.15640462e-05    4.64547194e-01    4.64547194e-01    0.00000000e+00    0.00000000e+00    4.64547194e-01    4.64547194e-01    0.00000000e+00    0.00000000e+00   -6.65940318e+00   -6.65940318e+00   -4.64548211e-04   -4.64548211e-04    0.00000000e+00    0.00000000e+00    4.64548211e-04    4.64548211e-04    3.14159265e+00    3.14159265e+00   -6.66593842e+01   -6.66593842e+01
340      6.16480335e-05    4.64624138e-01    4.64624138e-01    0.00000000e+00    0.00000000e+00    4.64624138e-01    4.64624138e-01    0.00000000e+00    0.00000000e+00   -6.65796463e+00   -6.65796463e+00   -4.64625054e-04   -4.64625054e-04    0.00000000e+00    0.00000000e+00    4.64625054e-04    4.64625054e-04    3.14159265e+00    3.14159265e+00   -6.66579475e+01   -6.66579475e+01
341      6.17320209e-05    4.64693461e-01    4.64693461e-01    0.00000000e+00    0.00000000e+00    4.64693461e-01    4.64693461e-01    0.00000000e+00    0.00000000e+00   -6.65666878e+00   -6.65666878e+00   -4.64694286e-04   -4.64694286e-04    0.00000000e+00    0.00000000e+00    4.64694286e-04    4.64694286e-04    3.14159265e+00    3.14159265e+00   -6.66566534e+01   -6.66566534e+01
342      6.18160082e-05    4.64755904e-01    4.64755904e-01    0.00000000e+00    0.00000000e+00    4.64755904e-01    4.64755904e-01    0.00000000e+00    0.00000000e+00   -6.65550169e+00   -6.65550169e+00   -4.64756647e-04   -4.64756647e-04    0.00000000e+00    0.00000000e+00    4.64756647e-04    4.64756647e-04    3.14159265e+00    3.14159265e+00   -6.66554878e+01   -6.66554878e+01
343      6.18999955e-05    4.64812140e-01    4.64812140e-01    0.00000000e+00    0.00000000e+00    4.64812140e-01    4.64812140e-01    0.00000000e+00    0.00000000e+00   -6.65445074e+00   -6.65445074e+00   -4.64812810e-04   -4.64812810e-04    0.00000000e+00    0.00000000e+00    4.64812810e-04    4.64812810e-04    3.14159265e+00    3.14159265e+00   -6.66544382e+01   -6.66544382e+01
344      6.19839828e-05    4.64862779e-01    4.64862779e-01    0.00000000e+00    0.00000000e+00    4.64862779e-01    4.64862779e-01    0.00000000e+00    0.00000000e+00   -6.65350451e+00   -6.65350451e+00   -4.64863382e-04   -4.64863382e-04    0.00000000e+00    0.00000000e+00    4.64863382e-04    4.64863382e-04    3.14159265e+00    3.14159265e+00   -6.66534932e+01   -6.66534932e+01
345      6.20679701e-05    4.64908371e-01    4.64908371e-01    0.00000000e+00    0.00000000e+00    4.64908371e-01    4.64908371e-01    0.00000000e+00    0.00000000e+00   -6.65265269e+00   -6.65265269e+00   -4.64908913e-04   -4.64908913e-04    0.00000000e+00    0.00000000e+00    4.64908913e-04    4.64908913e-04    3.14159265e+00    3.14159265e+00   -6.66526425e+01   -6.66526425e+01
346      6.22359447e-05    4.64982967e-01    4.64982967e-01    0.00000000e+00    0.00000000e+00    4.64982967e-01    4.64982967e-01    0.00000000e+00    0.00000000e+00   -6.65125912e+00   -6.65125912e+00   -4.64983411e-04   -4.64983411e-04    0.00000000e+00    0.00000000e+00    4.64983411e-04    4.64983411e-04    3.14159265e+00    3.14159265e+00   -6.66512508e+01   -6.66512508e+01
347      6.23871219e-05    4.65038926e-01    4.65038926e-01    0.00000000e+00    0.00000000e+00    4.65038926e-01    4.65038926e-01    0.00000000e+00    0.00000000e+00   -6.65021387e+00   -6.65021387e+00   -4.65039296e-04   -4.65039296e-04    0.00000000e+00    0.00000000e+00    4.65039296e-04    4.65039296e-04    3.14159265e+00    3.14159265e+00   -6.66502070e+01   -6.66502070e+01
348      6.25382990e-05    4.65085549e-01    4.65085549e-01    0.00000000e+00    0.00000000e+00    4.65085549e-01    4.65085549e-01    0.00000000e+00    0.00000000e+00   -6.64934309e+00   -6.64934309e+00   -4.65085858e-04   -4.65085858e-04    0.00000000e+00    0.00000000e+00    4.65085858e-04    4.65085858e-04    3.14159265e+00    3.14159265e+00   -6.66493373e+01   -6.66493373e+01
349      6.26894762e-05    4.65124386e-01    4.65124386e-01    0.00000000e+00    0.00000000e+00    4.65124386e-01    4.65124386e-01    0.00000000e+00    0.00000000e+00   -6.64861780e+00   -6.64861780e+00   -4.65124643e-04   -4.65124643e-04    0.00000000e+00    0.00000000e+00    4.65124643e-04    4.65124643e-04    3.14159265e+00    3.14159265e+00   -6.66486130e+01   -6.66486130e+01
350      6.28406534e-05    4.65156730e-01    4.65156730e-01    0.00000000e+00    0.00000000e+00    4.65156730e-01    4.65156730e-01    0.00000000e+00    0.00000000e+00   -6.64801382e+00   -6.64801382e+00   -4.65156944e-04   -4.65156944e-04    0.00000000e+00    0.00000000e+00    4.65156944e-04    4.65156944e-04    3.14159265e+00    3.14159265e+00   -6.66480098e+01   -6.66480098e+01
351      6.29918305e-05    4.65183663e-01    4.65183663e-01    0.00000000e+00    0.00000000e+00    4.65183663e-01    4.65183663e-01    0.00000000e+00    0.00000000e+00   -6.64751092e+00   -6.64751092e+00   -4.65183841e-04   -4.65183841e-04    0.00000000e+00    0.00000000e+00    4.65183841e-04    4.65183841e-04    3.14159265e+00    3.14159265e+00   -6.66475076e+01   -6.66475076e+01
352      6.32941848e-05    4.65222065e-01    4.65222065e-01    0.00000000e+00    0.00000000e+00    4.65222065e-01    4.65222065e-01    0.00000000e+00    0.00000000e+00   -6.64679390e+00   -6.64679390e+00   -4.65222192e-04   -4.65222192e-04    0.00000000e+00    0.00000000e+00    4.65222192e-04    4.65222192e-04    3.14159265e+00    3.14159265e+00   -6.66467915e+01   -6.66467915e+01
353      6.35965392e-05    4.65249447e-01    4.65249447e-01    0.00000000e+00    0.00000000e+00    4.65249447e-01    4.65249447e-01    0.00000000e+00    0.00000000e+00   -6.64628269e+00   -6.64628269e+00   -4.65249537e-04   -4.65249537e-04    0.00000000e+00    0.00000000e+00    4.65249537e-04    4.65249537e-04    3.14159265e+00    3.14159265e+00   -6.66462810e+01   -6.66462810e+01
354      6.38988935e-05    4.65268965e-01    4.65268965e-01    0.00000000e+00    0.00000000e+00    4.65268965e-01    4.65268965e-01    0.00000000e+00    0.00000000e+00   -6.64591831e+00   -6.64591831e+00   -4.65269029e-04   -4.65269029e-04    0.00000000e+00    0.00000000e+00    4.65269029e-04    4.65269029e-04    3.14159265e+00    3.14159265e+00   -6.66459171e+01   -6.66459171e+01
355      6.42012478e-05    4.65282875e-01    4.65282875e-01    0.00000000e+00    0.00000000e+00    4.65282875e-01    4.65282875e-01    0.00000000e+00    0.00000000e+00   -6.64565864e+00   -6.64565864e+00   -4.65282921e-04   -4.65282921e-04    0.00000000e+00    0.00000000e+00    4.65282921e-04    4.65282921e-04    3.14159265e+00    3.14159265e+00   -6.66456578e+01   -6.66456578e+01
356      6.45036021e-05    4.65292787e-01    4.65292787e-01    0.00000000e+00    0.00000000e+00    4.65292787e-01    4.65292787e-01    0.00000000e+00    0.00000000e+00   -6.64547360e+00   -6.64547360e+00   -4.65292820e-04   -4.65292820e-04    0.00000000e+00    0.00000000e+00    4.65292820e-04    4.65292820e-04    3.14159265e+00    3.14159265e+00   -6.66454730e+01   -6.66454730e+01
357      6.51083108e-05    4.65303756e-01    4.65303756e-01    0.00000000e+00    0.00000000e+00    4.65303756e-01    4.65303756e-01    0.00000000e+00    0.00000000e+00   -6.64526883e+00   -6.64526883e+00   -4.65303774e-04   -4.65303774e-04    0.00000000e+00    0.00000000e+00    4.65303774e-04    4.65303774e-04    3.14159265e+00    3.14159265e+00   -6.66452685e+01   -6.66452685e+01
358      6.57130194e-05    4.65309827e-01    4.65309827e-01    0.00000000e+00    0.00000000e+00    4.65309827e-01    4.65309827e-01    0.00000000e+00    0.00000000e+00   -6.64515552e+00   -6.64515552e+00   -4.65309837e-04   -4.65309837e-04    0.00000000e+00    0.00000000e+00    4.65309837e-04    4.65309837e-04    3.14159265e+00    3.14159265e+00   -6.66451553e+01   -6.66451553e+01
359      6.69224367e-05    4.65314469e-01    4.65314469e-01    0.00000000e+00    0.00000000e+00    4.65314469e-01    4.65314469e-01    0.00000000e+00    0.00000000e+00   -6.64506885e+00   -6.64506885e+00   -4.65314473e-04   -4.65314473e-04    0.00000000e+00    0.00000000e+00    4.65314473e-04    4.65314473e-04    3.14159265e+00    3.14159265e+00   -6.66450688e+01   -6.66450688e+01
360      6.81318540e-05    4.65316245e-01    4.65316245e-01    0.00000000e+00    0.00000000e+00    4.65316245e-01    4.65316245e-01    0.00000000e+00    0.00000000e+00   -6.64503570e+00   -6.64503570e+00   -4.65316246e-04   -4.65316246e-04    0.00000000e+00    0.00000000e+00    4.65316246e-04    4.65316246e-04    3.14159265e+00    3.14159265e+00   -6.66450357e+01   -6.66450357e+01
361      7.05506885e-05    4.65317085e-01    4.65317085e-01    0.00000000e+00    0.00000000e+00    4.65317085e-01    4.65317085e-01    0.00000000e+00    0.00000000e+00   -6.64502003e+00   -6.64502003e+00   -4.65317085e-04   -4.65317085e-04    0.00000000e+00    0.00000000e+00    4.65317085e-04    4.65317085e-04    3.14159265e+00    3.14159265e+00   -6.66450200e+01   -6.66450200e+01
362      7.53883576e-05    4.65317310e-01    4.65317310e-01    0.00000000e+00    0.00000000e+00    4.65317310e-01    4.65317310e-01    0.00000000e+00    0.00000000e+00   -6.64501583e+00   -6.64501583e+00   -4.65317310e-04   -4.65317310e-04    0.00000000e+00    0.00000000e+00    4.65317310e-04    4.65317310e-04    3.14159265e+00    3.14159265e+00   -6.66450158e+01   -6.66450158e+01
363      8.50636959e-05    4.65317342e-01    4.65317342e-01    0.00000000e+00    0.00000000e+00    4.65317342e-01    4.65317342e-01    0.00000000e+00    0.00000000e+00   -6.64501522e+00   -6.64501522e+00   -4.65317342e-04   -4.65317342e-04    0.00000000e+00    0.00000000e+00    4.65317342e-04    4.65317342e-04    3.14159265e+00    3.14159265e+00   -6.66450152e+01   -6.66450152e+01
364      9.50636959e-05    4.65317344e-01    4.65317344e-01    0.00000000e+00    0.00000000e+00    4.65317344e-01    4.65317344e-01    0.00000000e+00    0.00000000e+00   -6.64501518e+00   -6.64501518e+00   -4.65317344e-04   -4.65317344e-04    0.00000000e+00    0.00000000e+00    4.65317344e-04    4.65317344e-04    3.14159265e+00    3.14159265e+00   -6.66450152e+01   -6.66450152e+01
365      1.00000000e-04    4.65317345e-01    4.65317345e-01    0.00000000e+00    0.00000000e+00    4.65317345e-01    4.65317345e-01    0.00000000e+00    0.00000000e+00   -6.64501518e+00   -6.64501518e+00   -4.65317345e-04   -4.65317345e-04    0.00000000e+00    0.00000000e+00    4.65317345e-04    4.65317345e-04    3.14159265e+00    3.14159265e+00   -6.66450152e+01   -6.66450152e+01
End of Xyce(TM) Simulation
